0 65.535000E+3 65.535000E+3 6.000000E+0 0.000000E+0
1 65.535000E+3 0.000000E+0 5.000000E+0 0.000000E+0
2 65.535000E+3 0.000000E+0 6.000000E+0 0.000000E+0
3 65.528000E+3 17.000000E+0 18.000000E+0 65.517000E+3
4 3.000000E+0 65.533000E+3 6.000000E+0 13.000000E+0
5 0.000000E+0 14.000000E+0 13.000000E+0 65.535000E+3
6 12.000000E+0 65.511000E+3 13.000000E+0 21.000000E+0
7 5.000000E+0 65.528000E+3 18.000000E+0 1.000000E+0
8 13.000000E+0 65.499000E+3 7.000000E+0 23.000000E+0
9 7.000000E+0 65.520000E+3 12.000000E+0 65.533000E+3
10 13.000000E+0 65.483000E+3 6.000000E+0 18.000000E+0
11 5.000000E+0 65.520000E+3 5.000000E+0 65.534000E+3
12 11.000000E+0 65.468000E+3 3.000000E+0 16.000000E+0
13 7.000000E+0 65.502000E+3 5.000000E+0 65.532000E+3
14 14.000000E+0 65.453000E+3 8.000000E+0 13.000000E+0
15 9.000000E+0 65.496000E+3 5.000000E+0 65.534000E+3
16 15.000000E+0 65.440000E+3 9.000000E+0 11.000000E+0
17 12.000000E+0 65.491000E+3 8.000000E+0 65.535000E+3
18 16.000000E+0 65.439000E+3 6.000000E+0 20.000000E+0
19 10.000000E+0 65.496000E+3 5.000000E+0 65.533000E+3
20 15.000000E+0 65.450000E+3 0.000000E+0 31.000000E+0
21 9.000000E+0 65.497000E+3 2.000000E+0 5.000000E+0
22 10.000000E+0 65.445000E+3 0.000000E+0 38.000000E+0
23 9.000000E+0 65.505000E+3 0.000000E+0 9.000000E+0
24 10.000000E+0 65.447000E+3 0.000000E+0 41.000000E+0
25 8.000000E+0 65.502000E+3 0.000000E+0 14.000000E+0
26 9.000000E+0 65.444000E+3 0.000000E+0 45.000000E+0
27 8.000000E+0 65.502000E+3 0.000000E+0 19.000000E+0
28 7.000000E+0 65.446000E+3 2.000000E+0 56.000000E+0
29 8.000000E+0 65.503000E+3 1.000000E+0 26.000000E+0
30 3.000000E+0 65.457000E+3 1.000000E+0 73.000000E+0
31 2.000000E+0 65.503000E+3 1.000000E+0 27.000000E+0
32 1.000000E+0 65.460000E+3 4.000000E+0 73.000000E+0
33 0.000000E+0 65.499000E+3 3.000000E+0 31.000000E+0
34 0.000000E+0 65.460000E+3 5.000000E+0 77.000000E+0
35 0.000000E+0 65.497000E+3 7.000000E+0 30.000000E+0
36 0.000000E+0 65.462000E+3 12.000000E+0 76.000000E+0
37 0.000000E+0 65.500000E+3 11.000000E+0 36.000000E+0
38 0.000000E+0 65.466000E+3 17.000000E+0 73.000000E+0
39 0.000000E+0 65.497000E+3 14.000000E+0 42.000000E+0
40 65.535000E+3 65.469000E+3 18.000000E+0 71.000000E+0
41 65.535000E+3 65.493000E+3 18.000000E+0 43.000000E+0
42 65.534000E+3 65.470000E+3 21.000000E+0 63.000000E+0
43 65.535000E+3 65.489000E+3 23.000000E+0 46.000000E+0
44 65.534000E+3 65.471000E+3 26.000000E+0 58.000000E+0
45 65.534000E+3 65.485000E+3 29.000000E+0 41.000000E+0
46 65.534000E+3 65.466000E+3 29.000000E+0 55.000000E+0
47 65.531000E+3 65.487000E+3 32.000000E+0 45.000000E+0
48 65.534000E+3 65.474000E+3 30.000000E+0 54.000000E+0
49 65.534000E+3 65.487000E+3 31.000000E+0 46.000000E+0
50 65.531000E+3 65.481000E+3 29.000000E+0 57.000000E+0
51 65.534000E+3 65.486000E+3 28.000000E+0 47.000000E+0
52 65.531000E+3 65.485000E+3 31.000000E+0 47.000000E+0
53 65.531000E+3 65.488000E+3 28.000000E+0 47.000000E+0
54 65.532000E+3 65.488000E+3 29.000000E+0 48.000000E+0
55 65.531000E+3 65.488000E+3 29.000000E+0 46.000000E+0
56 65.533000E+3 65.488000E+3 29.000000E+0 47.000000E+0
57 65.534000E+3 65.489000E+3 23.000000E+0 46.000000E+0
58 65.535000E+3 65.489000E+3 22.000000E+0 46.000000E+0
59 0.000000E+0 65.489000E+3 18.000000E+0 46.000000E+0
60 0.000000E+0 65.490000E+3 17.000000E+0 48.000000E+0
61 0.000000E+0 65.490000E+3 16.000000E+0 48.000000E+0
62 0.000000E+0 65.490000E+3 13.000000E+0 54.000000E+0
63 0.000000E+0 65.489000E+3 12.000000E+0 54.000000E+0
64 0.000000E+0 65.489000E+3 11.000000E+0 52.000000E+0
65 0.000000E+0 65.489000E+3 13.000000E+0 47.000000E+0
66 0.000000E+0 65.486000E+3 12.000000E+0 44.000000E+0
67 0.000000E+0 65.476000E+3 17.000000E+0 27.000000E+0
68 1.000000E+0 65.465000E+3 17.000000E+0 22.000000E+0
69 6.000000E+0 65.463000E+3 27.000000E+0 2.000000E+0
70 8.000000E+0 65.450000E+3 29.000000E+0 2.000000E+0
71 9.000000E+0 65.443000E+3 44.000000E+0 65.516000E+3
72 14.000000E+0 65.435000E+3 43.000000E+0 65.534000E+3
73 16.000000E+0 65.439000E+3 53.000000E+0 65.527000E+3
74 15.000000E+0 65.442000E+3 43.000000E+0 0.000000E+0
75 16.000000E+0 65.443000E+3 42.000000E+0 65.524000E+3
76 15.000000E+0 65.442000E+3 31.000000E+0 65.532000E+3
77 19.000000E+0 65.443000E+3 40.000000E+0 65.513000E+3
78 22.000000E+0 65.442000E+3 35.000000E+0 65.531000E+3
79 23.000000E+0 65.442000E+3 41.000000E+0 65.525000E+3
80 23.000000E+0 65.442000E+3 36.000000E+0 65.534000E+3
81 26.000000E+0 65.442000E+3 35.000000E+0 65.527000E+3
82 27.000000E+0 65.443000E+3 35.000000E+0 65.522000E+3
83 30.000000E+0 65.442000E+3 36.000000E+0 65.532000E+3
84 28.000000E+0 65.441000E+3 33.000000E+0 65.529000E+3
85 31.000000E+0 65.442000E+3 30.000000E+0 0.000000E+0
86 33.000000E+0 65.441000E+3 36.000000E+0 65.523000E+3
87 36.000000E+0 65.442000E+3 37.000000E+0 0.000000E+0
88 42.000000E+0 65.442000E+3 48.000000E+0 65.518000E+3
89 41.000000E+0 65.438000E+3 46.000000E+0 65.535000E+3
90 43.000000E+0 65.437000E+3 51.000000E+0 65.514000E+3
91 40.000000E+0 65.438000E+3 32.000000E+0 65.534000E+3
92 43.000000E+0 65.439000E+3 32.000000E+0 65.513000E+3
93 46.000000E+0 65.434000E+3 13.000000E+0 65.535000E+3
94 38.000000E+0 65.434000E+3 9.000000E+0 29.000000E+0
95 43.000000E+0 65.434000E+3 11.000000E+0 48.000000E+0
96 48.000000E+0 65.432000E+3 13.000000E+0 5.000000E+0
97 61.000000E+0 65.421000E+3 18.000000E+0 65.534000E+3
98 53.000000E+0 65.420000E+3 16.000000E+0 65.524000E+3
99 59.000000E+0 65.399000E+3 14.000000E+0 65.524000E+3
100 48.000000E+0 65.399000E+3 16.000000E+0 65.528000E+3
101 52.000000E+0 65.369000E+3 12.000000E+0 65.523000E+3
102 52.000000E+0 65.367000E+3 15.000000E+0 65.532000E+3
103 67.000000E+0 65.338000E+3 12.000000E+0 65.521000E+3
104 65.000000E+0 65.355000E+3 16.000000E+0 65.533000E+3
105 74.000000E+0 65.352000E+3 12.000000E+0 65.525000E+3
106 68.000000E+0 65.384000E+3 18.000000E+0 65.534000E+3
107 61.000000E+0 65.411000E+3 15.000000E+0 65.530000E+3
108 60.000000E+0 65.407000E+3 17.000000E+0 65.535000E+3
109 50.000000E+0 65.465000E+3 12.000000E+0 65.532000E+3
110 45.000000E+0 65.452000E+3 17.000000E+0 65.529000E+3
111 16.000000E+0 65.487000E+3 10.000000E+0 65.532000E+3
112 4.000000E+0 65.447000E+3 7.000000E+0 43.000000E+0
113 65.525000E+3 65.508000E+3 65.531000E+3 92.000000E+0
114 0.000000E+0 65.525000E+3 0.000000E+0 134.000000E+0
115 65.524000E+3 28.000000E+0 65.535000E+3 156.000000E+0
116 65.509000E+3 65.528000E+3 65.525000E+3 156.000000E+0
117 65.487000E+3 18.000000E+0 65.507000E+3 133.000000E+0
118 65.499000E+3 65.517000E+3 65.526000E+3 133.000000E+0
119 65.500000E+3 65.531000E+3 1.000000E+0 131.000000E+0
120 65.525000E+3 2.000000E+0 7.000000E+0 132.000000E+0
121 0.000000E+0 21.000000E+0 8.000000E+0 130.000000E+0
122 13.000000E+0 16.000000E+0 31.000000E+0 130.000000E+0
123 9.000000E+0 24.000000E+0 28.000000E+0 130.000000E+0
124 17.000000E+0 28.000000E+0 32.000000E+0 130.000000E+0
125 6.000000E+0 7.000000E+0 34.000000E+0 130.000000E+0
126 13.000000E+0 16.000000E+0 34.000000E+0 130.000000E+0
127 1.000000E+0 5.000000E+0 28.000000E+0 133.000000E+0
128 3.000000E+0 19.000000E+0 31.000000E+0 133.000000E+0
129 65.533000E+3 5.000000E+0 29.000000E+0 133.000000E+0
130 65.519000E+3 27.000000E+0 20.000000E+0 133.000000E+0
131 65.506000E+3 1.000000E+0 17.000000E+0 133.000000E+0
132 65.500000E+3 29.000000E+0 15.000000E+0 133.000000E+0
133 65.503000E+3 4.000000E+0 7.000000E+0 137.000000E+0
134 65.510000E+3 65.524000E+3 29.000000E+0 137.000000E+0
135 65.515000E+3 65.474000E+3 13.000000E+0 144.000000E+0
136 65.514000E+3 65.409000E+3 8.000000E+0 128.000000E+0
137 65.512000E+3 65.352000E+3 8.000000E+0 138.000000E+0
138 65.509000E+3 65.356000E+3 6.000000E+0 113.000000E+0
139 65.509000E+3 65.344000E+3 0.000000E+0 113.000000E+0
140 65.504000E+3 65.369000E+3 2.000000E+0 100.000000E+0
141 65.505000E+3 65.389000E+3 65.528000E+3 126.000000E+0
142 65.501000E+3 65.396000E+3 0.000000E+0 128.000000E+0
143 65.501000E+3 65.451000E+3 65.514000E+3 150.000000E+0
144 65.495000E+3 65.469000E+3 65.510000E+3 154.000000E+0
145 65.501000E+3 65.509000E+3 65.492000E+3 165.000000E+0
146 65.498000E+3 65.523000E+3 65.493000E+3 163.000000E+0
147 65.510000E+3 0.000000E+0 65.495000E+3 148.000000E+0
148 65.512000E+3 0.000000E+0 65.506000E+3 155.000000E+0
149 65.524000E+3 0.000000E+0 65.512000E+3 87.000000E+0
150 65.527000E+3 0.000000E+0 65.513000E+3 87.000000E+0
151 0.000000E+0 65.532000E+3 0.000000E+0 46.000000E+0
152 65.535000E+3 65.480000E+3 0.000000E+0 56.000000E+0
153 0.000000E+0 65.465000E+3 11.000000E+0 18.000000E+0
154 0.000000E+0 65.418000E+3 14.000000E+0 19.000000E+0
155 11.000000E+0 65.399000E+3 36.000000E+0 65.532000E+3
156 31.000000E+0 65.384000E+3 39.000000E+0 8.000000E+0
157 43.000000E+0 65.394000E+3 62.000000E+0 65.531000E+3
158 36.000000E+0 65.407000E+3 35.000000E+0 9.000000E+0
159 20.000000E+0 65.407000E+3 36.000000E+0 65.517000E+3
160 9.000000E+0 65.407000E+3 17.000000E+0 65.534000E+3
161 6.000000E+0 65.408000E+3 20.000000E+0 65.523000E+3
162 0.000000E+0 65.406000E+3 6.000000E+0 65.528000E+3
163 1.000000E+0 65.407000E+3 3.000000E+0 65.518000E+3
164 2.000000E+0 65.407000E+3 0.000000E+0 65.513000E+3
165 18.000000E+0 65.407000E+3 19.000000E+0 65.532000E+3
166 27.000000E+0 65.407000E+3 18.000000E+0 65.526000E+3
167 31.000000E+0 65.408000E+3 34.000000E+0 2.000000E+0
168 38.000000E+0 65.408000E+3 27.000000E+0 65.512000E+3
169 36.000000E+0 65.408000E+3 32.000000E+0 65.535000E+3
170 50.000000E+0 65.408000E+3 38.000000E+0 65.516000E+3
171 53.000000E+0 65.405000E+3 36.000000E+0 65.532000E+3
172 48.000000E+0 65.404000E+3 41.000000E+0 65.511000E+3
173 45.000000E+0 65.401000E+3 26.000000E+0 48.000000E+0
174 41.000000E+0 65.441000E+3 39.000000E+0 108.000000E+0
175 59.000000E+0 65.447000E+3 27.000000E+0 150.000000E+0
176 92.000000E+0 65.429000E+3 35.000000E+0 32.000000E+0
177 109.000000E+0 65.418000E+3 44.000000E+0 1.000000E+0
178 104.000000E+0 65.417000E+3 30.000000E+0 65.520000E+3
179 74.000000E+0 65.391000E+3 11.000000E+0 65.522000E+3
180 59.000000E+0 65.391000E+3 3.000000E+0 65.520000E+3
181 53.000000E+0 65.357000E+3 1.000000E+0 65.519000E+3
182 52.000000E+0 65.361000E+3 4.000000E+0 65.522000E+3
183 75.000000E+0 65.327000E+3 0.000000E+0 65.512000E+3
184 83.000000E+0 65.358000E+3 10.000000E+0 65.527000E+3
185 94.000000E+0 65.373000E+3 8.000000E+0 65.522000E+3
186 92.000000E+0 65.416000E+3 19.000000E+0 65.535000E+3
187 91.000000E+0 65.451000E+3 17.000000E+0 65.535000E+3
188 93.000000E+0 65.444000E+3 22.000000E+0 1.000000E+0
189 85.000000E+0 65.487000E+3 17.000000E+0 0.000000E+0
190 77.000000E+0 65.466000E+3 19.000000E+0 65.533000E+3
191 37.000000E+0 65.497000E+3 12.000000E+0 0.000000E+0
192 32.000000E+0 65.437000E+3 18.000000E+0 0.000000E+0
193 9.000000E+0 65.468000E+3 6.000000E+0 46.000000E+0
194 0.000000E+0 65.494000E+3 0.000000E+0 148.000000E+0
195 65.530000E+3 6.000000E+0 65.527000E+3 149.000000E+0
196 65.535000E+3 4.000000E+0 65.534000E+3 181.000000E+0
197 65.488000E+3 19.000000E+0 65.515000E+3 161.000000E+0
198 65.497000E+3 65.519000E+3 65.504000E+3 146.000000E+0
199 65.476000E+3 65.529000E+3 65.525000E+3 145.000000E+0
200 65.510000E+3 65.519000E+3 4.000000E+0 145.000000E+0
201 65.514000E+3 2.000000E+0 10.000000E+0 142.000000E+0
202 8.000000E+0 5.000000E+0 19.000000E+0 143.000000E+0
203 12.000000E+0 20.000000E+0 20.000000E+0 144.000000E+0
204 20.000000E+0 25.000000E+0 37.000000E+0 145.000000E+0
205 9.000000E+0 10.000000E+0 35.000000E+0 148.000000E+0
206 16.000000E+0 15.000000E+0 42.000000E+0 148.000000E+0
207 8.000000E+0 7.000000E+0 35.000000E+0 148.000000E+0
208 11.000000E+0 21.000000E+0 38.000000E+0 148.000000E+0
209 0.000000E+0 7.000000E+0 37.000000E+0 148.000000E+0
210 1.000000E+0 28.000000E+0 39.000000E+0 148.000000E+0
211 65.532000E+3 5.000000E+0 34.000000E+0 151.000000E+0
212 65.515000E+3 29.000000E+0 25.000000E+0 152.000000E+0
213 65.496000E+3 65.525000E+3 9.000000E+0 152.000000E+0
214 65.485000E+3 65.466000E+3 18.000000E+0 150.000000E+0
215 65.500000E+3 65.336000E+3 7.000000E+0 115.000000E+0
216 65.500000E+3 65.336000E+3 7.000000E+0 115.000000E+0
217 65.496000E+3 65.302000E+3 5.000000E+0 120.000000E+0
218 65.495000E+3 65.303000E+3 6.000000E+0 92.000000E+0
219 65.492000E+3 65.297000E+3 0.000000E+0 110.000000E+0
220 65.485000E+3 65.315000E+3 1.000000E+0 98.000000E+0
221 65.491000E+3 65.356000E+3 65.525000E+3 116.000000E+0
222 65.478000E+3 65.366000E+3 65.528000E+3 130.000000E+0
223 65.483000E+3 65.431000E+3 65.500000E+3 145.000000E+0
224 65.477000E+3 65.461000E+3 65.499000E+3 154.000000E+0
225 65.491000E+3 65.507000E+3 65.487000E+3 178.000000E+0
226 65.499000E+3 65.533000E+3 65.503000E+3 176.000000E+0
227 65.518000E+3 1.000000E+0 65.511000E+3 172.000000E+0
228 65.522000E+3 21.000000E+0 65.516000E+3 178.000000E+0
229 65.533000E+3 22.000000E+0 65.521000E+3 110.000000E+0
230 65.532000E+3 21.000000E+0 65.517000E+3 110.000000E+0
231 65.535000E+3 8.000000E+0 65.532000E+3 67.000000E+0
232 65.534000E+3 65.528000E+3 65.532000E+3 82.000000E+0
233 0.000000E+0 65.491000E+3 9.000000E+0 43.000000E+0
234 2.000000E+0 65.427000E+3 8.000000E+0 29.000000E+0
235 25.000000E+0 65.408000E+3 37.000000E+0 0.000000E+0
236 53.000000E+0 65.386000E+3 50.000000E+0 7.000000E+0
237 58.000000E+0 65.387000E+3 68.000000E+0 65.530000E+3
238 45.000000E+0 65.394000E+3 33.000000E+0 12.000000E+0
239 26.000000E+0 65.400000E+3 30.000000E+0 65.520000E+3
240 13.000000E+0 65.399000E+3 6.000000E+0 65.531000E+3
241 6.000000E+0 65.401000E+3 14.000000E+0 65.517000E+3
242 1.000000E+0 65.400000E+3 0.000000E+0 65.524000E+3
243 0.000000E+0 65.400000E+3 1.000000E+0 65.518000E+3
244 0.000000E+0 65.400000E+3 65.532000E+3 65.512000E+3
245 12.000000E+0 65.400000E+3 5.000000E+0 65.524000E+3
246 24.000000E+0 65.400000E+3 18.000000E+0 65.529000E+3
247 37.000000E+0 65.401000E+3 30.000000E+0 0.000000E+0
248 35.000000E+0 65.401000E+3 32.000000E+0 65.524000E+3
249 35.000000E+0 65.401000E+3 26.000000E+0 0.000000E+0
250 34.000000E+0 65.401000E+3 25.000000E+0 65.508000E+3
251 42.000000E+0 65.398000E+3 32.000000E+0 65.535000E+3
252 48.000000E+0 65.397000E+3 33.000000E+0 65.501000E+3
253 39.000000E+0 65.394000E+3 34.000000E+0 26.000000E+0
254 40.000000E+0 65.418000E+3 30.000000E+0 92.000000E+0
255 43.000000E+0 65.427000E+3 35.000000E+0 146.000000E+0
256 77.000000E+0 65.405000E+3 37.000000E+0 27.000000E+0
257 97.000000E+0 65.387000E+3 35.000000E+0 0.000000E+0
258 100.000000E+0 65.387000E+3 34.000000E+0 65.521000E+3
259 87.000000E+0 65.365000E+3 6.000000E+0 65.535000E+3
260 62.000000E+0 65.364000E+3 5.000000E+0 65.522000E+3
261 61.000000E+0 65.355000E+3 3.000000E+0 65.517000E+3
262 53.000000E+0 65.355000E+3 4.000000E+0 65.521000E+3
263 72.000000E+0 65.328000E+3 0.000000E+0 65.512000E+3
264 83.000000E+0 65.343000E+3 6.000000E+0 65.525000E+3
265 99.000000E+0 65.364000E+3 6.000000E+0 65.523000E+3
266 106.000000E+0 65.394000E+3 16.000000E+0 65.530000E+3
267 98.000000E+0 65.431000E+3 16.000000E+0 65.532000E+3
268 99.000000E+0 65.432000E+3 21.000000E+0 0.000000E+0
269 100.000000E+0 65.485000E+3 17.000000E+0 0.000000E+0
270 100.000000E+0 65.458000E+3 21.000000E+0 65.534000E+3
271 44.000000E+0 65.497000E+3 15.000000E+0 65.535000E+3
272 37.000000E+0 65.442000E+3 16.000000E+0 0.000000E+0
273 15.000000E+0 65.489000E+3 0.000000E+0 54.000000E+0
274 5.000000E+0 65.504000E+3 65.534000E+3 130.000000E+0
275 65.527000E+3 0.000000E+0 65.509000E+3 134.000000E+0
276 4.000000E+0 10.000000E+0 65.519000E+3 159.000000E+0
277 65.510000E+3 27.000000E+0 65.521000E+3 159.000000E+0
278 65.507000E+3 65.523000E+3 65.493000E+3 138.000000E+0
279 65.471000E+3 0.000000E+0 65.481000E+3 136.000000E+0
280 65.492000E+3 65.520000E+3 65.509000E+3 137.000000E+0
281 65.504000E+3 65.533000E+3 65.534000E+3 133.000000E+0
282 65.527000E+3 20.000000E+0 3.000000E+0 135.000000E+0
283 0.000000E+0 20.000000E+0 8.000000E+0 136.000000E+0
284 12.000000E+0 21.000000E+0 8.000000E+0 136.000000E+0
285 8.000000E+0 10.000000E+0 6.000000E+0 140.000000E+0
286 15.000000E+0 18.000000E+0 22.000000E+0 141.000000E+0
287 5.000000E+0 3.000000E+0 12.000000E+0 140.000000E+0
288 8.000000E+0 23.000000E+0 16.000000E+0 140.000000E+0
289 0.000000E+0 7.000000E+0 4.000000E+0 139.000000E+0
290 65.531000E+3 28.000000E+0 11.000000E+0 140.000000E+0
291 65.517000E+3 2.000000E+0 3.000000E+0 143.000000E+0
292 65.500000E+3 28.000000E+0 1.000000E+0 143.000000E+0
293 65.499000E+3 65.529000E+3 0.000000E+0 147.000000E+0
294 65.494000E+3 65.527000E+3 1.000000E+0 146.000000E+0
295 65.509000E+3 65.458000E+3 0.000000E+0 150.000000E+0
296 65.510000E+3 65.416000E+3 65.535000E+3 110.000000E+0
297 65.499000E+3 65.350000E+3 65.528000E+3 119.000000E+0
298 65.506000E+3 65.369000E+3 65.523000E+3 95.000000E+0
299 65.502000E+3 65.353000E+3 65.511000E+3 106.000000E+0
300 65.491000E+3 65.375000E+3 65.511000E+3 85.000000E+0
301 65.498000E+3 65.412000E+3 65.491000E+3 111.000000E+0
302 65.490000E+3 65.430000E+3 65.494000E+3 123.000000E+0
303 65.490000E+3 65.494000E+3 65.469000E+3 154.000000E+0
304 65.485000E+3 65.511000E+3 65.466000E+3 151.000000E+0
305 65.498000E+3 2.000000E+0 65.460000E+3 175.000000E+0
306 65.504000E+3 5.000000E+0 65.474000E+3 167.000000E+0
307 65.522000E+3 14.000000E+0 65.483000E+3 159.000000E+0
308 65.525000E+3 15.000000E+0 65.488000E+3 162.000000E+0
309 65.532000E+3 21.000000E+0 65.491000E+3 93.000000E+0
310 65.528000E+3 21.000000E+0 65.484000E+3 94.000000E+0
311 65.530000E+3 17.000000E+0 65.517000E+3 56.000000E+0
312 65.520000E+3 0.000000E+0 65.519000E+3 83.000000E+0
313 0.000000E+0 65.510000E+3 65.531000E+3 44.000000E+0
314 65.535000E+3 65.426000E+3 65.533000E+3 36.000000E+0
315 6.000000E+0 65.374000E+3 12.000000E+0 0.000000E+0
316 6.000000E+0 65.374000E+3 12.000000E+0 0.000000E+0
317 29.000000E+0 65.372000E+3 53.000000E+0 65.525000E+3
318 42.000000E+0 65.394000E+3 51.000000E+0 13.000000E+0
319 30.000000E+0 65.395000E+3 51.000000E+0 65.531000E+3
320 16.000000E+0 65.394000E+3 32.000000E+0 65.534000E+3
321 6.000000E+0 65.395000E+3 33.000000E+0 65.525000E+3
322 65.532000E+3 65.394000E+3 20.000000E+0 65.535000E+3
323 65.533000E+3 65.394000E+3 21.000000E+0 65.526000E+3
324 65.529000E+3 65.393000E+3 65.534000E+3 65.514000E+3
325 65.529000E+3 65.394000E+3 5.000000E+0 65.508000E+3
326 0.000000E+0 65.393000E+3 11.000000E+0 65.522000E+3
327 7.000000E+0 65.395000E+3 15.000000E+0 0.000000E+0
328 6.000000E+0 65.394000E+3 34.000000E+0 65.526000E+3
329 18.000000E+0 65.395000E+3 28.000000E+0 65.533000E+3
330 17.000000E+0 65.395000E+3 30.000000E+0 65.511000E+3
331 18.000000E+0 65.392000E+3 32.000000E+0 0.000000E+0
332 23.000000E+0 65.391000E+3 31.000000E+0 65.508000E+3
333 19.000000E+0 65.389000E+3 34.000000E+0 71.000000E+0
334 20.000000E+0 65.414000E+3 37.000000E+0 109.000000E+0
335 39.000000E+0 65.398000E+3 34.000000E+0 73.000000E+0
336 67.000000E+0 65.393000E+3 39.000000E+0 65.525000E+3
337 81.000000E+0 65.382000E+3 29.000000E+0 7.000000E+0
338 63.000000E+0 65.394000E+3 21.000000E+0 40.000000E+0
339 68.000000E+0 65.364000E+3 10.000000E+0 26.000000E+0
340 57.000000E+0 65.364000E+3 7.000000E+0 0.000000E+0
341 62.000000E+0 65.341000E+3 10.000000E+0 65.522000E+3
342 62.000000E+0 65.335000E+3 10.000000E+0 65.527000E+3
343 72.000000E+0 65.308000E+3 3.000000E+0 65.512000E+3
344 83.000000E+0 65.337000E+3 8.000000E+0 65.527000E+3
345 86.000000E+0 65.359000E+3 6.000000E+0 65.521000E+3
346 85.000000E+0 65.404000E+3 13.000000E+0 65.533000E+3
347 88.000000E+0 65.431000E+3 12.000000E+0 65.532000E+3
348 90.000000E+0 65.432000E+3 20.000000E+0 0.000000E+0
349 97.000000E+0 65.476000E+3 15.000000E+0 0.000000E+0
350 97.000000E+0 65.467000E+3 21.000000E+0 0.000000E+0
351 50.000000E+0 65.499000E+3 17.000000E+0 0.000000E+0
352 41.000000E+0 65.436000E+3 19.000000E+0 3.000000E+0
353 18.000000E+0 65.470000E+3 4.000000E+0 43.000000E+0
354 8.000000E+0 65.487000E+3 65.535000E+3 136.000000E+0
355 65.525000E+3 1.000000E+0 65.511000E+3 137.000000E+0
356 6.000000E+0 12.000000E+0 65.511000E+3 169.000000E+0
357 65.510000E+3 25.000000E+0 65.513000E+3 173.000000E+0
358 65.504000E+3 65.520000E+3 65.485000E+3 145.000000E+0
359 65.477000E+3 0.000000E+0 65.481000E+3 142.000000E+0
360 65.496000E+3 65.520000E+3 65.505000E+3 143.000000E+0
361 65.508000E+3 65.533000E+3 65.530000E+3 140.000000E+0
362 65.532000E+3 5.000000E+0 6.000000E+0 140.000000E+0
363 0.000000E+0 21.000000E+0 6.000000E+0 140.000000E+0
364 15.000000E+0 22.000000E+0 6.000000E+0 141.000000E+0
365 11.000000E+0 11.000000E+0 5.000000E+0 145.000000E+0
366 15.000000E+0 18.000000E+0 18.000000E+0 145.000000E+0
367 2.000000E+0 65.532000E+3 6.000000E+0 145.000000E+0
368 9.000000E+0 25.000000E+0 16.000000E+0 145.000000E+0
369 0.000000E+0 10.000000E+0 4.000000E+0 145.000000E+0
370 0.000000E+0 29.000000E+0 4.000000E+0 145.000000E+0
371 65.518000E+3 3.000000E+0 2.000000E+0 148.000000E+0
372 65.501000E+3 28.000000E+0 0.000000E+0 148.000000E+0
373 65.500000E+3 65.533000E+3 65.535000E+3 148.000000E+0
374 65.495000E+3 65.518000E+3 0.000000E+0 147.000000E+0
375 65.508000E+3 65.503000E+3 65.526000E+3 155.000000E+0
376 65.508000E+3 65.421000E+3 65.526000E+3 129.000000E+0
377 65.501000E+3 65.368000E+3 65.518000E+3 118.000000E+0
378 65.504000E+3 65.379000E+3 65.510000E+3 101.000000E+0
379 65.499000E+3 65.356000E+3 65.501000E+3 111.000000E+0
380 65.490000E+3 65.397000E+3 65.498000E+3 92.000000E+0
381 65.499000E+3 65.424000E+3 65.479000E+3 121.000000E+0
382 65.487000E+3 65.437000E+3 65.481000E+3 130.000000E+0
383 65.491000E+3 65.504000E+3 65.465000E+3 155.000000E+0
384 65.491000E+3 65.527000E+3 65.465000E+3 169.000000E+0
385 65.504000E+3 2.000000E+0 65.464000E+3 178.000000E+0
386 65.514000E+3 20.000000E+0 65.472000E+3 166.000000E+0
387 65.527000E+3 19.000000E+0 65.481000E+3 159.000000E+0
388 65.527000E+3 15.000000E+0 65.484000E+3 162.000000E+0
389 65.532000E+3 21.000000E+0 65.478000E+3 108.000000E+0
390 65.525000E+3 18.000000E+0 65.474000E+3 108.000000E+0
391 65.527000E+3 15.000000E+0 65.512000E+3 54.000000E+0
392 65.514000E+3 6.000000E+0 65.510000E+3 84.000000E+0
393 65.528000E+3 65.521000E+3 65.521000E+3 42.000000E+0
394 65.534000E+3 65.428000E+3 65.528000E+3 70.000000E+0
395 2.000000E+0 65.412000E+3 6.000000E+0 13.000000E+0
396 2.000000E+0 65.376000E+3 7.000000E+0 4.000000E+0
397 16.000000E+0 65.366000E+3 45.000000E+0 65.519000E+3
398 35.000000E+0 65.392000E+3 46.000000E+0 10.000000E+0
399 34.000000E+0 65.394000E+3 60.000000E+0 65.535000E+3
400 18.000000E+0 65.394000E+3 41.000000E+0 65.529000E+3
401 10.000000E+0 65.395000E+3 54.000000E+0 65.527000E+3
402 0.000000E+0 65.394000E+3 27.000000E+0 0.000000E+0
403 65.532000E+3 65.393000E+3 35.000000E+0 0.000000E+0
404 65.532000E+3 65.392000E+3 3.000000E+0 65.520000E+3
405 65.530000E+3 65.392000E+3 7.000000E+0 65.510000E+3
406 65.534000E+3 65.392000E+3 15.000000E+0 65.518000E+3
407 2.000000E+0 65.393000E+3 3.000000E+0 65.535000E+3
408 65.535000E+3 65.393000E+3 21.000000E+0 65.522000E+3
409 4.000000E+0 65.393000E+3 18.000000E+0 65.533000E+3
410 5.000000E+0 65.393000E+3 18.000000E+0 65.510000E+3
411 8.000000E+0 65.390000E+3 29.000000E+0 65.535000E+3
412 15.000000E+0 65.390000E+3 27.000000E+0 65.510000E+3
413 14.000000E+0 65.387000E+3 35.000000E+0 83.000000E+0
414 14.000000E+0 65.411000E+3 44.000000E+0 78.000000E+0
415 33.000000E+0 65.387000E+3 34.000000E+0 43.000000E+0
416 62.000000E+0 65.386000E+3 39.000000E+0 9.000000E+0
417 56.000000E+0 65.408000E+3 27.000000E+0 76.000000E+0
418 51.000000E+0 65.403000E+3 21.000000E+0 80.000000E+0
419 65.000000E+0 65.377000E+3 10.000000E+0 74.000000E+0
420 47.000000E+0 65.380000E+3 17.000000E+0 63.000000E+0
421 66.000000E+0 65.351000E+3 17.000000E+0 2.000000E+0
422 66.000000E+0 65.345000E+3 12.000000E+0 65.532000E+3
423 74.000000E+0 65.307000E+3 9.000000E+0 65.512000E+3
424 75.000000E+0 65.322000E+3 10.000000E+0 65.527000E+3
425 71.000000E+0 65.339000E+3 4.000000E+0 65.518000E+3
426 72.000000E+0 65.385000E+3 8.000000E+0 65.527000E+3
427 73.000000E+0 65.410000E+3 7.000000E+0 65.527000E+3
428 81.000000E+0 65.418000E+3 13.000000E+0 65.533000E+3
429 88.000000E+0 65.461000E+3 11.000000E+0 65.532000E+3
430 96.000000E+0 65.455000E+3 19.000000E+0 65.534000E+3
431 48.000000E+0 65.494000E+3 18.000000E+0 0.000000E+0
432 42.000000E+0 65.434000E+3 18.000000E+0 4.000000E+0
433 18.000000E+0 65.478000E+3 7.000000E+0 49.000000E+0
434 9.000000E+0 65.489000E+3 0.000000E+0 133.000000E+0
435 65.525000E+3 0.000000E+0 65.514000E+3 136.000000E+0
436 4.000000E+0 13.000000E+0 65.513000E+3 167.000000E+0
437 65.514000E+3 27.000000E+0 65.516000E+3 181.000000E+0
438 65.507000E+3 65.524000E+3 65.491000E+3 149.000000E+0
439 65.480000E+3 5.000000E+0 65.479000E+3 147.000000E+0
440 65.495000E+3 65.516000E+3 65.506000E+3 147.000000E+0
441 65.509000E+3 65.534000E+3 65.527000E+3 144.000000E+0
442 65.531000E+3 16.000000E+0 0.000000E+0 144.000000E+0
443 65.534000E+3 21.000000E+0 5.000000E+0 144.000000E+0
444 10.000000E+0 23.000000E+0 5.000000E+0 144.000000E+0
445 8.000000E+0 6.000000E+0 6.000000E+0 144.000000E+0
446 15.000000E+0 14.000000E+0 8.000000E+0 144.000000E+0
447 6.000000E+0 1.000000E+0 8.000000E+0 148.000000E+0
448 9.000000E+0 18.000000E+0 13.000000E+0 148.000000E+0
449 0.000000E+0 7.000000E+0 3.000000E+0 148.000000E+0
450 65.535000E+3 27.000000E+0 5.000000E+0 149.000000E+0
451 65.519000E+3 3.000000E+0 3.000000E+0 149.000000E+0
452 65.506000E+3 27.000000E+0 0.000000E+0 149.000000E+0
453 65.500000E+3 3.000000E+0 0.000000E+0 151.000000E+0
454 65.503000E+3 65.535000E+3 0.000000E+0 152.000000E+0
455 65.512000E+3 65.510000E+3 65.532000E+3 158.000000E+0
456 65.511000E+3 65.481000E+3 65.533000E+3 159.000000E+0
457 65.514000E+3 65.408000E+3 65.519000E+3 138.000000E+0
458 65.504000E+3 65.405000E+3 65.524000E+3 126.000000E+0
459 65.510000E+3 65.401000E+3 65.506000E+3 131.000000E+0
460 65.496000E+3 65.406000E+3 65.508000E+3 120.000000E+0
461 65.502000E+3 65.443000E+3 65.492000E+3 120.000000E+0
462 65.498000E+3 65.452000E+3 65.487000E+3 148.000000E+0
463 65.495000E+3 65.502000E+3 65.476000E+3 159.000000E+0
464 65.494000E+3 65.522000E+3 65.474000E+3 169.000000E+0
465 65.506000E+3 2.000000E+0 65.468000E+3 197.000000E+0
466 65.508000E+3 7.000000E+0 65.473000E+3 177.000000E+0
467 65.523000E+3 15.000000E+0 65.472000E+3 168.000000E+0
468 65.523000E+3 13.000000E+0 65.481000E+3 171.000000E+0
469 65.529000E+3 19.000000E+0 65.485000E+3 102.000000E+0
470 65.525000E+3 19.000000E+0 65.482000E+3 103.000000E+0
471 65.523000E+3 10.000000E+0 65.515000E+3 59.000000E+0
472 65.528000E+3 65.525000E+3 65.517000E+3 76.000000E+0
473 0.000000E+0 65.492000E+3 0.000000E+0 44.000000E+0
474 0.000000E+0 65.431000E+3 65.533000E+3 42.000000E+0
475 2.000000E+0 65.410000E+3 9.000000E+0 7.000000E+0
476 7.000000E+0 65.382000E+3 19.000000E+0 6.000000E+0
477 30.000000E+0 65.379000E+3 55.000000E+0 65.531000E+3
478 47.000000E+0 65.395000E+3 51.000000E+0 13.000000E+0
479 33.000000E+0 65.398000E+3 55.000000E+0 65.528000E+3
480 20.000000E+0 65.398000E+3 35.000000E+0 65.528000E+3
481 11.000000E+0 65.398000E+3 40.000000E+0 65.523000E+3
482 0.000000E+0 65.400000E+3 20.000000E+0 65.534000E+3
483 65.535000E+3 65.398000E+3 20.000000E+0 65.527000E+3
484 65.531000E+3 65.398000E+3 65.535000E+3 65.520000E+3
485 65.534000E+3 65.398000E+3 10.000000E+0 65.512000E+3
486 2.000000E+0 65.399000E+3 7.000000E+0 65.514000E+3
487 12.000000E+0 65.399000E+3 17.000000E+0 65.533000E+3
488 13.000000E+0 65.398000E+3 33.000000E+0 65.523000E+3
489 24.000000E+0 65.399000E+3 23.000000E+0 65.532000E+3
490 23.000000E+0 65.398000E+3 35.000000E+0 65.513000E+3
491 28.000000E+0 65.397000E+3 27.000000E+0 65.534000E+3
492 30.000000E+0 65.396000E+3 34.000000E+0 65.535000E+3
493 30.000000E+0 65.402000E+3 32.000000E+0 102.000000E+0
494 40.000000E+0 65.424000E+3 45.000000E+0 128.000000E+0
495 52.000000E+0 65.428000E+3 29.000000E+0 73.000000E+0
496 82.000000E+0 65.409000E+3 33.000000E+0 65.528000E+3
497 101.000000E+0 65.398000E+3 28.000000E+0 65.531000E+3
498 78.000000E+0 65.396000E+3 24.000000E+0 65.518000E+3
499 72.000000E+0 65.372000E+3 7.000000E+0 65.516000E+3
500 51.000000E+0 65.373000E+3 7.000000E+0 65.522000E+3
501 53.000000E+0 65.344000E+3 0.000000E+0 65.515000E+3
502 66.000000E+0 65.345000E+3 4.000000E+0 65.522000E+3
503 90.000000E+0 65.321000E+3 3.000000E+0 65.511000E+3
504 107.000000E+0 65.355000E+3 13.000000E+0 65.529000E+3
505 119.000000E+0 65.361000E+3 12.000000E+0 65.523000E+3
506 111.000000E+0 65.426000E+3 21.000000E+0 65.535000E+3
507 111.000000E+0 65.456000E+3 19.000000E+0 0.000000E+0
508 113.000000E+0 65.456000E+3 23.000000E+0 1.000000E+0
509 113.000000E+0 65.492000E+3 18.000000E+0 0.000000E+0
510 107.000000E+0 65.471000E+3 21.000000E+0 0.000000E+0
511 65.000000E+0 65.505000E+3 15.000000E+0 0.000000E+0
512 65.000000E+0 65.442000E+3 17.000000E+0 1.000000E+0
513 26.000000E+0 65.463000E+3 11.000000E+0 8.000000E+0
514 17.000000E+0 65.462000E+3 0.000000E+0 128.000000E+0
515 65.529000E+3 65.532000E+3 65.514000E+3 127.000000E+0
516 65.528000E+3 32.000000E+0 65.517000E+3 175.000000E+0
517 65.528000E+3 32.000000E+0 65.517000E+3 175.000000E+0
518 65.512000E+3 65.532000E+3 65.502000E+3 146.000000E+0
519 65.482000E+3 0.000000E+0 65.484000E+3 142.000000E+0
520 65.487000E+3 65.517000E+3 65.496000E+3 143.000000E+0
521 65.495000E+3 65.531000E+3 65.524000E+3 139.000000E+0
522 65.521000E+3 5.000000E+0 0.000000E+0 139.000000E+0
523 65.523000E+3 12.000000E+0 6.000000E+0 141.000000E+0
524 8.000000E+0 20.000000E+0 7.000000E+0 142.000000E+0
525 7.000000E+0 7.000000E+0 10.000000E+0 142.000000E+0
526 17.000000E+0 16.000000E+0 26.000000E+0 143.000000E+0
527 9.000000E+0 3.000000E+0 25.000000E+0 145.000000E+0
528 10.000000E+0 19.000000E+0 23.000000E+0 145.000000E+0
529 1.000000E+0 10.000000E+0 8.000000E+0 146.000000E+0
530 2.000000E+0 27.000000E+0 18.000000E+0 146.000000E+0
531 65.532000E+3 6.000000E+0 9.000000E+0 145.000000E+0
532 65.519000E+3 28.000000E+0 11.000000E+0 146.000000E+0
533 65.504000E+3 4.000000E+0 3.000000E+0 150.000000E+0
534 65.499000E+3 0.000000E+0 4.000000E+0 149.000000E+0
535 65.509000E+3 65.492000E+3 0.000000E+0 156.000000E+0
536 65.505000E+3 65.447000E+3 0.000000E+0 156.000000E+0
537 65.510000E+3 65.391000E+3 65.531000E+3 146.000000E+0
538 65.504000E+3 65.375000E+3 65.534000E+3 127.000000E+0
539 65.504000E+3 65.373000E+3 65.520000E+3 154.000000E+0
540 65.491000E+3 65.372000E+3 65.521000E+3 133.000000E+0
541 65.499000E+3 65.419000E+3 65.504000E+3 143.000000E+0
542 65.492000E+3 65.426000E+3 65.504000E+3 145.000000E+0
543 65.492000E+3 65.476000E+3 65.489000E+3 169.000000E+0
544 65.488000E+3 65.496000E+3 65.488000E+3 182.000000E+0
545 65.501000E+3 65.534000E+3 65.477000E+3 201.000000E+0
546 65.504000E+3 0.000000E+0 65.486000E+3 196.000000E+0
547 65.520000E+3 12.000000E+0 65.486000E+3 175.000000E+0
548 65.523000E+3 15.000000E+0 65.497000E+3 185.000000E+0
549 65.531000E+3 19.000000E+0 65.506000E+3 117.000000E+0
550 65.527000E+3 19.000000E+0 65.502000E+3 117.000000E+0
551 65.535000E+3 6.000000E+0 65.526000E+3 64.000000E+0
552 65.534000E+3 65.528000E+3 65.527000E+3 84.000000E+0
553 0.000000E+0 65.495000E+3 0.000000E+0 47.000000E+0
554 0.000000E+0 65.431000E+3 0.000000E+0 43.000000E+0
555 9.000000E+0 65.408000E+3 21.000000E+0 10.000000E+0
556 27.000000E+0 65.384000E+3 34.000000E+0 7.000000E+0
557 57.000000E+0 65.377000E+3 63.000000E+0 65.526000E+3
558 48.000000E+0 65.394000E+3 49.000000E+0 11.000000E+0
559 32.000000E+0 65.396000E+3 36.000000E+0 65.523000E+3
560 19.000000E+0 65.397000E+3 19.000000E+0 65.524000E+3
561 11.000000E+0 65.397000E+3 27.000000E+0 65.520000E+3
562 3.000000E+0 65.397000E+3 9.000000E+0 65.529000E+3
563 0.000000E+0 65.397000E+3 12.000000E+0 65.521000E+3
564 0.000000E+0 65.397000E+3 65.532000E+3 65.512000E+3
565 7.000000E+0 65.397000E+3 5.000000E+0 65.522000E+3
566 19.000000E+0 65.397000E+3 13.000000E+0 65.517000E+3
567 31.000000E+0 65.398000E+3 32.000000E+0 0.000000E+0
568 36.000000E+0 65.398000E+3 36.000000E+0 65.519000E+3
569 39.000000E+0 65.398000E+3 30.000000E+0 0.000000E+0
570 44.000000E+0 65.398000E+3 30.000000E+0 65.503000E+3
571 48.000000E+0 65.395000E+3 32.000000E+0 65.534000E+3
572 54.000000E+0 65.394000E+3 36.000000E+0 65.515000E+3
573 42.000000E+0 65.392000E+3 34.000000E+0 81.000000E+0
574 54.000000E+0 65.413000E+3 41.000000E+0 123.000000E+0
575 61.000000E+0 65.405000E+3 29.000000E+0 155.000000E+0
576 93.000000E+0 65.398000E+3 33.000000E+0 21.000000E+0
577 124.000000E+0 65.387000E+3 31.000000E+0 65.534000E+3
578 104.000000E+0 65.387000E+3 28.000000E+0 23.000000E+0
579 80.000000E+0 65.368000E+3 7.000000E+0 23.000000E+0
580 68.000000E+0 65.367000E+3 7.000000E+0 65.532000E+3
581 72.000000E+0 65.343000E+3 7.000000E+0 65.518000E+3
582 68.000000E+0 65.345000E+3 8.000000E+0 65.525000E+3
583 88.000000E+0 65.324000E+3 1.000000E+0 65.514000E+3
584 94.000000E+0 65.338000E+3 9.000000E+0 65.528000E+3
585 103.000000E+0 65.342000E+3 8.000000E+0 65.521000E+3
586 106.000000E+0 65.400000E+3 17.000000E+0 65.532000E+3
587 93.000000E+0 65.440000E+3 12.000000E+0 65.530000E+3
588 98.000000E+0 65.424000E+3 18.000000E+0 65.535000E+3
589 101.000000E+0 65.475000E+3 15.000000E+0 0.000000E+0
590 101.000000E+0 65.455000E+3 20.000000E+0 65.534000E+3
591 44.000000E+0 65.492000E+3 16.000000E+0 65.534000E+3
592 38.000000E+0 65.438000E+3 15.000000E+0 21.000000E+0
593 12.000000E+0 65.493000E+3 0.000000E+0 72.000000E+0
594 6.000000E+0 65.512000E+3 65.529000E+3 132.000000E+0
595 65.525000E+3 1.000000E+0 65.504000E+3 136.000000E+0
596 4.000000E+0 7.000000E+0 65.518000E+3 157.000000E+0
597 65.509000E+3 23.000000E+0 65.519000E+3 160.000000E+0
598 65.507000E+3 65.521000E+3 65.491000E+3 140.000000E+0
599 65.470000E+3 0.000000E+0 65.486000E+3 138.000000E+0
600 65.496000E+3 65.521000E+3 65.508000E+3 138.000000E+0
601 65.509000E+3 65.534000E+3 65.528000E+3 134.000000E+0
602 65.530000E+3 17.000000E+0 2.000000E+0 135.000000E+0
603 65.535000E+3 22.000000E+0 5.000000E+0 135.000000E+0
604 6.000000E+0 20.000000E+0 4.000000E+0 136.000000E+0
605 7.000000E+0 11.000000E+0 6.000000E+0 139.000000E+0
606 14.000000E+0 17.000000E+0 6.000000E+0 140.000000E+0
607 4.000000E+0 3.000000E+0 4.000000E+0 140.000000E+0
608 5.000000E+0 21.000000E+0 11.000000E+0 140.000000E+0
609 65.535000E+3 7.000000E+0 5.000000E+0 140.000000E+0
610 65.524000E+3 28.000000E+0 2.000000E+0 140.000000E+0
611 65.513000E+3 2.000000E+0 0.000000E+0 143.000000E+0
612 65.504000E+3 30.000000E+0 0.000000E+0 143.000000E+0
613 65.506000E+3 0.000000E+0 0.000000E+0 147.000000E+0
614 65.503000E+3 65.523000E+3 0.000000E+0 146.000000E+0
615 65.514000E+3 0.000000E+0 65.527000E+3 150.000000E+0
616 65.512000E+3 65.447000E+3 65.527000E+3 146.000000E+0
617 65.507000E+3 65.400000E+3 65.517000E+3 118.000000E+0
618 65.505000E+3 65.403000E+3 65.512000E+3 125.000000E+0
619 65.507000E+3 65.397000E+3 65.498000E+3 119.000000E+0
620 65.492000E+3 65.426000E+3 65.496000E+3 99.000000E+0
621 65.504000E+3 65.455000E+3 65.477000E+3 127.000000E+0
622 65.495000E+3 65.465000E+3 65.477000E+3 147.000000E+0
623 65.495000E+3 65.519000E+3 65.459000E+3 178.000000E+0
624 65.494000E+3 65.534000E+3 65.454000E+3 179.000000E+0
625 65.503000E+3 4.000000E+0 65.452000E+3 167.000000E+0
626 65.511000E+3 16.000000E+0 65.456000E+3 163.000000E+0
627 65.524000E+3 17.000000E+0 65.465000E+3 147.000000E+0
628 65.522000E+3 11.000000E+0 65.474000E+3 146.000000E+0
629 65.528000E+3 16.000000E+0 65.462000E+3 89.000000E+0
630 65.520000E+3 16.000000E+0 65.455000E+3 91.000000E+0
631 65.524000E+3 13.000000E+0 65.497000E+3 50.000000E+0
632 65.508000E+3 5.000000E+0 65.502000E+3 84.000000E+0
633 65.513000E+3 0.000000E+0 65.507000E+3 45.000000E+0
634 65.521000E+3 65.446000E+3 65.510000E+3 83.000000E+0
635 0.000000E+0 65.431000E+3 0.000000E+0 18.000000E+0
636 0.000000E+0 65.380000E+3 0.000000E+0 12.000000E+0
637 4.000000E+0 65.373000E+3 24.000000E+0 65.515000E+3
638 25.000000E+0 65.394000E+3 54.000000E+0 65.532000E+3
639 25.000000E+0 65.394000E+3 54.000000E+0 65.532000E+3
640 18.000000E+0 65.394000E+3 53.000000E+0 1.000000E+0
641 15.000000E+0 65.395000E+3 76.000000E+0 65.531000E+3
642 6.000000E+0 65.395000E+3 41.000000E+0 0.000000E+0
643 65.533000E+3 65.395000E+3 48.000000E+0 0.000000E+0
644 65.532000E+3 65.394000E+3 14.000000E+0 65.524000E+3
645 65.530000E+3 65.394000E+3 8.000000E+0 65.526000E+3
646 65.527000E+3 65.392000E+3 18.000000E+0 65.520000E+3
647 0.000000E+0 65.393000E+3 9.000000E+0 65.532000E+3
648 65.531000E+3 65.393000E+3 13.000000E+0 65.518000E+3
649 65.534000E+3 65.393000E+3 17.000000E+0 65.532000E+3
650 65.535000E+3 65.393000E+3 0.000000E+0 65.506000E+3
651 0.000000E+0 65.390000E+3 19.000000E+0 65.530000E+3
652 0.000000E+0 65.390000E+3 23.000000E+0 65.506000E+3
653 2.000000E+0 65.387000E+3 33.000000E+0 31.000000E+0
654 0.000000E+0 65.399000E+3 43.000000E+0 99.000000E+0
655 8.000000E+0 65.396000E+3 33.000000E+0 148.000000E+0
656 16.000000E+0 65.389000E+3 33.000000E+0 11.000000E+0
657 28.000000E+0 65.382000E+3 23.000000E+0 87.000000E+0
658 27.000000E+0 65.445000E+3 25.000000E+0 114.000000E+0
659 32.000000E+0 65.390000E+3 16.000000E+0 142.000000E+0
660 33.000000E+0 65.391000E+3 32.000000E+0 135.000000E+0
661 38.000000E+0 65.387000E+3 21.000000E+0 76.000000E+0
662 44.000000E+0 65.372000E+3 20.000000E+0 38.000000E+0
663 54.000000E+0 65.322000E+3 17.000000E+0 0.000000E+0
664 49.000000E+0 65.320000E+3 18.000000E+0 65.532000E+3
665 56.000000E+0 65.299000E+3 5.000000E+0 65.522000E+3
666 39.000000E+0 65.325000E+3 8.000000E+0 65.525000E+3
667 46.000000E+0 65.361000E+3 0.000000E+0 65.520000E+3
668 53.000000E+0 65.354000E+3 2.000000E+0 65.524000E+3
669 51.000000E+0 65.416000E+3 2.000000E+0 65.522000E+3
670 64.000000E+0 65.416000E+3 10.000000E+0 65.525000E+3
671 24.000000E+0 65.479000E+3 7.000000E+0 2.000000E+0
672 11.000000E+0 65.473000E+3 0.000000E+0 39.000000E+0
673 65.533000E+3 65.514000E+3 65.517000E+3 75.000000E+0
674 0.000000E+0 65.521000E+3 65.508000E+3 127.000000E+0
675 65.532000E+3 5.000000E+0 65.505000E+3 140.000000E+0
676 65.527000E+3 0.000000E+0 65.499000E+3 155.000000E+0
677 65.491000E+3 17.000000E+0 65.474000E+3 151.000000E+0
678 65.497000E+3 65.516000E+3 65.467000E+3 142.000000E+0
679 65.488000E+3 65.530000E+3 65.484000E+3 137.000000E+0
680 65.523000E+3 0.000000E+0 65.496000E+3 137.000000E+0
681 65.521000E+3 15.000000E+0 65.514000E+3 134.000000E+0
682 4.000000E+0 13.000000E+0 65.526000E+3 135.000000E+0
683 0.000000E+0 16.000000E+0 65.530000E+3 135.000000E+0
684 5.000000E+0 23.000000E+0 0.000000E+0 136.000000E+0
685 0.000000E+0 9.000000E+0 65.533000E+3 138.000000E+0
686 1.000000E+0 13.000000E+0 65.528000E+3 138.000000E+0
687 65.531000E+3 0.000000E+0 65.523000E+3 138.000000E+0
688 65.531000E+3 23.000000E+0 65.514000E+3 139.000000E+0
689 65.518000E+3 4.000000E+0 65.509000E+3 138.000000E+0
690 65.512000E+3 27.000000E+0 65.508000E+3 139.000000E+0
691 65.515000E+3 4.000000E+0 65.508000E+3 143.000000E+0
692 65.512000E+3 29.000000E+0 65.507000E+3 143.000000E+0
693 65.519000E+3 65.529000E+3 65.506000E+3 145.000000E+0
694 65.503000E+3 65.510000E+3 65.508000E+3 137.000000E+0
695 65.508000E+3 65.523000E+3 65.488000E+3 146.000000E+0
696 65.506000E+3 65.511000E+3 65.473000E+3 147.000000E+0
697 65.510000E+3 65.462000E+3 65.473000E+3 138.000000E+0
698 65.506000E+3 65.430000E+3 65.476000E+3 123.000000E+0
699 65.513000E+3 65.439000E+3 65.461000E+3 131.000000E+0
700 65.496000E+3 65.449000E+3 65.466000E+3 117.000000E+0
701 65.502000E+3 65.487000E+3 65.450000E+3 142.000000E+0
702 65.496000E+3 65.487000E+3 65.443000E+3 163.000000E+0
703 65.496000E+3 65.531000E+3 65.433000E+3 195.000000E+0
704 65.498000E+3 0.000000E+0 65.435000E+3 203.000000E+0
705 65.509000E+3 23.000000E+0 65.432000E+3 203.000000E+0
706 65.515000E+3 5.000000E+0 65.446000E+3 170.000000E+0
707 65.527000E+3 13.000000E+0 65.449000E+3 141.000000E+0
708 65.523000E+3 11.000000E+0 65.461000E+3 131.000000E+0
709 65.526000E+3 12.000000E+0 65.452000E+3 90.000000E+0
710 65.515000E+3 11.000000E+0 65.444000E+3 93.000000E+0
711 65.520000E+3 10.000000E+0 65.489000E+3 54.000000E+0
712 65.506000E+3 2.000000E+0 65.493000E+3 86.000000E+0
713 65.510000E+3 0.000000E+0 65.510000E+3 46.000000E+0
714 65.522000E+3 65.454000E+3 65.515000E+3 92.000000E+0
715 0.000000E+0 65.431000E+3 4.000000E+0 22.000000E+0
716 0.000000E+0 65.381000E+3 0.000000E+0 9.000000E+0
717 6.000000E+0 65.352000E+3 28.000000E+0 65.505000E+3
718 9.000000E+0 65.384000E+3 39.000000E+0 12.000000E+0
719 16.000000E+0 65.377000E+3 67.000000E+0 65.527000E+3
720 1.000000E+0 65.375000E+3 49.000000E+0 11.000000E+0
721 65.533000E+3 65.373000E+3 71.000000E+0 65.524000E+3
722 65.532000E+3 65.386000E+3 36.000000E+0 2.000000E+0
723 65.529000E+3 65.374000E+3 46.000000E+0 0.000000E+0
724 65.528000E+3 65.373000E+3 13.000000E+0 65.523000E+3
725 65.514000E+3 65.373000E+3 65.534000E+3 65.526000E+3
726 65.505000E+3 65.370000E+3 65.512000E+3 65.513000E+3
727 65.504000E+3 65.372000E+3 65.520000E+3 65.526000E+3
728 65.504000E+3 65.369000E+3 65.524000E+3 65.512000E+3
729 65.512000E+3 65.371000E+3 65.534000E+3 65.528000E+3
730 65.516000E+3 65.370000E+3 5.000000E+0 65.511000E+3
731 65.523000E+3 65.368000E+3 27.000000E+0 65.535000E+3
732 65.526000E+3 65.369000E+3 48.000000E+0 65.509000E+3
733 65.526000E+3 65.363000E+3 57.000000E+0 41.000000E+0
734 65.524000E+3 65.388000E+3 62.000000E+0 112.000000E+0
735 65.530000E+3 65.386000E+3 45.000000E+0 144.000000E+0
736 65.532000E+3 65.383000E+3 45.000000E+0 150.000000E+0
737 65.535000E+3 65.431000E+3 33.000000E+0 207.000000E+0
738 65.530000E+3 65.438000E+3 35.000000E+0 208.000000E+0
739 1.000000E+0 65.436000E+3 27.000000E+0 229.000000E+0
740 65.533000E+3 65.438000E+3 38.000000E+0 216.000000E+0
741 0.000000E+0 65.434000E+3 34.000000E+0 190.000000E+0
742 65.533000E+3 65.411000E+3 44.000000E+0 180.000000E+0
743 5.000000E+0 65.368000E+3 24.000000E+0 125.000000E+0
744 0.000000E+0 65.370000E+3 36.000000E+0 124.000000E+0
745 13.000000E+0 65.347000E+3 23.000000E+0 81.000000E+0
746 20.000000E+0 65.342000E+3 35.000000E+0 81.000000E+0
747 32.000000E+0 65.356000E+3 23.000000E+0 53.000000E+0
748 34.000000E+0 65.356000E+3 23.000000E+0 53.000000E+0
749 24.000000E+0 65.428000E+3 22.000000E+0 43.000000E+0
750 19.000000E+0 65.428000E+3 13.000000E+0 42.000000E+0
751 0.000000E+0 65.498000E+3 3.000000E+0 46.000000E+0
752 0.000000E+0 65.495000E+3 0.000000E+0 76.000000E+0
753 65.529000E+3 65.529000E+3 65.529000E+3 87.000000E+0
754 2.000000E+0 65.525000E+3 65.525000E+3 123.000000E+0
755 65.529000E+3 11.000000E+0 65.518000E+3 139.000000E+0
756 65.521000E+3 65.530000E+3 65.499000E+3 143.000000E+0
757 65.496000E+3 18.000000E+0 65.471000E+3 133.000000E+0
758 65.505000E+3 65.520000E+3 65.470000E+3 129.000000E+0
759 65.498000E+3 65.535000E+3 65.471000E+3 130.000000E+0
760 65.528000E+3 65.533000E+3 65.473000E+3 132.000000E+0
761 65.519000E+3 16.000000E+0 65.482000E+3 131.000000E+0
762 0.000000E+0 10.000000E+0 65.487000E+3 130.000000E+0
763 65.530000E+3 19.000000E+0 65.480000E+3 147.000000E+0
764 65.535000E+3 22.000000E+0 65.481000E+3 137.000000E+0
765 65.526000E+3 8.000000E+0 65.474000E+3 139.000000E+0
766 65.528000E+3 10.000000E+0 65.468000E+3 139.000000E+0
767 65.518000E+3 0.000000E+0 65.466000E+3 139.000000E+0
768 65.519000E+3 19.000000E+0 65.464000E+3 139.000000E+0
769 65.514000E+3 2.000000E+0 65.465000E+3 139.000000E+0
770 65.511000E+3 28.000000E+0 65.463000E+3 139.000000E+0
771 65.516000E+3 4.000000E+0 65.462000E+3 142.000000E+0
772 65.513000E+3 29.000000E+0 65.460000E+3 143.000000E+0
773 65.518000E+3 65.518000E+3 65.464000E+3 146.000000E+0
774 65.496000E+3 65.529000E+3 65.462000E+3 139.000000E+0
775 65.510000E+3 0.000000E+0 65.441000E+3 146.000000E+0
776 65.506000E+3 18.000000E+0 65.436000E+3 148.000000E+0
777 65.508000E+3 65.510000E+3 65.442000E+3 146.000000E+0
778 65.508000E+3 65.455000E+3 65.454000E+3 129.000000E+0
779 65.512000E+3 65.450000E+3 65.439000E+3 137.000000E+0
780 65.494000E+3 65.462000E+3 65.445000E+3 111.000000E+0
781 65.501000E+3 65.506000E+3 65.435000E+3 126.000000E+0
782 65.496000E+3 65.507000E+3 65.435000E+3 148.000000E+0
783 65.500000E+3 2.000000E+0 65.424000E+3 181.000000E+0
784 65.501000E+3 3.000000E+0 65.435000E+3 182.000000E+0
785 65.513000E+3 18.000000E+0 65.432000E+3 194.000000E+0
786 65.516000E+3 7.000000E+0 65.448000E+3 164.000000E+0
787 65.525000E+3 13.000000E+0 65.449000E+3 142.000000E+0
788 65.522000E+3 12.000000E+0 65.458000E+3 138.000000E+0
789 65.524000E+3 12.000000E+0 65.452000E+3 89.000000E+0
790 65.515000E+3 9.000000E+0 65.443000E+3 89.000000E+0
791 65.518000E+3 7.000000E+0 65.489000E+3 51.000000E+0
792 65.506000E+3 1.000000E+0 65.492000E+3 86.000000E+0
793 65.521000E+3 65.521000E+3 65.516000E+3 47.000000E+0
794 65.526000E+3 65.428000E+3 65.530000E+3 81.000000E+0
795 1.000000E+0 65.416000E+3 12.000000E+0 7.000000E+0
796 0.000000E+0 65.359000E+3 7.000000E+0 65.533000E+3
797 9.000000E+0 65.361000E+3 42.000000E+0 65.520000E+3
798 9.000000E+0 65.390000E+3 50.000000E+0 13.000000E+0
799 6.000000E+0 65.392000E+3 64.000000E+0 0.000000E+0
800 65.530000E+3 65.391000E+3 49.000000E+0 65.529000E+3
801 65.529000E+3 65.391000E+3 58.000000E+0 65.535000E+3
802 65.529000E+3 65.390000E+3 36.000000E+0 3.000000E+0
803 65.524000E+3 65.390000E+3 31.000000E+0 65.528000E+3
804 65.505000E+3 65.390000E+3 65.522000E+3 65.515000E+3
805 65.495000E+3 65.390000E+3 65.516000E+3 65.519000E+3
806 65.497000E+3 65.390000E+3 65.514000E+3 65.514000E+3
807 65.503000E+3 65.390000E+3 65.529000E+3 65.528000E+3
808 65.505000E+3 65.390000E+3 65.535000E+3 65.513000E+3
809 65.510000E+3 65.390000E+3 9.000000E+0 65.530000E+3
810 65.515000E+3 65.390000E+3 23.000000E+0 65.515000E+3
811 65.520000E+3 65.387000E+3 45.000000E+0 0.000000E+0
812 65.518000E+3 65.386000E+3 52.000000E+0 65.512000E+3
813 65.513000E+3 65.383000E+3 53.000000E+0 59.000000E+0
814 65.504000E+3 65.386000E+3 51.000000E+0 89.000000E+0
815 65.514000E+3 65.380000E+3 46.000000E+0 134.000000E+0
816 65.520000E+3 65.439000E+3 46.000000E+0 169.000000E+0
817 65.519000E+3 65.423000E+3 32.000000E+0 231.000000E+0
818 65.524000E+3 65.450000E+3 28.000000E+0 237.000000E+0
819 65.533000E+3 65.426000E+3 34.000000E+0 246.000000E+0
820 65.527000E+3 65.454000E+3 46.000000E+0 238.000000E+0
821 0.000000E+0 65.415000E+3 32.000000E+0 207.000000E+0
822 65.531000E+3 65.407000E+3 47.000000E+0 197.000000E+0
823 0.000000E+0 65.370000E+3 27.000000E+0 146.000000E+0
824 65.534000E+3 65.360000E+3 33.000000E+0 139.000000E+0
825 6.000000E+0 65.343000E+3 23.000000E+0 99.000000E+0
826 4.000000E+0 65.338000E+3 30.000000E+0 81.000000E+0
827 18.000000E+0 65.354000E+3 23.000000E+0 65.000000E+0
828 20.000000E+0 65.354000E+3 23.000000E+0 66.000000E+0
829 16.000000E+0 65.423000E+3 21.000000E+0 54.000000E+0
830 14.000000E+0 65.423000E+3 14.000000E+0 54.000000E+0
831 65.534000E+3 65.493000E+3 2.000000E+0 51.000000E+0
832 65.535000E+3 65.491000E+3 0.000000E+0 79.000000E+0
833 65.526000E+3 65.531000E+3 65.526000E+3 87.000000E+0
834 2.000000E+0 65.526000E+3 65.529000E+3 123.000000E+0
835 65.524000E+3 13.000000E+0 65.518000E+3 137.000000E+0
836 65.518000E+3 65.527000E+3 65.495000E+3 142.000000E+0
837 65.495000E+3 19.000000E+0 65.470000E+3 144.000000E+0
838 65.508000E+3 65.521000E+3 65.469000E+3 149.000000E+0
839 65.502000E+3 11.000000E+0 65.473000E+3 150.000000E+0
840 65.530000E+3 65.531000E+3 65.476000E+3 152.000000E+0
841 65.520000E+3 17.000000E+0 65.484000E+3 148.000000E+0
842 0.000000E+0 11.000000E+0 65.485000E+3 138.000000E+0
843 65.529000E+3 21.000000E+0 65.479000E+3 153.000000E+0
844 0.000000E+0 22.000000E+0 65.474000E+3 154.000000E+0
845 65.525000E+3 6.000000E+0 65.474000E+3 153.000000E+0
846 65.524000E+3 11.000000E+0 65.467000E+3 153.000000E+0
847 65.517000E+3 0.000000E+0 65.464000E+3 157.000000E+0
848 65.518000E+3 18.000000E+0 65.463000E+3 157.000000E+0
849 65.516000E+3 1.000000E+0 65.465000E+3 156.000000E+0
850 65.514000E+3 27.000000E+0 65.464000E+3 157.000000E+0
851 65.514000E+3 3.000000E+0 65.463000E+3 157.000000E+0
852 65.508000E+3 29.000000E+0 65.462000E+3 157.000000E+0
853 65.513000E+3 0.000000E+0 65.465000E+3 161.000000E+0
854 65.508000E+3 65.515000E+3 65.471000E+3 141.000000E+0
855 65.514000E+3 65.521000E+3 65.455000E+3 145.000000E+0
856 65.506000E+3 21.000000E+0 65.440000E+3 149.000000E+0
857 65.509000E+3 65.506000E+3 65.440000E+3 154.000000E+0
858 65.509000E+3 65.468000E+3 65.455000E+3 133.000000E+0
859 65.512000E+3 65.447000E+3 65.450000E+3 149.000000E+0
860 65.505000E+3 65.459000E+3 65.451000E+3 121.000000E+0
861 65.503000E+3 65.498000E+3 65.447000E+3 130.000000E+0
862 65.503000E+3 65.500000E+3 65.450000E+3 149.000000E+0
863 65.502000E+3 65.528000E+3 65.436000E+3 172.000000E+0
864 65.502000E+3 0.000000E+0 65.445000E+3 177.000000E+0
865 65.510000E+3 10.000000E+0 65.440000E+3 189.000000E+0
866 65.510000E+3 6.000000E+0 65.450000E+3 172.000000E+0
867 65.525000E+3 11.000000E+0 65.452000E+3 154.000000E+0
868 65.521000E+3 11.000000E+0 65.455000E+3 145.000000E+0
869 65.526000E+3 17.000000E+0 65.458000E+3 93.000000E+0
870 65.519000E+3 14.000000E+0 65.458000E+3 93.000000E+0
871 65.520000E+3 8.000000E+0 65.504000E+3 59.000000E+0
872 65.515000E+3 65.531000E+3 65.505000E+3 90.000000E+0
873 65.530000E+3 65.501000E+3 65.531000E+3 50.000000E+0
874 65.534000E+3 65.429000E+3 65.535000E+3 45.000000E+0
875 1.000000E+0 65.412000E+3 10.000000E+0 10.000000E+0
876 0.000000E+0 65.377000E+3 13.000000E+0 3.000000E+0
877 9.000000E+0 65.363000E+3 45.000000E+0 65.521000E+3
878 15.000000E+0 65.392000E+3 45.000000E+0 6.000000E+0
879 9.000000E+0 65.395000E+3 61.000000E+0 65.522000E+3
880 4.000000E+0 65.394000E+3 61.000000E+0 0.000000E+0
881 0.000000E+0 65.395000E+3 51.000000E+0 65.532000E+3
882 65.532000E+3 65.395000E+3 40.000000E+0 1.000000E+0
883 65.530000E+3 65.395000E+3 33.000000E+0 65.528000E+3
884 65.529000E+3 65.394000E+3 5.000000E+0 65.521000E+3
885 65.522000E+3 65.394000E+3 7.000000E+0 65.527000E+3
886 65.518000E+3 65.394000E+3 65.517000E+3 65.515000E+3
887 65.516000E+3 65.394000E+3 65.531000E+3 65.528000E+3
888 65.516000E+3 65.392000E+3 65.523000E+3 65.508000E+3
889 65.520000E+3 65.393000E+3 0.000000E+0 65.525000E+3
890 65.522000E+3 65.393000E+3 15.000000E+0 65.512000E+3
891 65.535000E+3 65.390000E+3 32.000000E+0 65.535000E+3
892 65.534000E+3 65.390000E+3 50.000000E+0 65.513000E+3
893 65.535000E+3 65.386000E+3 54.000000E+0 32.000000E+0
894 65.532000E+3 65.396000E+3 60.000000E+0 106.000000E+0
895 0.000000E+0 65.392000E+3 37.000000E+0 131.000000E+0
896 0.000000E+0 65.387000E+3 37.000000E+0 29.000000E+0
897 3.000000E+0 65.410000E+3 23.000000E+0 156.000000E+0
898 0.000000E+0 65.433000E+3 29.000000E+0 171.000000E+0
899 5.000000E+0 65.393000E+3 17.000000E+0 197.000000E+0
900 0.000000E+0 65.424000E+3 33.000000E+0 181.000000E+0
901 8.000000E+0 65.420000E+3 31.000000E+0 131.000000E+0
902 3.000000E+0 65.397000E+3 37.000000E+0 136.000000E+0
903 22.000000E+0 65.362000E+3 23.000000E+0 83.000000E+0
904 23.000000E+0 65.353000E+3 32.000000E+0 82.000000E+0
905 43.000000E+0 65.349000E+3 27.000000E+0 40.000000E+0
906 45.000000E+0 65.351000E+3 33.000000E+0 25.000000E+0
907 38.000000E+0 65.360000E+3 22.000000E+0 4.000000E+0
908 27.000000E+0 65.356000E+3 16.000000E+0 1.000000E+0
909 14.000000E+0 65.425000E+3 2.000000E+0 65.533000E+3
910 9.000000E+0 65.427000E+3 0.000000E+0 1.000000E+0
911 0.000000E+0 65.475000E+3 65.524000E+3 5.000000E+0
912 65.535000E+3 65.470000E+3 65.520000E+3 50.000000E+0
913 65.528000E+3 65.517000E+3 65.501000E+3 73.000000E+0
914 2.000000E+0 65.519000E+3 65.501000E+3 123.000000E+0
915 65.516000E+3 0.000000E+0 65.489000E+3 136.000000E+0
916 65.506000E+3 65.533000E+3 65.463000E+3 145.000000E+0
917 65.484000E+3 11.000000E+0 65.448000E+3 140.000000E+0
918 65.508000E+3 65.521000E+3 65.451000E+3 130.000000E+0
919 65.511000E+3 20.000000E+0 65.467000E+3 127.000000E+0
920 65.535000E+3 65.531000E+3 65.482000E+3 128.000000E+0
921 65.530000E+3 13.000000E+0 65.484000E+3 125.000000E+0
922 4.000000E+0 14.000000E+0 65.485000E+3 126.000000E+0
923 65.535000E+3 21.000000E+0 65.480000E+3 126.000000E+0
924 0.000000E+0 23.000000E+0 65.479000E+3 126.000000E+0
925 65.526000E+3 8.000000E+0 65.472000E+3 129.000000E+0
926 65.527000E+3 10.000000E+0 65.465000E+3 129.000000E+0
927 65.515000E+3 0.000000E+0 65.459000E+3 130.000000E+0
928 65.519000E+3 21.000000E+0 65.452000E+3 129.000000E+0
929 65.512000E+3 2.000000E+0 65.452000E+3 128.000000E+0
930 65.508000E+3 28.000000E+0 65.452000E+3 128.000000E+0
931 65.514000E+3 3.000000E+0 65.451000E+3 133.000000E+0
932 65.509000E+3 31.000000E+0 65.441000E+3 134.000000E+0
933 65.513000E+3 65.535000E+3 65.448000E+3 136.000000E+0
934 65.503000E+3 65.520000E+3 65.450000E+3 132.000000E+0
935 65.510000E+3 65.525000E+3 65.434000E+3 136.000000E+0
936 65.506000E+3 28.000000E+0 65.409000E+3 138.000000E+0
937 65.505000E+3 9.000000E+0 65.413000E+3 148.000000E+0
938 65.513000E+3 9.000000E+0 65.436000E+3 149.000000E+0
939 65.521000E+3 0.000000E+0 65.438000E+3 171.000000E+0
940 65.515000E+3 65.533000E+3 65.442000E+3 171.000000E+0
941 65.515000E+3 1.000000E+0 65.438000E+3 185.000000E+0
942 65.510000E+3 0.000000E+0 65.436000E+3 180.000000E+0
943 65.511000E+3 10.000000E+0 65.419000E+3 203.000000E+0
944 65.508000E+3 0.000000E+0 65.431000E+3 186.000000E+0
945 65.512000E+3 8.000000E+0 65.424000E+3 179.000000E+0
946 65.510000E+3 0.000000E+0 65.432000E+3 144.000000E+0
947 65.513000E+3 5.000000E+0 65.426000E+3 115.000000E+0
948 65.511000E+3 2.000000E+0 65.439000E+3 116.000000E+0
949 65.515000E+3 3.000000E+0 65.441000E+3 71.000000E+0
950 65.509000E+3 6.000000E+0 65.444000E+3 82.000000E+0
951 65.517000E+3 7.000000E+0 65.478000E+3 42.000000E+0
952 65.510000E+3 3.000000E+0 65.478000E+3 93.000000E+0
953 65.523000E+3 65.524000E+3 65.522000E+3 59.000000E+0
954 65.526000E+3 65.415000E+3 65.533000E+3 78.000000E+0
955 0.000000E+0 65.405000E+3 19.000000E+0 9.000000E+0
956 0.000000E+0 65.345000E+3 16.000000E+0 65.531000E+3
957 7.000000E+0 65.367000E+3 49.000000E+0 65.519000E+3
958 0.000000E+0 65.365000E+3 49.000000E+0 14.000000E+0
959 65.533000E+3 65.367000E+3 59.000000E+0 65.530000E+3
960 65.526000E+3 65.373000E+3 48.000000E+0 0.000000E+0
961 65.531000E+3 65.371000E+3 52.000000E+0 65.532000E+3
962 65.512000E+3 65.369000E+3 26.000000E+0 3.000000E+0
963 65.490000E+3 65.368000E+3 65.532000E+3 65.513000E+3
964 65.490000E+3 65.368000E+3 65.507000E+3 65.508000E+3
965 65.483000E+3 65.368000E+3 65.515000E+3 65.517000E+3
966 65.490000E+3 65.384000E+3 65.517000E+3 65.520000E+3
967 65.498000E+3 65.385000E+3 0.000000E+0 65.529000E+3
968 65.495000E+3 65.385000E+3 5.000000E+0 65.519000E+3
969 65.506000E+3 65.385000E+3 21.000000E+0 65.535000E+3
970 65.507000E+3 65.385000E+3 34.000000E+0 65.514000E+3
971 65.506000E+3 65.382000E+3 39.000000E+0 0.000000E+0
972 65.502000E+3 65.382000E+3 42.000000E+0 65.517000E+3
973 65.486000E+3 65.379000E+3 40.000000E+0 112.000000E+0
974 65.496000E+3 65.382000E+3 49.000000E+0 147.000000E+0
975 65.504000E+3 65.394000E+3 41.000000E+0 247.000000E+0
976 65.505000E+3 65.417000E+3 42.000000E+0 249.000000E+0
977 65.514000E+3 65.405000E+3 29.000000E+0 272.000000E+0
978 65.514000E+3 65.446000E+3 31.000000E+0 282.000000E+0
979 65.524000E+3 65.439000E+3 34.000000E+0 284.000000E+0
980 65.522000E+3 65.441000E+3 46.000000E+0 269.000000E+0
981 65.534000E+3 65.427000E+3 37.000000E+0 242.000000E+0
982 65.527000E+3 65.415000E+3 48.000000E+0 208.000000E+0
983 1.000000E+0 65.394000E+3 28.000000E+0 177.000000E+0
984 65.531000E+3 65.375000E+3 35.000000E+0 151.000000E+0
985 0.000000E+0 65.360000E+3 23.000000E+0 122.000000E+0
986 0.000000E+0 65.358000E+3 29.000000E+0 99.000000E+0
987 8.000000E+0 65.368000E+3 23.000000E+0 82.000000E+0
988 9.000000E+0 65.367000E+3 21.000000E+0 83.000000E+0
989 11.000000E+0 65.426000E+3 18.000000E+0 70.000000E+0
990 10.000000E+0 65.426000E+3 13.000000E+0 70.000000E+0
991 65.531000E+3 65.486000E+3 1.000000E+0 64.000000E+0
992 65.533000E+3 65.486000E+3 0.000000E+0 91.000000E+0
993 65.528000E+3 65.533000E+3 65.524000E+3 91.000000E+0
994 2.000000E+0 65.529000E+3 65.526000E+3 122.000000E+0
995 65.521000E+3 26.000000E+0 65.508000E+3 138.000000E+0
996 65.518000E+3 65.525000E+3 65.484000E+3 136.000000E+0
997 65.492000E+3 13.000000E+0 65.466000E+3 129.000000E+0
998 65.508000E+3 65.521000E+3 65.465000E+3 130.000000E+0
999 65.503000E+3 13.000000E+0 65.468000E+3 129.000000E+0
1000 65.529000E+3 65.532000E+3 65.472000E+3 130.000000E+0
