0 1.024000E+3 1.026000E+3 1.021000E+3 1.020000E+3
1 1.023000E+3 1.027000E+3 1.021000E+3 1.021000E+3
2 1.023000E+3 1.031000E+3 1.022000E+3 1.017000E+3
3 1.020000E+3 1.036000E+3 1.025000E+3 1.010000E+3
4 1.014000E+3 1.049000E+3 1.029000E+3 995.000000E+0
5 1.008000E+3 1.065000E+3 1.036000E+3 976.000000E+0
6 999.000000E+0 1.087000E+3 1.043000E+3 957.000000E+0
7 992.000000E+0 1.110000E+3 1.050000E+3 936.000000E+0
8 982.000000E+0 1.133000E+3 1.059000E+3 918.000000E+0
9 973.000000E+0 1.155000E+3 1.067000E+3 897.000000E+0
10 964.000000E+0 1.175000E+3 1.076000E+3 879.000000E+0
11 955.000000E+0 1.195000E+3 1.085000E+3 860.000000E+0
12 945.000000E+0 1.216000E+3 1.094000E+3 841.000000E+0
13 936.000000E+0 1.234000E+3 1.102000E+3 824.000000E+0
14 927.000000E+0 1.255000E+3 1.111000E+3 804.000000E+0
15 918.000000E+0 1.273000E+3 1.119000E+3 786.000000E+0
16 909.000000E+0 1.291000E+3 1.128000E+3 769.000000E+0
17 900.000000E+0 1.308000E+3 1.135000E+3 753.000000E+0
18 891.000000E+0 1.327000E+3 1.142000E+3 734.000000E+0
19 883.000000E+0 1.343000E+3 1.150000E+3 717.000000E+0
20 874.000000E+0 1.360000E+3 1.157000E+3 700.000000E+0
21 867.000000E+0 1.377000E+3 1.163000E+3 684.000000E+0
22 859.000000E+0 1.394000E+3 1.171000E+3 668.000000E+0
23 852.000000E+0 1.410000E+3 1.179000E+3 650.000000E+0
24 844.000000E+0 1.425000E+3 1.186000E+3 636.000000E+0
25 838.000000E+0 1.439000E+3 1.193000E+3 619.000000E+0
26 831.000000E+0 1.454000E+3 1.200000E+3 605.000000E+0
27 825.000000E+0 1.468000E+3 1.207000E+3 589.000000E+0
28 818.000000E+0 1.481000E+3 1.214000E+3 576.000000E+0
29 812.000000E+0 1.494000E+3 1.220000E+3 562.000000E+0
30 806.000000E+0 1.506000E+3 1.226000E+3 549.000000E+0
31 800.000000E+0 1.518000E+3 1.231000E+3 535.000000E+0
32 796.000000E+0 1.530000E+3 1.237000E+3 524.000000E+0
33 791.000000E+0 1.542000E+3 1.243000E+3 512.000000E+0
34 785.000000E+0 1.553000E+3 1.249000E+3 500.000000E+0
35 781.000000E+0 1.564000E+3 1.253000E+3 489.000000E+0
36 776.000000E+0 1.575000E+3 1.258000E+3 477.000000E+0
37 772.000000E+0 1.584000E+3 1.262000E+3 467.000000E+0
38 768.000000E+0 1.593000E+3 1.266000E+3 459.000000E+0
39 765.000000E+0 1.603000E+3 1.269000E+3 450.000000E+0
40 761.000000E+0 1.611000E+3 1.273000E+3 441.000000E+0
41 758.000000E+0 1.618000E+3 1.276000E+3 433.000000E+0
42 755.000000E+0 1.626000E+3 1.279000E+3 426.000000E+0
43 752.000000E+0 1.632000E+3 1.282000E+3 419.000000E+0
44 749.000000E+0 1.639000E+3 1.285000E+3 412.000000E+0
45 748.000000E+0 1.643000E+3 1.287000E+3 406.000000E+0
46 745.000000E+0 1.649000E+3 1.289000E+3 401.000000E+0
47 744.000000E+0 1.652000E+3 1.291000E+3 396.000000E+0
48 742.000000E+0 1.656000E+3 1.293000E+3 392.000000E+0
49 741.000000E+0 1.659000E+3 1.294000E+3 389.000000E+0
50 740.000000E+0 1.661000E+3 1.294000E+3 387.000000E+0
51 740.000000E+0 1.663000E+3 1.295000E+3 385.000000E+0
52 740.000000E+0 1.664000E+3 1.295000E+3 384.000000E+0
53 739.000000E+0 1.664000E+3 1.295000E+3 384.000000E+0
54 739.000000E+0 1.664000E+3 1.295000E+3 384.000000E+0
55 739.000000E+0 1.664000E+3 1.295000E+3 384.000000E+0
56 739.000000E+0 1.664000E+3 1.296000E+3 384.000000E+0
57 739.000000E+0 1.664000E+3 1.296000E+3 384.000000E+0
58 738.000000E+0 1.664000E+3 1.296000E+3 384.000000E+0
59 738.000000E+0 1.664000E+3 1.296000E+3 384.000000E+0
60 738.000000E+0 1.664000E+3 1.297000E+3 384.000000E+0
61 736.000000E+0 1.664000E+3 1.298000E+3 384.000000E+0
62 735.000000E+0 1.663000E+3 1.299000E+3 384.000000E+0
63 734.000000E+0 1.664000E+3 1.300000E+3 384.000000E+0
64 733.000000E+0 1.664000E+3 1.300000E+3 384.000000E+0
65 733.000000E+0 1.664000E+3 1.301000E+3 384.000000E+0
66 733.000000E+0 1.664000E+3 1.302000E+3 382.000000E+0
67 733.000000E+0 1.666000E+3 1.303000E+3 381.000000E+0
68 732.000000E+0 1.668000E+3 1.305000E+3 377.000000E+0
69 732.000000E+0 1.671000E+3 1.308000E+3 373.000000E+0
70 732.000000E+0 1.673000E+3 1.313000E+3 369.000000E+0
71 731.000000E+0 1.675000E+3 1.317000E+3 362.000000E+0
72 731.000000E+0 1.677000E+3 1.325000E+3 353.000000E+0
73 731.000000E+0 1.677000E+3 1.333000E+3 344.000000E+0
74 731.000000E+0 1.677000E+3 1.342000E+3 333.000000E+0
75 731.000000E+0 1.678000E+3 1.352000E+3 323.000000E+0
76 731.000000E+0 1.677000E+3 1.363000E+3 314.000000E+0
77 731.000000E+0 1.677000E+3 1.374000E+3 306.000000E+0
78 731.000000E+0 1.677000E+3 1.386000E+3 298.000000E+0
79 731.000000E+0 1.677000E+3 1.395000E+3 292.000000E+0
80 731.000000E+0 1.677000E+3 1.405000E+3 287.000000E+0
81 731.000000E+0 1.677000E+3 1.414000E+3 284.000000E+0
82 731.000000E+0 1.677000E+3 1.424000E+3 283.000000E+0
83 732.000000E+0 1.677000E+3 1.432000E+3 283.000000E+0
84 732.000000E+0 1.677000E+3 1.439000E+3 286.000000E+0
85 733.000000E+0 1.678000E+3 1.446000E+3 290.000000E+0
86 734.000000E+0 1.678000E+3 1.451000E+3 297.000000E+0
87 735.000000E+0 1.677000E+3 1.455000E+3 304.000000E+0
88 736.000000E+0 1.677000E+3 1.458000E+3 315.000000E+0
89 737.000000E+0 1.678000E+3 1.459000E+3 326.000000E+0
90 739.000000E+0 1.677000E+3 1.460000E+3 340.000000E+0
91 740.000000E+0 1.678000E+3 1.460000E+3 353.000000E+0
92 742.000000E+0 1.677000E+3 1.459000E+3 367.000000E+0
93 744.000000E+0 1.678000E+3 1.459000E+3 382.000000E+0
94 747.000000E+0 1.677000E+3 1.457000E+3 396.000000E+0
95 749.000000E+0 1.677000E+3 1.455000E+3 402.000000E+0
96 754.000000E+0 1.676000E+3 1.450000E+3 408.000000E+0
97 756.000000E+0 1.676000E+3 1.445000E+3 417.000000E+0
98 761.000000E+0 1.677000E+3 1.439000E+3 429.000000E+0
99 765.000000E+0 1.677000E+3 1.434000E+3 439.000000E+0
100 771.000000E+0 1.677000E+3 1.427000E+3 444.000000E+0
101 779.000000E+0 1.676000E+3 1.422000E+3 445.000000E+0
102 789.000000E+0 1.675000E+3 1.415000E+3 441.000000E+0
103 799.000000E+0 1.673000E+3 1.409000E+3 436.000000E+0
104 810.000000E+0 1.669000E+3 1.402000E+3 431.000000E+0
105 822.000000E+0 1.664000E+3 1.395000E+3 425.000000E+0
106 832.000000E+0 1.657000E+3 1.387000E+3 419.000000E+0
107 842.000000E+0 1.651000E+3 1.380000E+3 415.000000E+0
108 849.000000E+0 1.648000E+3 1.371000E+3 410.000000E+0
109 854.000000E+0 1.648000E+3 1.364000E+3 407.000000E+0
110 856.000000E+0 1.653000E+3 1.357000E+3 404.000000E+0
111 857.000000E+0 1.657000E+3 1.351000E+3 403.000000E+0
112 855.000000E+0 1.669000E+3 1.346000E+3 402.000000E+0
113 852.000000E+0 1.682000E+3 1.343000E+3 392.000000E+0
114 849.000000E+0 1.694000E+3 1.342000E+3 383.000000E+0
115 840.000000E+0 1.702000E+3 1.338000E+3 374.000000E+0
116 829.000000E+0 1.712000E+3 1.335000E+3 367.000000E+0
117 817.000000E+0 1.727000E+3 1.333000E+3 363.000000E+0
118 803.000000E+0 1.742000E+3 1.331000E+3 362.000000E+0
119 790.000000E+0 1.758000E+3 1.326000E+3 363.000000E+0
120 771.000000E+0 1.768000E+3 1.321000E+3 363.000000E+0
121 753.000000E+0 1.773000E+3 1.317000E+3 362.000000E+0
122 731.000000E+0 1.777000E+3 1.314000E+3 362.000000E+0
123 713.000000E+0 1.780000E+3 1.311000E+3 362.000000E+0
124 692.000000E+0 1.780000E+3 1.308000E+3 362.000000E+0
125 677.000000E+0 1.779000E+3 1.306000E+3 362.000000E+0
126 662.000000E+0 1.775000E+3 1.303000E+3 362.000000E+0
127 649.000000E+0 1.769000E+3 1.301000E+3 362.000000E+0
128 641.000000E+0 1.759000E+3 1.299000E+3 362.000000E+0
129 631.000000E+0 1.748000E+3 1.297000E+3 362.000000E+0
130 624.000000E+0 1.734000E+3 1.295000E+3 361.000000E+0
131 619.000000E+0 1.719000E+3 1.293000E+3 362.000000E+0
132 616.000000E+0 1.704000E+3 1.292000E+3 362.000000E+0
133 615.000000E+0 1.690000E+3 1.290000E+3 362.000000E+0
134 614.000000E+0 1.679000E+3 1.287000E+3 362.000000E+0
135 614.000000E+0 1.673000E+3 1.284000E+3 363.000000E+0
136 615.000000E+0 1.670000E+3 1.280000E+3 365.000000E+0
137 617.000000E+0 1.668000E+3 1.277000E+3 367.000000E+0
138 619.000000E+0 1.665000E+3 1.272000E+3 371.000000E+0
139 623.000000E+0 1.662000E+3 1.267000E+3 374.000000E+0
140 627.000000E+0 1.660000E+3 1.262000E+3 378.000000E+0
141 633.000000E+0 1.657000E+3 1.255000E+3 381.000000E+0
142 639.000000E+0 1.656000E+3 1.246000E+3 384.000000E+0
143 645.000000E+0 1.655000E+3 1.236000E+3 387.000000E+0
144 653.000000E+0 1.654000E+3 1.226000E+3 390.000000E+0
145 661.000000E+0 1.652000E+3 1.215000E+3 393.000000E+0
146 669.000000E+0 1.651000E+3 1.206000E+3 396.000000E+0
147 675.000000E+0 1.649000E+3 1.198000E+3 398.000000E+0
148 682.000000E+0 1.648000E+3 1.191000E+3 398.000000E+0
149 687.000000E+0 1.649000E+3 1.186000E+3 398.000000E+0
150 692.000000E+0 1.650000E+3 1.184000E+3 395.000000E+0
151 696.000000E+0 1.653000E+3 1.183000E+3 391.000000E+0
152 697.000000E+0 1.657000E+3 1.187000E+3 382.000000E+0
153 700.000000E+0 1.663000E+3 1.190000E+3 373.000000E+0
154 704.000000E+0 1.669000E+3 1.197000E+3 363.000000E+0
155 707.000000E+0 1.675000E+3 1.206000E+3 350.000000E+0
156 709.000000E+0 1.680000E+3 1.218000E+3 335.000000E+0
157 710.000000E+0 1.684000E+3 1.229000E+3 314.000000E+0
158 710.000000E+0 1.685000E+3 1.242000E+3 304.000000E+0
159 711.000000E+0 1.685000E+3 1.258000E+3 291.000000E+0
160 713.000000E+0 1.685000E+3 1.276000E+3 280.000000E+0
161 718.000000E+0 1.684000E+3 1.296000E+3 272.000000E+0
162 721.000000E+0 1.685000E+3 1.316000E+3 268.000000E+0
163 725.000000E+0 1.684000E+3 1.335000E+3 267.000000E+0
164 727.000000E+0 1.685000E+3 1.354000E+3 268.000000E+0
165 729.000000E+0 1.684000E+3 1.371000E+3 268.000000E+0
166 730.000000E+0 1.685000E+3 1.386000E+3 273.000000E+0
167 732.000000E+0 1.684000E+3 1.399000E+3 280.000000E+0
168 732.000000E+0 1.684000E+3 1.410000E+3 292.000000E+0
169 732.000000E+0 1.684000E+3 1.419000E+3 304.000000E+0
170 733.000000E+0 1.684000E+3 1.427000E+3 318.000000E+0
171 735.000000E+0 1.684000E+3 1.432000E+3 334.000000E+0
172 737.000000E+0 1.684000E+3 1.436000E+3 352.000000E+0
173 739.000000E+0 1.684000E+3 1.439000E+3 365.000000E+0
174 743.000000E+0 1.683000E+3 1.441000E+3 377.000000E+0
175 746.000000E+0 1.678000E+3 1.441000E+3 381.000000E+0
176 749.000000E+0 1.674000E+3 1.439000E+3 388.000000E+0
177 752.000000E+0 1.671000E+3 1.438000E+3 404.000000E+0
178 755.000000E+0 1.671000E+3 1.435000E+3 425.000000E+0
179 760.000000E+0 1.671000E+3 1.431000E+3 442.000000E+0
180 769.000000E+0 1.671000E+3 1.428000E+3 452.000000E+0
181 779.000000E+0 1.671000E+3 1.425000E+3 454.000000E+0
182 792.000000E+0 1.670000E+3 1.421000E+3 451.000000E+0
183 804.000000E+0 1.668000E+3 1.417000E+3 446.000000E+0
184 819.000000E+0 1.663000E+3 1.410000E+3 439.000000E+0
185 831.000000E+0 1.656000E+3 1.404000E+3 432.000000E+0
186 844.000000E+0 1.647000E+3 1.395000E+3 425.000000E+0
187 853.000000E+0 1.639000E+3 1.386000E+3 418.000000E+0
188 861.000000E+0 1.634000E+3 1.377000E+3 412.000000E+0
189 866.000000E+0 1.634000E+3 1.369000E+3 407.000000E+0
190 868.000000E+0 1.638000E+3 1.361000E+3 404.000000E+0
191 869.000000E+0 1.644000E+3 1.354000E+3 403.000000E+0
192 866.000000E+0 1.658000E+3 1.348000E+3 401.000000E+0
193 864.000000E+0 1.674000E+3 1.343000E+3 392.000000E+0
194 861.000000E+0 1.688000E+3 1.343000E+3 383.000000E+0
195 853.000000E+0 1.695000E+3 1.339000E+3 373.000000E+0
196 841.000000E+0 1.706000E+3 1.336000E+3 364.000000E+0
197 829.000000E+0 1.721000E+3 1.335000E+3 359.000000E+0
198 814.000000E+0 1.737000E+3 1.333000E+3 358.000000E+0
199 799.000000E+0 1.756000E+3 1.328000E+3 359.000000E+0
200 780.000000E+0 1.767000E+3 1.322000E+3 358.000000E+0
201 761.000000E+0 1.771000E+3 1.318000E+3 358.000000E+0
202 738.000000E+0 1.777000E+3 1.314000E+3 358.000000E+0
203 716.000000E+0 1.780000E+3 1.310000E+3 358.000000E+0
204 694.000000E+0 1.779000E+3 1.308000E+3 358.000000E+0
205 676.000000E+0 1.779000E+3 1.305000E+3 358.000000E+0
206 661.000000E+0 1.775000E+3 1.302000E+3 358.000000E+0
207 647.000000E+0 1.768000E+3 1.300000E+3 358.000000E+0
208 636.000000E+0 1.757000E+3 1.298000E+3 358.000000E+0
209 627.000000E+0 1.744000E+3 1.295000E+3 358.000000E+0
210 618.000000E+0 1.728000E+3 1.293000E+3 358.000000E+0
211 611.000000E+0 1.712000E+3 1.291000E+3 358.000000E+0
212 608.000000E+0 1.695000E+3 1.288000E+3 358.000000E+0
213 606.000000E+0 1.684000E+3 1.287000E+3 358.000000E+0
214 606.000000E+0 1.673000E+3 1.284000E+3 359.000000E+0
215 606.000000E+0 1.670000E+3 1.281000E+3 361.000000E+0
216 608.000000E+0 1.667000E+3 1.277000E+3 363.000000E+0
217 610.000000E+0 1.664000E+3 1.273000E+3 367.000000E+0
218 613.000000E+0 1.660000E+3 1.268000E+3 371.000000E+0
219 617.000000E+0 1.656000E+3 1.262000E+3 374.000000E+0
220 622.000000E+0 1.654000E+3 1.257000E+3 379.000000E+0
221 627.000000E+0 1.650000E+3 1.250000E+3 382.000000E+0
222 633.000000E+0 1.649000E+3 1.239000E+3 388.000000E+0
223 640.000000E+0 1.647000E+3 1.229000E+3 389.000000E+0
224 648.000000E+0 1.646000E+3 1.216000E+3 393.000000E+0
225 656.000000E+0 1.643000E+3 1.205000E+3 396.000000E+0
226 663.000000E+0 1.641000E+3 1.193000E+3 399.000000E+0
227 669.000000E+0 1.640000E+3 1.181000E+3 401.000000E+0
228 675.000000E+0 1.638000E+3 1.172000E+3 401.000000E+0
229 680.000000E+0 1.637000E+3 1.165000E+3 401.000000E+0
230 686.000000E+0 1.639000E+3 1.163000E+3 398.000000E+0
231 688.000000E+0 1.643000E+3 1.163000E+3 396.000000E+0
232 693.000000E+0 1.648000E+3 1.167000E+3 387.000000E+0
233 697.000000E+0 1.656000E+3 1.169000E+3 376.000000E+0
234 701.000000E+0 1.664000E+3 1.176000E+3 363.000000E+0
235 704.000000E+0 1.672000E+3 1.185000E+3 353.000000E+0
236 705.000000E+0 1.680000E+3 1.195000E+3 342.000000E+0
237 705.000000E+0 1.685000E+3 1.206000E+3 326.000000E+0
238 707.000000E+0 1.686000E+3 1.222000E+3 313.000000E+0
239 709.000000E+0 1.686000E+3 1.239000E+3 300.000000E+0
240 713.000000E+0 1.686000E+3 1.260000E+3 289.000000E+0
241 717.000000E+0 1.686000E+3 1.279000E+3 279.000000E+0
242 721.000000E+0 1.687000E+3 1.299000E+3 273.000000E+0
243 725.000000E+0 1.686000E+3 1.318000E+3 268.000000E+0
244 727.000000E+0 1.686000E+3 1.337000E+3 268.000000E+0
245 729.000000E+0 1.686000E+3 1.353000E+3 268.000000E+0
246 730.000000E+0 1.686000E+3 1.367000E+3 271.000000E+0
247 730.000000E+0 1.686000E+3 1.381000E+3 275.000000E+0
248 731.000000E+0 1.686000E+3 1.392000E+3 283.000000E+0
249 732.000000E+0 1.686000E+3 1.402000E+3 296.000000E+0
250 734.000000E+0 1.686000E+3 1.411000E+3 310.000000E+0
251 735.000000E+0 1.686000E+3 1.418000E+3 325.000000E+0
252 736.000000E+0 1.686000E+3 1.423000E+3 341.000000E+0
253 738.000000E+0 1.686000E+3 1.427000E+3 353.000000E+0
254 742.000000E+0 1.685000E+3 1.429000E+3 365.000000E+0
255 746.000000E+0 1.681000E+3 1.430000E+3 369.000000E+0
256 748.000000E+0 1.677000E+3 1.430000E+3 375.000000E+0
257 750.000000E+0 1.672000E+3 1.430000E+3 383.000000E+0
258 754.000000E+0 1.671000E+3 1.426000E+3 401.000000E+0
259 756.000000E+0 1.672000E+3 1.423000E+3 422.000000E+0
260 762.000000E+0 1.672000E+3 1.419000E+3 435.000000E+0
261 771.000000E+0 1.672000E+3 1.416000E+3 442.000000E+0
262 783.000000E+0 1.672000E+3 1.412000E+3 440.000000E+0
263 796.000000E+0 1.672000E+3 1.408000E+3 437.000000E+0
264 808.000000E+0 1.668000E+3 1.403000E+3 432.000000E+0
265 818.000000E+0 1.665000E+3 1.396000E+3 426.000000E+0
266 829.000000E+0 1.659000E+3 1.389000E+3 421.000000E+0
267 837.000000E+0 1.654000E+3 1.381000E+3 416.000000E+0
268 844.000000E+0 1.651000E+3 1.372000E+3 410.000000E+0
269 848.000000E+0 1.649000E+3 1.364000E+3 406.000000E+0
270 849.000000E+0 1.653000E+3 1.357000E+3 404.000000E+0
271 848.000000E+0 1.659000E+3 1.350000E+3 402.000000E+0
272 846.000000E+0 1.672000E+3 1.345000E+3 401.000000E+0
273 844.000000E+0 1.684000E+3 1.341000E+3 390.000000E+0
274 840.000000E+0 1.696000E+3 1.341000E+3 381.000000E+0
275 834.000000E+0 1.703000E+3 1.339000E+3 373.000000E+0
276 821.000000E+0 1.714000E+3 1.336000E+3 366.000000E+0
277 809.000000E+0 1.727000E+3 1.334000E+3 361.000000E+0
278 796.000000E+0 1.743000E+3 1.333000E+3 361.000000E+0
279 782.000000E+0 1.759000E+3 1.332000E+3 361.000000E+0
280 765.000000E+0 1.770000E+3 1.329000E+3 361.000000E+0
281 747.000000E+0 1.777000E+3 1.324000E+3 361.000000E+0
282 728.000000E+0 1.780000E+3 1.318000E+3 361.000000E+0
283 708.000000E+0 1.782000E+3 1.314000E+3 361.000000E+0
284 688.000000E+0 1.780000E+3 1.311000E+3 361.000000E+0
285 669.000000E+0 1.779000E+3 1.308000E+3 360.000000E+0
286 653.000000E+0 1.773000E+3 1.305000E+3 361.000000E+0
287 639.000000E+0 1.766000E+3 1.303000E+3 360.000000E+0
288 631.000000E+0 1.754000E+3 1.300000E+3 361.000000E+0
289 621.000000E+0 1.741000E+3 1.299000E+3 361.000000E+0
290 614.000000E+0 1.725000E+3 1.297000E+3 361.000000E+0
291 608.000000E+0 1.710000E+3 1.296000E+3 361.000000E+0
292 606.000000E+0 1.693000E+3 1.294000E+3 360.000000E+0
293 605.000000E+0 1.681000E+3 1.292000E+3 361.000000E+0
294 604.000000E+0 1.665000E+3 1.289000E+3 361.000000E+0
295 605.000000E+0 1.654000E+3 1.286000E+3 361.000000E+0
296 605.000000E+0 1.650000E+3 1.284000E+3 363.000000E+0
297 607.000000E+0 1.646000E+3 1.280000E+3 368.000000E+0
298 610.000000E+0 1.643000E+3 1.275000E+3 371.000000E+0
299 614.000000E+0 1.640000E+3 1.270000E+3 375.000000E+0
300 619.000000E+0 1.637000E+3 1.262000E+3 380.000000E+0
301 625.000000E+0 1.634000E+3 1.255000E+3 383.000000E+0
302 631.000000E+0 1.633000E+3 1.245000E+3 387.000000E+0
303 638.000000E+0 1.632000E+3 1.235000E+3 389.000000E+0
304 647.000000E+0 1.631000E+3 1.223000E+3 393.000000E+0
305 653.000000E+0 1.629000E+3 1.211000E+3 396.000000E+0
306 661.000000E+0 1.629000E+3 1.200000E+3 401.000000E+0
307 667.000000E+0 1.630000E+3 1.189000E+3 404.000000E+0
308 673.000000E+0 1.633000E+3 1.180000E+3 404.000000E+0
309 679.000000E+0 1.636000E+3 1.174000E+3 404.000000E+0
310 686.000000E+0 1.639000E+3 1.172000E+3 400.000000E+0
311 692.000000E+0 1.640000E+3 1.172000E+3 397.000000E+0
312 697.000000E+0 1.644000E+3 1.176000E+3 387.000000E+0
313 701.000000E+0 1.653000E+3 1.180000E+3 375.000000E+0
314 702.000000E+0 1.662000E+3 1.188000E+3 361.000000E+0
315 705.000000E+0 1.670000E+3 1.195000E+3 351.000000E+0
316 708.000000E+0 1.679000E+3 1.206000E+3 340.000000E+0
317 710.000000E+0 1.685000E+3 1.217000E+3 324.000000E+0
318 711.000000E+0 1.688000E+3 1.231000E+3 310.000000E+0
319 712.000000E+0 1.687000E+3 1.246000E+3 295.000000E+0
320 715.000000E+0 1.687000E+3 1.265000E+3 285.000000E+0
321 718.000000E+0 1.687000E+3 1.283000E+3 276.000000E+0
322 723.000000E+0 1.687000E+3 1.302000E+3 270.000000E+0
323 727.000000E+0 1.687000E+3 1.322000E+3 265.000000E+0
324 732.000000E+0 1.687000E+3 1.343000E+3 265.000000E+0
325 736.000000E+0 1.688000E+3 1.361000E+3 267.000000E+0
326 733.000000E+0 1.688000E+3 1.375000E+3 272.000000E+0
327 734.000000E+0 1.687000E+3 1.389000E+3 280.000000E+0
328 736.000000E+0 1.687000E+3 1.400000E+3 286.000000E+0
329 736.000000E+0 1.687000E+3 1.411000E+3 302.000000E+0
330 738.000000E+0 1.687000E+3 1.420000E+3 318.000000E+0
331 740.000000E+0 1.687000E+3 1.427000E+3 333.000000E+0
332 743.000000E+0 1.687000E+3 1.433000E+3 352.000000E+0
333 746.000000E+0 1.687000E+3 1.437000E+3 360.000000E+0
334 749.000000E+0 1.685000E+3 1.440000E+3 370.000000E+0
335 751.000000E+0 1.684000E+3 1.440000E+3 382.000000E+0
336 752.000000E+0 1.685000E+3 1.438000E+3 405.000000E+0
337 753.000000E+0 1.684000E+3 1.437000E+3 426.000000E+0
338 757.000000E+0 1.684000E+3 1.435000E+3 437.000000E+0
339 763.000000E+0 1.685000E+3 1.433000E+3 449.000000E+0
340 772.000000E+0 1.685000E+3 1.430000E+3 455.000000E+0
341 782.000000E+0 1.684000E+3 1.427000E+3 455.000000E+0
342 794.000000E+0 1.682000E+3 1.422000E+3 452.000000E+0
343 803.000000E+0 1.679000E+3 1.417000E+3 446.000000E+0
344 816.000000E+0 1.671000E+3 1.410000E+3 439.000000E+0
345 827.000000E+0 1.661000E+3 1.403000E+3 432.000000E+0
346 839.000000E+0 1.649000E+3 1.394000E+3 424.000000E+0
347 849.000000E+0 1.638000E+3 1.386000E+3 417.000000E+0
348 857.000000E+0 1.633000E+3 1.377000E+3 411.000000E+0
349 863.000000E+0 1.632000E+3 1.368000E+3 407.000000E+0
350 864.000000E+0 1.636000E+3 1.361000E+3 403.000000E+0
351 864.000000E+0 1.643000E+3 1.354000E+3 402.000000E+0
352 862.000000E+0 1.658000E+3 1.348000E+3 401.000000E+0
353 861.000000E+0 1.674000E+3 1.344000E+3 392.000000E+0
354 855.000000E+0 1.689000E+3 1.344000E+3 383.000000E+0
355 851.000000E+0 1.695000E+3 1.342000E+3 374.000000E+0
356 837.000000E+0 1.706000E+3 1.339000E+3 366.000000E+0
357 826.000000E+0 1.720000E+3 1.336000E+3 361.000000E+0
358 811.000000E+0 1.737000E+3 1.335000E+3 360.000000E+0
359 797.000000E+0 1.755000E+3 1.334000E+3 360.000000E+0
360 780.000000E+0 1.766000E+3 1.331000E+3 360.000000E+0
361 761.000000E+0 1.773000E+3 1.327000E+3 360.000000E+0
362 741.000000E+0 1.778000E+3 1.320000E+3 360.000000E+0
363 720.000000E+0 1.781000E+3 1.315000E+3 360.000000E+0
364 698.000000E+0 1.781000E+3 1.312000E+3 359.000000E+0
365 678.000000E+0 1.780000E+3 1.309000E+3 359.000000E+0
366 661.000000E+0 1.775000E+3 1.306000E+3 360.000000E+0
367 647.000000E+0 1.768000E+3 1.304000E+3 359.000000E+0
368 634.000000E+0 1.757000E+3 1.301000E+3 360.000000E+0
369 626.000000E+0 1.745000E+3 1.299000E+3 360.000000E+0
370 618.000000E+0 1.728000E+3 1.296000E+3 359.000000E+0
371 612.000000E+0 1.713000E+3 1.295000E+3 360.000000E+0
372 609.000000E+0 1.695000E+3 1.293000E+3 360.000000E+0
373 607.000000E+0 1.682000E+3 1.292000E+3 359.000000E+0
374 606.000000E+0 1.668000E+3 1.289000E+3 360.000000E+0
375 606.000000E+0 1.654000E+3 1.286000E+3 360.000000E+0
376 607.000000E+0 1.647000E+3 1.283000E+3 361.000000E+0
377 609.000000E+0 1.644000E+3 1.279000E+3 365.000000E+0
378 611.000000E+0 1.641000E+3 1.274000E+3 368.000000E+0
379 615.000000E+0 1.638000E+3 1.269000E+3 372.000000E+0
380 619.000000E+0 1.636000E+3 1.261000E+3 377.000000E+0
381 625.000000E+0 1.633000E+3 1.255000E+3 380.000000E+0
382 632.000000E+0 1.632000E+3 1.244000E+3 384.000000E+0
383 639.000000E+0 1.631000E+3 1.234000E+3 386.000000E+0
384 647.000000E+0 1.630000E+3 1.223000E+3 390.000000E+0
385 654.000000E+0 1.629000E+3 1.210000E+3 393.000000E+0
386 661.000000E+0 1.628000E+3 1.199000E+3 397.000000E+0
387 666.000000E+0 1.630000E+3 1.187000E+3 401.000000E+0
388 673.000000E+0 1.633000E+3 1.178000E+3 402.000000E+0
389 679.000000E+0 1.636000E+3 1.172000E+3 402.000000E+0
390 685.000000E+0 1.639000E+3 1.170000E+3 399.000000E+0
391 692.000000E+0 1.640000E+3 1.170000E+3 396.000000E+0
392 697.000000E+0 1.643000E+3 1.173000E+3 385.000000E+0
393 702.000000E+0 1.653000E+3 1.178000E+3 374.000000E+0
394 703.000000E+0 1.662000E+3 1.185000E+3 361.000000E+0
395 705.000000E+0 1.671000E+3 1.192000E+3 349.000000E+0
396 708.000000E+0 1.680000E+3 1.204000E+3 339.000000E+0
397 711.000000E+0 1.686000E+3 1.216000E+3 324.000000E+0
398 712.000000E+0 1.689000E+3 1.231000E+3 311.000000E+0
399 714.000000E+0 1.688000E+3 1.246000E+3 296.000000E+0
400 718.000000E+0 1.689000E+3 1.265000E+3 285.000000E+0
401 721.000000E+0 1.689000E+3 1.283000E+3 276.000000E+0
402 725.000000E+0 1.688000E+3 1.303000E+3 269.000000E+0
403 730.000000E+0 1.689000E+3 1.321000E+3 265.000000E+0
404 732.000000E+0 1.689000E+3 1.341000E+3 265.000000E+0
405 737.000000E+0 1.688000E+3 1.359000E+3 268.000000E+0
406 735.000000E+0 1.689000E+3 1.375000E+3 273.000000E+0
407 735.000000E+0 1.689000E+3 1.391000E+3 279.000000E+0
408 738.000000E+0 1.689000E+3 1.402000E+3 289.000000E+0
409 739.000000E+0 1.689000E+3 1.413000E+3 302.000000E+0
410 741.000000E+0 1.689000E+3 1.422000E+3 317.000000E+0
411 742.000000E+0 1.688000E+3 1.429000E+3 333.000000E+0
412 745.000000E+0 1.688000E+3 1.434000E+3 349.000000E+0
413 747.000000E+0 1.687000E+3 1.438000E+3 357.000000E+0
414 750.000000E+0 1.686000E+3 1.439000E+3 366.000000E+0
415 752.000000E+0 1.685000E+3 1.438000E+3 381.000000E+0
416 753.000000E+0 1.686000E+3 1.437000E+3 403.000000E+0
417 755.000000E+0 1.684000E+3 1.436000E+3 418.000000E+0
418 759.000000E+0 1.682000E+3 1.435000E+3 427.000000E+0
419 764.000000E+0 1.682000E+3 1.433000E+3 436.000000E+0
420 773.000000E+0 1.682000E+3 1.429000E+3 444.000000E+0
421 782.000000E+0 1.681000E+3 1.426000E+3 451.000000E+0
422 794.000000E+0 1.679000E+3 1.421000E+3 450.000000E+0
423 804.000000E+0 1.678000E+3 1.416000E+3 446.000000E+0
424 816.000000E+0 1.673000E+3 1.410000E+3 439.000000E+0
425 828.000000E+0 1.664000E+3 1.403000E+3 432.000000E+0
426 840.000000E+0 1.651000E+3 1.395000E+3 425.000000E+0
427 850.000000E+0 1.640000E+3 1.386000E+3 418.000000E+0
428 858.000000E+0 1.635000E+3 1.377000E+3 412.000000E+0
429 864.000000E+0 1.633000E+3 1.369000E+3 408.000000E+0
430 864.000000E+0 1.637000E+3 1.361000E+3 405.000000E+0
431 865.000000E+0 1.642000E+3 1.354000E+3 403.000000E+0
432 862.000000E+0 1.656000E+3 1.348000E+3 400.000000E+0
433 861.000000E+0 1.672000E+3 1.343000E+3 392.000000E+0
434 855.000000E+0 1.685000E+3 1.342000E+3 383.000000E+0
435 851.000000E+0 1.693000E+3 1.341000E+3 375.000000E+0
436 840.000000E+0 1.704000E+3 1.339000E+3 367.000000E+0
437 829.000000E+0 1.717000E+3 1.336000E+3 361.000000E+0
438 815.000000E+0 1.734000E+3 1.334000E+3 359.000000E+0
439 801.000000E+0 1.750000E+3 1.334000E+3 358.000000E+0
440 786.000000E+0 1.763000E+3 1.333000E+3 358.000000E+0
441 769.000000E+0 1.773000E+3 1.330000E+3 358.000000E+0
442 750.000000E+0 1.779000E+3 1.324000E+3 358.000000E+0
443 730.000000E+0 1.781000E+3 1.318000E+3 359.000000E+0
444 711.000000E+0 1.781000E+3 1.314000E+3 358.000000E+0
445 691.000000E+0 1.781000E+3 1.311000E+3 358.000000E+0
446 672.000000E+0 1.776000E+3 1.308000E+3 358.000000E+0
447 658.000000E+0 1.771000E+3 1.306000E+3 358.000000E+0
448 645.000000E+0 1.760000E+3 1.304000E+3 358.000000E+0
449 637.000000E+0 1.749000E+3 1.302000E+3 358.000000E+0
450 629.000000E+0 1.734000E+3 1.300000E+3 358.000000E+0
451 622.000000E+0 1.721000E+3 1.298000E+3 358.000000E+0
452 619.000000E+0 1.704000E+3 1.296000E+3 358.000000E+0
453 616.000000E+0 1.687000E+3 1.295000E+3 358.000000E+0
454 616.000000E+0 1.677000E+3 1.292000E+3 358.000000E+0
455 615.000000E+0 1.669000E+3 1.290000E+3 359.000000E+0
456 616.000000E+0 1.653000E+3 1.288000E+3 359.000000E+0
457 617.000000E+0 1.648000E+3 1.285000E+3 360.000000E+0
458 620.000000E+0 1.643000E+3 1.280000E+3 363.000000E+0
459 623.000000E+0 1.642000E+3 1.276000E+3 367.000000E+0
460 628.000000E+0 1.640000E+3 1.270000E+3 369.000000E+0
461 633.000000E+0 1.637000E+3 1.263000E+3 373.000000E+0
462 639.000000E+0 1.636000E+3 1.254000E+3 378.000000E+0
463 646.000000E+0 1.635000E+3 1.245000E+3 379.000000E+0
464 653.000000E+0 1.634000E+3 1.234000E+3 381.000000E+0
465 660.000000E+0 1.634000E+3 1.223000E+3 382.000000E+0
466 666.000000E+0 1.631000E+3 1.213000E+3 385.000000E+0
467 671.000000E+0 1.632000E+3 1.203000E+3 388.000000E+0
468 678.000000E+0 1.635000E+3 1.196000E+3 388.000000E+0
469 683.000000E+0 1.638000E+3 1.191000E+3 388.000000E+0
470 690.000000E+0 1.639000E+3 1.189000E+3 385.000000E+0
471 696.000000E+0 1.641000E+3 1.189000E+3 383.000000E+0
472 700.000000E+0 1.646000E+3 1.193000E+3 373.000000E+0
473 703.000000E+0 1.654000E+3 1.197000E+3 363.000000E+0
474 704.000000E+0 1.662000E+3 1.205000E+3 349.000000E+0
475 707.000000E+0 1.669000E+3 1.211000E+3 340.000000E+0
476 711.000000E+0 1.678000E+3 1.222000E+3 330.000000E+0
477 713.000000E+0 1.684000E+3 1.234000E+3 318.000000E+0
478 713.000000E+0 1.688000E+3 1.249000E+3 304.000000E+0
479 714.000000E+0 1.689000E+3 1.263000E+3 292.000000E+0
480 716.000000E+0 1.689000E+3 1.279000E+3 282.000000E+0
481 718.000000E+0 1.689000E+3 1.296000E+3 274.000000E+0
482 723.000000E+0 1.689000E+3 1.314000E+3 268.000000E+0
483 726.000000E+0 1.689000E+3 1.332000E+3 264.000000E+0
484 730.000000E+0 1.689000E+3 1.352000E+3 265.000000E+0
485 732.000000E+0 1.688000E+3 1.369000E+3 268.000000E+0
486 733.000000E+0 1.688000E+3 1.385000E+3 273.000000E+0
487 734.000000E+0 1.688000E+3 1.398000E+3 281.000000E+0
488 736.000000E+0 1.688000E+3 1.409000E+3 290.000000E+0
489 737.000000E+0 1.689000E+3 1.419000E+3 304.000000E+0
490 738.000000E+0 1.688000E+3 1.427000E+3 318.000000E+0
491 739.000000E+0 1.688000E+3 1.433000E+3 336.000000E+0
492 741.000000E+0 1.688000E+3 1.438000E+3 348.000000E+0
493 743.000000E+0 1.686000E+3 1.440000E+3 355.000000E+0
494 746.000000E+0 1.684000E+3 1.441000E+3 364.000000E+0
495 747.000000E+0 1.684000E+3 1.441000E+3 380.000000E+0
496 749.000000E+0 1.684000E+3 1.439000E+3 405.000000E+0
497 749.000000E+0 1.683000E+3 1.438000E+3 425.000000E+0
498 754.000000E+0 1.684000E+3 1.435000E+3 439.000000E+0
499 760.000000E+0 1.684000E+3 1.434000E+3 453.000000E+0
500 770.000000E+0 1.684000E+3 1.431000E+3 456.000000E+0
501 780.000000E+0 1.683000E+3 1.428000E+3 456.000000E+0
502 792.000000E+0 1.681000E+3 1.423000E+3 452.000000E+0
503 801.000000E+0 1.677000E+3 1.417000E+3 447.000000E+0
504 813.000000E+0 1.670000E+3 1.410000E+3 439.000000E+0
505 823.000000E+0 1.660000E+3 1.402000E+3 431.000000E+0
506 834.000000E+0 1.648000E+3 1.393000E+3 423.000000E+0
507 845.000000E+0 1.638000E+3 1.385000E+3 416.000000E+0
508 853.000000E+0 1.632000E+3 1.375000E+3 411.000000E+0
509 859.000000E+0 1.632000E+3 1.367000E+3 407.000000E+0
510 861.000000E+0 1.636000E+3 1.360000E+3 404.000000E+0
511 862.000000E+0 1.642000E+3 1.354000E+3 403.000000E+0
512 861.000000E+0 1.656000E+3 1.348000E+3 401.000000E+0
513 860.000000E+0 1.672000E+3 1.344000E+3 393.000000E+0
514 855.000000E+0 1.687000E+3 1.343000E+3 385.000000E+0
515 851.000000E+0 1.696000E+3 1.342000E+3 375.000000E+0
516 840.000000E+0 1.704000E+3 1.339000E+3 367.000000E+0
517 829.000000E+0 1.717000E+3 1.337000E+3 361.000000E+0
518 815.000000E+0 1.733000E+3 1.335000E+3 358.000000E+0
519 801.000000E+0 1.751000E+3 1.334000E+3 359.000000E+0
520 786.000000E+0 1.763000E+3 1.333000E+3 359.000000E+0
521 769.000000E+0 1.774000E+3 1.329000E+3 359.000000E+0
522 750.000000E+0 1.777000E+3 1.323000E+3 358.000000E+0
523 732.000000E+0 1.781000E+3 1.318000E+3 358.000000E+0
524 712.000000E+0 1.781000E+3 1.314000E+3 358.000000E+0
525 694.000000E+0 1.781000E+3 1.310000E+3 358.000000E+0
526 675.000000E+0 1.776000E+3 1.307000E+3 359.000000E+0
527 658.000000E+0 1.770000E+3 1.305000E+3 358.000000E+0
528 645.000000E+0 1.760000E+3 1.302000E+3 358.000000E+0
529 635.000000E+0 1.749000E+3 1.300000E+3 358.000000E+0
530 628.000000E+0 1.734000E+3 1.298000E+3 358.000000E+0
531 622.000000E+0 1.720000E+3 1.296000E+3 358.000000E+0
532 617.000000E+0 1.704000E+3 1.294000E+3 358.000000E+0
533 615.000000E+0 1.687000E+3 1.292000E+3 358.000000E+0
534 615.000000E+0 1.677000E+3 1.290000E+3 358.000000E+0
535 615.000000E+0 1.667000E+3 1.288000E+3 359.000000E+0
536 616.000000E+0 1.654000E+3 1.286000E+3 359.000000E+0
537 617.000000E+0 1.651000E+3 1.284000E+3 361.000000E+0
538 620.000000E+0 1.648000E+3 1.278000E+3 364.000000E+0
539 623.000000E+0 1.646000E+3 1.274000E+3 367.000000E+0
540 628.000000E+0 1.644000E+3 1.267000E+3 370.000000E+0
541 633.000000E+0 1.640000E+3 1.260000E+3 374.000000E+0
542 639.000000E+0 1.640000E+3 1.252000E+3 377.000000E+0
543 645.000000E+0 1.638000E+3 1.243000E+3 379.000000E+0
544 653.000000E+0 1.638000E+3 1.232000E+3 382.000000E+0
545 659.000000E+0 1.635000E+3 1.222000E+3 382.000000E+0
546 666.000000E+0 1.633000E+3 1.211000E+3 385.000000E+0
547 672.000000E+0 1.633000E+3 1.202000E+3 387.000000E+0
548 678.000000E+0 1.636000E+3 1.195000E+3 387.000000E+0
549 683.000000E+0 1.638000E+3 1.190000E+3 387.000000E+0
550 690.000000E+0 1.639000E+3 1.188000E+3 384.000000E+0
551 696.000000E+0 1.642000E+3 1.188000E+3 382.000000E+0
552 700.000000E+0 1.647000E+3 1.191000E+3 374.000000E+0
553 703.000000E+0 1.655000E+3 1.195000E+3 364.000000E+0
554 704.000000E+0 1.662000E+3 1.202000E+3 352.000000E+0
555 707.000000E+0 1.670000E+3 1.209000E+3 341.000000E+0
556 711.000000E+0 1.679000E+3 1.219000E+3 332.000000E+0
557 712.000000E+0 1.685000E+3 1.230000E+3 320.000000E+0
558 713.000000E+0 1.689000E+3 1.243000E+3 307.000000E+0
559 714.000000E+0 1.689000E+3 1.258000E+3 295.000000E+0
560 716.000000E+0 1.689000E+3 1.274000E+3 284.000000E+0
561 718.000000E+0 1.689000E+3 1.289000E+3 275.000000E+0
562 721.000000E+0 1.689000E+3 1.308000E+3 269.000000E+0
563 725.000000E+0 1.689000E+3 1.325000E+3 264.000000E+0
564 728.000000E+0 1.689000E+3 1.343000E+3 264.000000E+0
565 732.000000E+0 1.689000E+3 1.360000E+3 266.000000E+0
566 733.000000E+0 1.689000E+3 1.374000E+3 273.000000E+0
567 733.000000E+0 1.689000E+3 1.386000E+3 278.000000E+0
568 733.000000E+0 1.689000E+3 1.396000E+3 282.000000E+0
569 734.000000E+0 1.689000E+3 1.405000E+3 298.000000E+0
570 735.000000E+0 1.689000E+3 1.414000E+3 313.000000E+0
571 736.000000E+0 1.689000E+3 1.421000E+3 327.000000E+0
572 738.000000E+0 1.689000E+3 1.426000E+3 339.000000E+0
573 740.000000E+0 1.688000E+3 1.430000E+3 347.000000E+0
574 742.000000E+0 1.687000E+3 1.431000E+3 353.000000E+0
575 743.000000E+0 1.686000E+3 1.431000E+3 361.000000E+0
576 745.000000E+0 1.687000E+3 1.429000E+3 383.000000E+0
577 745.000000E+0 1.687000E+3 1.429000E+3 404.000000E+0
578 748.000000E+0 1.686000E+3 1.427000E+3 414.000000E+0
579 754.000000E+0 1.686000E+3 1.425000E+3 418.000000E+0
580 761.000000E+0 1.685000E+3 1.422000E+3 422.000000E+0
581 769.000000E+0 1.685000E+3 1.417000E+3 428.000000E+0
582 780.000000E+0 1.683000E+3 1.412000E+3 434.000000E+0
583 789.000000E+0 1.682000E+3 1.407000E+3 433.000000E+0
584 800.000000E+0 1.679000E+3 1.400000E+3 429.000000E+0
585 812.000000E+0 1.672000E+3 1.395000E+3 425.000000E+0
586 823.000000E+0 1.663000E+3 1.387000E+3 420.000000E+0
587 833.000000E+0 1.654000E+3 1.380000E+3 415.000000E+0
588 841.000000E+0 1.649000E+3 1.372000E+3 411.000000E+0
589 845.000000E+0 1.649000E+3 1.364000E+3 407.000000E+0
590 846.000000E+0 1.653000E+3 1.357000E+3 404.000000E+0
591 846.000000E+0 1.659000E+3 1.350000E+3 403.000000E+0
592 844.000000E+0 1.671000E+3 1.345000E+3 396.000000E+0
593 843.000000E+0 1.683000E+3 1.341000E+3 388.000000E+0
594 836.000000E+0 1.694000E+3 1.342000E+3 379.000000E+0
595 831.000000E+0 1.701000E+3 1.340000E+3 372.000000E+0
596 820.000000E+0 1.713000E+3 1.338000E+3 366.000000E+0
597 808.000000E+0 1.726000E+3 1.336000E+3 362.000000E+0
598 794.000000E+0 1.742000E+3 1.334000E+3 360.000000E+0
599 780.000000E+0 1.758000E+3 1.334000E+3 360.000000E+0
600 765.000000E+0 1.770000E+3 1.332000E+3 360.000000E+0
601 747.000000E+0 1.778000E+3 1.329000E+3 360.000000E+0
602 729.000000E+0 1.780000E+3 1.325000E+3 360.000000E+0
603 710.000000E+0 1.781000E+3 1.320000E+3 360.000000E+0
604 691.000000E+0 1.781000E+3 1.314000E+3 360.000000E+0
605 674.000000E+0 1.780000E+3 1.311000E+3 360.000000E+0
606 657.000000E+0 1.773000E+3 1.308000E+3 359.000000E+0
607 642.000000E+0 1.766000E+3 1.306000E+3 360.000000E+0
608 629.000000E+0 1.753000E+3 1.303000E+3 360.000000E+0
609 620.000000E+0 1.740000E+3 1.302000E+3 360.000000E+0
610 613.000000E+0 1.725000E+3 1.300000E+3 360.000000E+0
611 608.000000E+0 1.710000E+3 1.299000E+3 360.000000E+0
612 605.000000E+0 1.692000E+3 1.299000E+3 360.000000E+0
613 604.000000E+0 1.680000E+3 1.297000E+3 360.000000E+0
614 603.000000E+0 1.668000E+3 1.294000E+3 361.000000E+0
615 604.000000E+0 1.650000E+3 1.292000E+3 361.000000E+0
616 606.000000E+0 1.637000E+3 1.288000E+3 360.000000E+0
617 608.000000E+0 1.632000E+3 1.285000E+3 363.000000E+0
618 611.000000E+0 1.629000E+3 1.280000E+3 367.000000E+0
619 615.000000E+0 1.626000E+3 1.276000E+3 369.000000E+0
620 619.000000E+0 1.623000E+3 1.268000E+3 374.000000E+0
621 625.000000E+0 1.619000E+3 1.261000E+3 377.000000E+0
622 631.000000E+0 1.619000E+3 1.252000E+3 381.000000E+0
623 638.000000E+0 1.618000E+3 1.242000E+3 382.000000E+0
624 644.000000E+0 1.618000E+3 1.230000E+3 386.000000E+0
625 651.000000E+0 1.618000E+3 1.217000E+3 390.000000E+0
626 658.000000E+0 1.623000E+3 1.204000E+3 397.000000E+0
627 665.000000E+0 1.629000E+3 1.193000E+3 402.000000E+0
628 672.000000E+0 1.632000E+3 1.185000E+3 404.000000E+0
629 679.000000E+0 1.636000E+3 1.179000E+3 406.000000E+0
630 687.000000E+0 1.639000E+3 1.178000E+3 403.000000E+0
631 693.000000E+0 1.642000E+3 1.179000E+3 400.000000E+0
632 699.000000E+0 1.644000E+3 1.181000E+3 390.000000E+0
633 706.000000E+0 1.647000E+3 1.185000E+3 377.000000E+0
634 709.000000E+0 1.655000E+3 1.192000E+3 360.000000E+0
635 712.000000E+0 1.665000E+3 1.199000E+3 347.000000E+0
636 711.000000E+0 1.673000E+3 1.210000E+3 335.000000E+0
637 713.000000E+0 1.682000E+3 1.219000E+3 325.000000E+0
638 715.000000E+0 1.689000E+3 1.231000E+3 313.000000E+0
639 716.000000E+0 1.689000E+3 1.245000E+3 300.000000E+0
640 718.000000E+0 1.690000E+3 1.262000E+3 286.000000E+0
641 719.000000E+0 1.690000E+3 1.276000E+3 276.000000E+0
642 722.000000E+0 1.689000E+3 1.293000E+3 269.000000E+0
643 728.000000E+0 1.689000E+3 1.310000E+3 265.000000E+0
644 733.000000E+0 1.689000E+3 1.328000E+3 264.000000E+0
645 736.000000E+0 1.689000E+3 1.346000E+3 265.000000E+0
646 738.000000E+0 1.690000E+3 1.363000E+3 270.000000E+0
647 739.000000E+0 1.689000E+3 1.379000E+3 276.000000E+0
648 741.000000E+0 1.689000E+3 1.392000E+3 286.000000E+0
649 743.000000E+0 1.690000E+3 1.404000E+3 297.000000E+0
650 744.000000E+0 1.689000E+3 1.414000E+3 311.000000E+0
651 746.000000E+0 1.690000E+3 1.421000E+3 326.000000E+0
652 747.000000E+0 1.689000E+3 1.426000E+3 343.000000E+0
653 749.000000E+0 1.689000E+3 1.429000E+3 352.000000E+0
654 752.000000E+0 1.689000E+3 1.431000E+3 360.000000E+0
655 755.000000E+0 1.686000E+3 1.431000E+3 365.000000E+0
656 759.000000E+0 1.686000E+3 1.430000E+3 380.000000E+0
657 762.000000E+0 1.686000E+3 1.429000E+3 398.000000E+0
658 767.000000E+0 1.682000E+3 1.428000E+3 404.000000E+0
659 772.000000E+0 1.679000E+3 1.425000E+3 405.000000E+0
660 778.000000E+0 1.678000E+3 1.421000E+3 405.000000E+0
661 786.000000E+0 1.677000E+3 1.415000E+3 405.000000E+0
662 796.000000E+0 1.673000E+3 1.409000E+3 407.000000E+0
663 803.000000E+0 1.672000E+3 1.403000E+3 411.000000E+0
664 814.000000E+0 1.673000E+3 1.397000E+3 413.000000E+0
665 825.000000E+0 1.672000E+3 1.391000E+3 417.000000E+0
666 837.000000E+0 1.672000E+3 1.384000E+3 416.000000E+0
667 847.000000E+0 1.669000E+3 1.379000E+3 414.000000E+0
668 854.000000E+0 1.667000E+3 1.374000E+3 411.000000E+0
669 860.000000E+0 1.668000E+3 1.367000E+3 409.000000E+0
670 860.000000E+0 1.669000E+3 1.361000E+3 408.000000E+0
671 861.000000E+0 1.669000E+3 1.356000E+3 403.000000E+0
672 858.000000E+0 1.675000E+3 1.353000E+3 397.000000E+0
673 857.000000E+0 1.683000E+3 1.350000E+3 388.000000E+0
674 848.000000E+0 1.694000E+3 1.347000E+3 379.000000E+0
675 839.000000E+0 1.700000E+3 1.345000E+3 372.000000E+0
676 827.000000E+0 1.713000E+3 1.343000E+3 365.000000E+0
677 815.000000E+0 1.729000E+3 1.343000E+3 361.000000E+0
678 800.000000E+0 1.743000E+3 1.342000E+3 359.000000E+0
679 784.000000E+0 1.758000E+3 1.340000E+3 359.000000E+0
680 763.000000E+0 1.766000E+3 1.336000E+3 359.000000E+0
681 746.000000E+0 1.774000E+3 1.333000E+3 360.000000E+0
682 725.000000E+0 1.778000E+3 1.328000E+3 359.000000E+0
683 706.000000E+0 1.780000E+3 1.324000E+3 359.000000E+0
684 687.000000E+0 1.780000E+3 1.321000E+3 359.000000E+0
685 672.000000E+0 1.779000E+3 1.318000E+3 359.000000E+0
686 656.000000E+0 1.773000E+3 1.315000E+3 359.000000E+0
687 644.000000E+0 1.766000E+3 1.313000E+3 359.000000E+0
688 633.000000E+0 1.755000E+3 1.311000E+3 360.000000E+0
689 624.000000E+0 1.743000E+3 1.310000E+3 359.000000E+0
690 617.000000E+0 1.727000E+3 1.308000E+3 359.000000E+0
691 610.000000E+0 1.710000E+3 1.305000E+3 359.000000E+0
692 607.000000E+0 1.694000E+3 1.303000E+3 359.000000E+0
693 604.000000E+0 1.681000E+3 1.300000E+3 359.000000E+0
694 602.000000E+0 1.669000E+3 1.296000E+3 360.000000E+0
695 603.000000E+0 1.651000E+3 1.294000E+3 360.000000E+0
696 605.000000E+0 1.636000E+3 1.291000E+3 360.000000E+0
697 607.000000E+0 1.632000E+3 1.287000E+3 363.000000E+0
698 610.000000E+0 1.629000E+3 1.282000E+3 367.000000E+0
699 614.000000E+0 1.626000E+3 1.277000E+3 370.000000E+0
700 619.000000E+0 1.624000E+3 1.269000E+3 375.000000E+0
701 625.000000E+0 1.620000E+3 1.262000E+3 378.000000E+0
702 631.000000E+0 1.621000E+3 1.252000E+3 382.000000E+0
703 638.000000E+0 1.620000E+3 1.241000E+3 382.000000E+0
704 645.000000E+0 1.620000E+3 1.229000E+3 385.000000E+0
705 652.000000E+0 1.619000E+3 1.217000E+3 389.000000E+0
706 659.000000E+0 1.624000E+3 1.203000E+3 395.000000E+0
707 665.000000E+0 1.629000E+3 1.193000E+3 400.000000E+0
708 672.000000E+0 1.633000E+3 1.184000E+3 403.000000E+0
709 679.000000E+0 1.636000E+3 1.177000E+3 403.000000E+0
710 686.000000E+0 1.639000E+3 1.176000E+3 400.000000E+0
711 692.000000E+0 1.641000E+3 1.176000E+3 397.000000E+0
712 699.000000E+0 1.644000E+3 1.178000E+3 388.000000E+0
713 704.000000E+0 1.652000E+3 1.181000E+3 375.000000E+0
714 707.000000E+0 1.659000E+3 1.188000E+3 359.000000E+0
715 708.000000E+0 1.669000E+3 1.193000E+3 348.000000E+0
716 710.000000E+0 1.678000E+3 1.204000E+3 338.000000E+0
717 712.000000E+0 1.686000E+3 1.215000E+3 327.000000E+0
718 714.000000E+0 1.690000E+3 1.227000E+3 314.000000E+0
719 716.000000E+0 1.689000E+3 1.241000E+3 299.000000E+0
720 719.000000E+0 1.689000E+3 1.259000E+3 286.000000E+0
721 722.000000E+0 1.690000E+3 1.275000E+3 277.000000E+0
722 728.000000E+0 1.689000E+3 1.293000E+3 271.000000E+0
723 732.000000E+0 1.690000E+3 1.311000E+3 266.000000E+0
724 735.000000E+0 1.690000E+3 1.331000E+3 265.000000E+0
725 737.000000E+0 1.690000E+3 1.349000E+3 265.000000E+0
726 739.000000E+0 1.690000E+3 1.366000E+3 270.000000E+0
727 741.000000E+0 1.689000E+3 1.385000E+3 276.000000E+0
728 743.000000E+0 1.689000E+3 1.396000E+3 286.000000E+0
729 745.000000E+0 1.690000E+3 1.408000E+3 298.000000E+0
730 746.000000E+0 1.690000E+3 1.417000E+3 312.000000E+0
731 747.000000E+0 1.690000E+3 1.422000E+3 326.000000E+0
732 748.000000E+0 1.689000E+3 1.427000E+3 343.000000E+0
733 750.000000E+0 1.690000E+3 1.429000E+3 351.000000E+0
734 752.000000E+0 1.689000E+3 1.429000E+3 359.000000E+0
735 755.000000E+0 1.686000E+3 1.429000E+3 361.000000E+0
736 759.000000E+0 1.685000E+3 1.429000E+3 366.000000E+0
737 763.000000E+0 1.684000E+3 1.428000E+3 382.000000E+0
738 769.000000E+0 1.684000E+3 1.426000E+3 394.000000E+0
739 775.000000E+0 1.678000E+3 1.423000E+3 396.000000E+0
740 783.000000E+0 1.675000E+3 1.419000E+3 396.000000E+0
741 791.000000E+0 1.672000E+3 1.415000E+3 398.000000E+0
742 800.000000E+0 1.667000E+3 1.408000E+3 398.000000E+0
743 810.000000E+0 1.665000E+3 1.402000E+3 401.000000E+0
744 821.000000E+0 1.665000E+3 1.395000E+3 401.000000E+0
745 831.000000E+0 1.664000E+3 1.388000E+3 401.000000E+0
746 841.000000E+0 1.662000E+3 1.380000E+3 402.000000E+0
747 851.000000E+0 1.662000E+3 1.374000E+3 405.000000E+0
748 859.000000E+0 1.662000E+3 1.368000E+3 407.000000E+0
749 865.000000E+0 1.663000E+3 1.365000E+3 406.000000E+0
750 867.000000E+0 1.665000E+3 1.361000E+3 403.000000E+0
751 868.000000E+0 1.667000E+3 1.357000E+3 397.000000E+0
752 868.000000E+0 1.674000E+3 1.354000E+3 393.000000E+0
753 862.000000E+0 1.681000E+3 1.350000E+3 386.000000E+0
754 851.000000E+0 1.692000E+3 1.347000E+3 377.000000E+0
755 842.000000E+0 1.700000E+3 1.346000E+3 370.000000E+0
756 830.000000E+0 1.713000E+3 1.346000E+3 364.000000E+0
757 816.000000E+0 1.730000E+3 1.346000E+3 362.000000E+0
758 800.000000E+0 1.743000E+3 1.344000E+3 361.000000E+0
759 782.000000E+0 1.757000E+3 1.341000E+3 362.000000E+0
760 762.000000E+0 1.765000E+3 1.338000E+3 362.000000E+0
761 742.000000E+0 1.773000E+3 1.335000E+3 362.000000E+0
762 723.000000E+0 1.778000E+3 1.331000E+3 361.000000E+0
763 705.000000E+0 1.780000E+3 1.329000E+3 361.000000E+0
764 686.000000E+0 1.780000E+3 1.327000E+3 362.000000E+0
765 671.000000E+0 1.779000E+3 1.325000E+3 361.000000E+0
766 657.000000E+0 1.774000E+3 1.324000E+3 362.000000E+0
767 646.000000E+0 1.767000E+3 1.323000E+3 362.000000E+0
768 635.000000E+0 1.756000E+3 1.322000E+3 361.000000E+0
769 626.000000E+0 1.743000E+3 1.322000E+3 361.000000E+0
770 618.000000E+0 1.728000E+3 1.320000E+3 362.000000E+0
771 612.000000E+0 1.710000E+3 1.318000E+3 361.000000E+0
772 608.000000E+0 1.693000E+3 1.316000E+3 361.000000E+0
773 605.000000E+0 1.680000E+3 1.314000E+3 362.000000E+0
774 604.000000E+0 1.667000E+3 1.310000E+3 362.000000E+0
775 604.000000E+0 1.647000E+3 1.308000E+3 363.000000E+0
776 606.000000E+0 1.628000E+3 1.306000E+3 362.000000E+0
777 607.000000E+0 1.618000E+3 1.303000E+3 363.000000E+0
778 610.000000E+0 1.609000E+3 1.296000E+3 363.000000E+0
779 613.000000E+0 1.607000E+3 1.290000E+3 363.000000E+0
780 618.000000E+0 1.606000E+3 1.283000E+3 366.000000E+0
781 623.000000E+0 1.604000E+3 1.275000E+3 370.000000E+0
782 629.000000E+0 1.604000E+3 1.264000E+3 374.000000E+0
783 636.000000E+0 1.605000E+3 1.253000E+3 376.000000E+0
784 643.000000E+0 1.609000E+3 1.239000E+3 381.000000E+0
785 650.000000E+0 1.617000E+3 1.226000E+3 385.000000E+0
786 657.000000E+0 1.624000E+3 1.212000E+3 394.000000E+0
787 665.000000E+0 1.629000E+3 1.201000E+3 402.000000E+0
788 672.000000E+0 1.634000E+3 1.192000E+3 406.000000E+0
789 680.000000E+0 1.638000E+3 1.185000E+3 408.000000E+0
790 688.000000E+0 1.640000E+3 1.183000E+3 405.000000E+0
791 694.000000E+0 1.643000E+3 1.183000E+3 401.000000E+0
792 700.000000E+0 1.645000E+3 1.183000E+3 390.000000E+0
793 705.000000E+0 1.651000E+3 1.185000E+3 375.000000E+0
794 708.000000E+0 1.660000E+3 1.191000E+3 359.000000E+0
795 709.000000E+0 1.669000E+3 1.194000E+3 347.000000E+0
796 710.000000E+0 1.679000E+3 1.204000E+3 339.000000E+0
797 712.000000E+0 1.688000E+3 1.215000E+3 327.000000E+0
798 715.000000E+0 1.690000E+3 1.228000E+3 313.000000E+0
799 717.000000E+0 1.689000E+3 1.241000E+3 297.000000E+0
800 723.000000E+0 1.690000E+3 1.258000E+3 287.000000E+0
801 729.000000E+0 1.690000E+3 1.274000E+3 276.000000E+0
802 731.000000E+0 1.690000E+3 1.293000E+3 270.000000E+0
803 735.000000E+0 1.690000E+3 1.311000E+3 266.000000E+0
804 738.000000E+0 1.689000E+3 1.335000E+3 265.000000E+0
805 741.000000E+0 1.690000E+3 1.355000E+3 266.000000E+0
806 745.000000E+0 1.690000E+3 1.373000E+3 271.000000E+0
807 747.000000E+0 1.690000E+3 1.388000E+3 278.000000E+0
808 750.000000E+0 1.690000E+3 1.398000E+3 287.000000E+0
809 751.000000E+0 1.690000E+3 1.407000E+3 298.000000E+0
810 753.000000E+0 1.690000E+3 1.414000E+3 310.000000E+0
811 754.000000E+0 1.690000E+3 1.419000E+3 325.000000E+0
812 756.000000E+0 1.690000E+3 1.423000E+3 338.000000E+0
813 759.000000E+0 1.690000E+3 1.426000E+3 349.000000E+0
814 763.000000E+0 1.689000E+3 1.427000E+3 354.000000E+0
815 765.000000E+0 1.689000E+3 1.427000E+3 360.000000E+0
816 769.000000E+0 1.686000E+3 1.426000E+3 364.000000E+0
817 773.000000E+0 1.681000E+3 1.426000E+3 367.000000E+0
818 777.000000E+0 1.677000E+3 1.424000E+3 370.000000E+0
819 782.000000E+0 1.672000E+3 1.421000E+3 373.000000E+0
820 789.000000E+0 1.668000E+3 1.416000E+3 375.000000E+0
821 796.000000E+0 1.667000E+3 1.412000E+3 376.000000E+0
822 804.000000E+0 1.666000E+3 1.406000E+3 375.000000E+0
823 813.000000E+0 1.665000E+3 1.400000E+3 376.000000E+0
824 826.000000E+0 1.664000E+3 1.393000E+3 376.000000E+0
825 838.000000E+0 1.663000E+3 1.386000E+3 379.000000E+0
826 850.000000E+0 1.661000E+3 1.379000E+3 379.000000E+0
827 859.000000E+0 1.661000E+3 1.371000E+3 380.000000E+0
828 866.000000E+0 1.661000E+3 1.364000E+3 380.000000E+0
829 870.000000E+0 1.661000E+3 1.358000E+3 380.000000E+0
830 871.000000E+0 1.662000E+3 1.353000E+3 380.000000E+0
831 872.000000E+0 1.662000E+3 1.349000E+3 380.000000E+0
832 871.000000E+0 1.669000E+3 1.346000E+3 379.000000E+0
833 866.000000E+0 1.675000E+3 1.343000E+3 375.000000E+0
834 854.000000E+0 1.685000E+3 1.341000E+3 371.000000E+0
835 844.000000E+0 1.694000E+3 1.339000E+3 368.000000E+0
836 831.000000E+0 1.710000E+3 1.338000E+3 363.000000E+0
837 818.000000E+0 1.726000E+3 1.338000E+3 362.000000E+0
838 803.000000E+0 1.742000E+3 1.337000E+3 361.000000E+0
839 788.000000E+0 1.755000E+3 1.336000E+3 360.000000E+0
840 769.000000E+0 1.764000E+3 1.334000E+3 359.000000E+0
841 751.000000E+0 1.772000E+3 1.332000E+3 358.000000E+0
842 733.000000E+0 1.777000E+3 1.330000E+3 359.000000E+0
843 715.000000E+0 1.780000E+3 1.329000E+3 359.000000E+0
844 698.000000E+0 1.780000E+3 1.327000E+3 359.000000E+0
845 683.000000E+0 1.780000E+3 1.326000E+3 359.000000E+0
846 668.000000E+0 1.777000E+3 1.325000E+3 359.000000E+0
847 645.000000E+0 1.760000E+3 1.323000E+3 359.000000E+0
848 645.000000E+0 1.760000E+3 1.323000E+3 359.000000E+0
849 636.000000E+0 1.750000E+3 1.321000E+3 359.000000E+0
850 628.000000E+0 1.734000E+3 1.319000E+3 359.000000E+0
851 622.000000E+0 1.719000E+3 1.318000E+3 359.000000E+0
852 617.000000E+0 1.703000E+3 1.315000E+3 359.000000E+0
853 614.000000E+0 1.689000E+3 1.313000E+3 359.000000E+0
854 613.000000E+0 1.678000E+3 1.309000E+3 360.000000E+0
855 613.000000E+0 1.664000E+3 1.306000E+3 360.000000E+0
856 614.000000E+0 1.646000E+3 1.303000E+3 360.000000E+0
857 616.000000E+0 1.635000E+3 1.301000E+3 360.000000E+0
858 618.000000E+0 1.631000E+3 1.296000E+3 363.000000E+0
859 622.000000E+0 1.629000E+3 1.290000E+3 366.000000E+0
860 627.000000E+0 1.628000E+3 1.283000E+3 370.000000E+0
861 633.000000E+0 1.624000E+3 1.276000E+3 374.000000E+0
862 638.000000E+0 1.623000E+3 1.266000E+3 378.000000E+0
863 644.000000E+0 1.623000E+3 1.257000E+3 378.000000E+0
864 651.000000E+0 1.625000E+3 1.244000E+3 380.000000E+0
865 657.000000E+0 1.625000E+3 1.232000E+3 382.000000E+0
866 664.000000E+0 1.628000E+3 1.221000E+3 385.000000E+0
867 671.000000E+0 1.632000E+3 1.210000E+3 389.000000E+0
868 677.000000E+0 1.635000E+3 1.203000E+3 389.000000E+0
869 684.000000E+0 1.638000E+3 1.198000E+3 389.000000E+0
870 691.000000E+0 1.640000E+3 1.197000E+3 388.000000E+0
871 697.000000E+0 1.642000E+3 1.196000E+3 385.000000E+0
872 702.000000E+0 1.646000E+3 1.199000E+3 374.000000E+0
873 706.000000E+0 1.655000E+3 1.200000E+3 364.000000E+0
874 707.000000E+0 1.662000E+3 1.206000E+3 350.000000E+0
875 708.000000E+0 1.670000E+3 1.211000E+3 340.000000E+0
876 711.000000E+0 1.678000E+3 1.221000E+3 332.000000E+0
877 713.000000E+0 1.685000E+3 1.231000E+3 320.000000E+0
878 715.000000E+0 1.689000E+3 1.245000E+3 307.000000E+0
879 718.000000E+0 1.689000E+3 1.259000E+3 295.000000E+0
880 720.000000E+0 1.690000E+3 1.273000E+3 283.000000E+0
881 723.000000E+0 1.689000E+3 1.288000E+3 273.000000E+0
882 729.000000E+0 1.689000E+3 1.306000E+3 268.000000E+0
883 732.000000E+0 1.689000E+3 1.322000E+3 264.000000E+0
884 735.000000E+0 1.689000E+3 1.341000E+3 264.000000E+0
885 737.000000E+0 1.689000E+3 1.357000E+3 266.000000E+0
886 738.000000E+0 1.689000E+3 1.372000E+3 271.000000E+0
887 740.000000E+0 1.689000E+3 1.387000E+3 277.000000E+0
888 742.000000E+0 1.689000E+3 1.400000E+3 287.000000E+0
889 744.000000E+0 1.689000E+3 1.412000E+3 300.000000E+0
890 745.000000E+0 1.689000E+3 1.420000E+3 314.000000E+0
891 747.000000E+0 1.689000E+3 1.426000E+3 328.000000E+0
892 748.000000E+0 1.689000E+3 1.430000E+3 343.000000E+0
893 751.000000E+0 1.689000E+3 1.432000E+3 354.000000E+0
894 754.000000E+0 1.689000E+3 1.433000E+3 364.000000E+0
895 756.000000E+0 1.687000E+3 1.432000E+3 374.000000E+0
896 759.000000E+0 1.687000E+3 1.432000E+3 392.000000E+0
897 762.000000E+0 1.686000E+3 1.431000E+3 400.000000E+0
898 769.000000E+0 1.683000E+3 1.429000E+3 402.000000E+0
899 775.000000E+0 1.682000E+3 1.426000E+3 402.000000E+0
900 782.000000E+0 1.679000E+3 1.422000E+3 403.000000E+0
901 791.000000E+0 1.676000E+3 1.417000E+3 405.000000E+0
902 801.000000E+0 1.673000E+3 1.411000E+3 405.000000E+0
903 810.000000E+0 1.673000E+3 1.405000E+3 405.000000E+0
904 821.000000E+0 1.671000E+3 1.398000E+3 405.000000E+0
905 831.000000E+0 1.668000E+3 1.391000E+3 407.000000E+0
906 841.000000E+0 1.666000E+3 1.383000E+3 409.000000E+0
907 851.000000E+0 1.663000E+3 1.377000E+3 411.000000E+0
908 858.000000E+0 1.663000E+3 1.370000E+3 409.000000E+0
909 864.000000E+0 1.663000E+3 1.364000E+3 408.000000E+0
910 865.000000E+0 1.665000E+3 1.362000E+3 404.000000E+0
911 866.000000E+0 1.666000E+3 1.358000E+3 399.000000E+0
912 866.000000E+0 1.674000E+3 1.354000E+3 394.000000E+0
913 861.000000E+0 1.682000E+3 1.351000E+3 385.000000E+0
914 850.000000E+0 1.692000E+3 1.347000E+3 377.000000E+0
915 842.000000E+0 1.699000E+3 1.346000E+3 369.000000E+0
916 830.000000E+0 1.713000E+3 1.345000E+3 363.000000E+0
917 816.000000E+0 1.730000E+3 1.345000E+3 360.000000E+0
918 800.000000E+0 1.744000E+3 1.344000E+3 359.000000E+0
919 782.000000E+0 1.757000E+3 1.340000E+3 360.000000E+0
920 762.000000E+0 1.765000E+3 1.337000E+3 360.000000E+0
921 743.000000E+0 1.773000E+3 1.333000E+3 360.000000E+0
922 723.000000E+0 1.778000E+3 1.330000E+3 359.000000E+0
923 705.000000E+0 1.780000E+3 1.327000E+3 359.000000E+0
924 687.000000E+0 1.780000E+3 1.324000E+3 360.000000E+0
925 672.000000E+0 1.780000E+3 1.322000E+3 360.000000E+0
926 657.000000E+0 1.774000E+3 1.320000E+3 359.000000E+0
927 645.000000E+0 1.767000E+3 1.319000E+3 359.000000E+0
928 634.000000E+0 1.756000E+3 1.318000E+3 359.000000E+0
929 625.000000E+0 1.743000E+3 1.317000E+3 359.000000E+0
930 618.000000E+0 1.727000E+3 1.315000E+3 359.000000E+0
931 612.000000E+0 1.710000E+3 1.314000E+3 360.000000E+0
932 608.000000E+0 1.693000E+3 1.311000E+3 360.000000E+0
933 604.000000E+0 1.682000E+3 1.308000E+3 360.000000E+0
934 603.000000E+0 1.667000E+3 1.304000E+3 360.000000E+0
935 604.000000E+0 1.646000E+3 1.302000E+3 360.000000E+0
936 605.000000E+0 1.633000E+3 1.299000E+3 360.000000E+0
937 607.000000E+0 1.625000E+3 1.295000E+3 361.000000E+0
938 610.000000E+0 1.620000E+3 1.289000E+3 364.000000E+0
939 614.000000E+0 1.618000E+3 1.284000E+3 368.000000E+0
940 619.000000E+0 1.616000E+3 1.276000E+3 372.000000E+0
941 624.000000E+0 1.613000E+3 1.268000E+3 376.000000E+0
942 630.000000E+0 1.614000E+3 1.258000E+3 379.000000E+0
943 637.000000E+0 1.613000E+3 1.247000E+3 381.000000E+0
944 644.000000E+0 1.614000E+3 1.234000E+3 384.000000E+0
945 651.000000E+0 1.617000E+3 1.221000E+3 388.000000E+0
946 658.000000E+0 1.623000E+3 1.208000E+3 394.000000E+0
947 665.000000E+0 1.629000E+3 1.196000E+3 401.000000E+0
948 672.000000E+0 1.633000E+3 1.187000E+3 404.000000E+0
949 679.000000E+0 1.637000E+3 1.180000E+3 405.000000E+0
950 687.000000E+0 1.639000E+3 1.179000E+3 402.000000E+0
951 693.000000E+0 1.642000E+3 1.179000E+3 399.000000E+0
952 699.000000E+0 1.644000E+3 1.180000E+3 388.000000E+0
953 704.000000E+0 1.652000E+3 1.183000E+3 375.000000E+0
954 708.000000E+0 1.659000E+3 1.189000E+3 359.000000E+0
955 708.000000E+0 1.669000E+3 1.193000E+3 348.000000E+0
956 710.000000E+0 1.678000E+3 1.204000E+3 339.000000E+0
957 712.000000E+0 1.687000E+3 1.215000E+3 327.000000E+0
958 714.000000E+0 1.690000E+3 1.228000E+3 313.000000E+0
959 717.000000E+0 1.689000E+3 1.241000E+3 297.000000E+0
960 720.000000E+0 1.690000E+3 1.259000E+3 287.000000E+0
961 725.000000E+0 1.689000E+3 1.275000E+3 276.000000E+0
962 731.000000E+0 1.689000E+3 1.293000E+3 270.000000E+0
963 733.000000E+0 1.690000E+3 1.311000E+3 266.000000E+0
964 735.000000E+0 1.689000E+3 1.330000E+3 265.000000E+0
965 739.000000E+0 1.689000E+3 1.350000E+3 266.000000E+0
966 741.000000E+0 1.689000E+3 1.371000E+3 271.000000E+0
967 744.000000E+0 1.690000E+3 1.387000E+3 277.000000E+0
968 746.000000E+0 1.690000E+3 1.398000E+3 287.000000E+0
969 747.000000E+0 1.689000E+3 1.408000E+3 298.000000E+0
970 749.000000E+0 1.689000E+3 1.416000E+3 312.000000E+0
971 750.000000E+0 1.689000E+3 1.421000E+3 325.000000E+0
972 752.000000E+0 1.690000E+3 1.425000E+3 340.000000E+0
973 754.000000E+0 1.689000E+3 1.426000E+3 351.000000E+0
974 757.000000E+0 1.689000E+3 1.427000E+3 356.000000E+0
975 760.000000E+0 1.688000E+3 1.427000E+3 359.000000E+0
976 762.000000E+0 1.688000E+3 1.426000E+3 368.000000E+0
977 764.000000E+0 1.687000E+3 1.426000E+3 377.000000E+0
978 769.000000E+0 1.682000E+3 1.424000E+3 380.000000E+0
979 775.000000E+0 1.676000E+3 1.422000E+3 382.000000E+0
980 783.000000E+0 1.672000E+3 1.418000E+3 384.000000E+0
981 792.000000E+0 1.668000E+3 1.413000E+3 387.000000E+0
982 802.000000E+0 1.664000E+3 1.407000E+3 388.000000E+0
983 813.000000E+0 1.664000E+3 1.401000E+3 390.000000E+0
984 825.000000E+0 1.662000E+3 1.395000E+3 391.000000E+0
985 837.000000E+0 1.661000E+3 1.388000E+3 391.000000E+0
986 848.000000E+0 1.661000E+3 1.381000E+3 392.000000E+0
987 857.000000E+0 1.661000E+3 1.374000E+3 393.000000E+0
988 864.000000E+0 1.661000E+3 1.368000E+3 393.000000E+0
989 869.000000E+0 1.661000E+3 1.363000E+3 393.000000E+0
990 870.000000E+0 1.662000E+3 1.359000E+3 392.000000E+0
991 871.000000E+0 1.663000E+3 1.357000E+3 390.000000E+0
992 870.000000E+0 1.669000E+3 1.353000E+3 388.000000E+0
993 864.000000E+0 1.677000E+3 1.349000E+3 381.000000E+0
994 852.000000E+0 1.688000E+3 1.346000E+3 374.000000E+0
995 842.000000E+0 1.697000E+3 1.344000E+3 368.000000E+0
996 830.000000E+0 1.713000E+3 1.344000E+3 364.000000E+0
997 816.000000E+0 1.729000E+3 1.344000E+3 363.000000E+0
998 800.000000E+0 1.744000E+3 1.343000E+3 363.000000E+0
999 782.000000E+0 1.756000E+3 1.341000E+3 363.000000E+0
1000 762.000000E+0 1.766000E+3 1.339000E+3 362.000000E+0
