0 0.000000E+0 0.000000E+0 0.000000E+0 0.000000E+0
1 0.000000E+0 0.000000E+0 0.000000E+0 0.000000E+0
2 0.000000E+0 0.000000E+0 0.000000E+0 0.000000E+0
3 0.000000E+0 2.000000E+0 1.000000E+0 65.534000E+3
4 65.534000E+3 11.000000E+0 7.000000E+0 65.521000E+3
5 65.530000E+3 23.000000E+0 14.000000E+0 65.506000E+3
6 65.522000E+3 42.000000E+0 21.000000E+0 65.486000E+3
7 65.517000E+3 56.000000E+0 24.000000E+0 65.480000E+3
8 65.512000E+3 67.000000E+0 27.000000E+0 65.475000E+3
9 65.512000E+3 69.000000E+0 29.000000E+0 65.476000E+3
10 65.513000E+3 69.000000E+0 30.000000E+0 65.474000E+3
11 65.513000E+3 65.000000E+0 31.000000E+0 65.476000E+3
12 65.511000E+3 66.000000E+0 31.000000E+0 65.475000E+3
13 65.510000E+3 65.000000E+0 31.000000E+0 65.478000E+3
14 65.508000E+3 65.000000E+0 30.000000E+0 65.476000E+3
15 65.507000E+3 63.000000E+0 28.000000E+0 65.477000E+3
16 65.507000E+3 61.000000E+0 27.000000E+0 65.476000E+3
17 65.509000E+3 58.000000E+0 26.000000E+0 65.477000E+3
18 65.511000E+3 57.000000E+0 26.000000E+0 65.475000E+3
19 65.513000E+3 54.000000E+0 25.000000E+0 65.476000E+3
20 65.513000E+3 53.000000E+0 25.000000E+0 65.477000E+3
21 65.513000E+3 51.000000E+0 25.000000E+0 65.479000E+3
22 65.513000E+3 51.000000E+0 24.000000E+0 65.479000E+3
23 65.514000E+3 50.000000E+0 24.000000E+0 65.481000E+3
24 65.514000E+3 50.000000E+0 23.000000E+0 65.481000E+3
25 65.515000E+3 47.000000E+0 22.000000E+0 65.483000E+3
26 65.516000E+3 47.000000E+0 22.000000E+0 65.484000E+3
27 65.517000E+3 45.000000E+0 21.000000E+0 65.486000E+3
28 65.518000E+3 45.000000E+0 20.000000E+0 65.487000E+3
29 65.519000E+3 45.000000E+0 18.000000E+0 65.488000E+3
30 65.519000E+3 45.000000E+0 18.000000E+0 65.488000E+3
31 65.519000E+3 43.000000E+0 17.000000E+0 65.492000E+3
32 65.518000E+3 42.000000E+0 17.000000E+0 65.495000E+3
33 65.518000E+3 39.000000E+0 16.000000E+0 65.499000E+3
34 65.518000E+3 39.000000E+0 15.000000E+0 65.501000E+3
35 65.519000E+3 38.000000E+0 14.000000E+0 65.503000E+3
36 65.519000E+3 38.000000E+0 14.000000E+0 65.504000E+3
37 65.520000E+3 37.000000E+0 13.000000E+0 65.506000E+3
38 65.521000E+3 35.000000E+0 13.000000E+0 65.506000E+3
39 65.522000E+3 32.000000E+0 12.000000E+0 65.507000E+3
40 65.523000E+3 30.000000E+0 12.000000E+0 65.507000E+3
41 65.524000E+3 27.000000E+0 12.000000E+0 65.509000E+3
42 65.524000E+3 26.000000E+0 12.000000E+0 65.510000E+3
43 65.525000E+3 23.000000E+0 11.000000E+0 65.513000E+3
44 65.525000E+3 22.000000E+0 11.000000E+0 65.515000E+3
45 65.526000E+3 20.000000E+0 10.000000E+0 65.516000E+3
46 65.526000E+3 19.000000E+0 10.000000E+0 65.518000E+3
47 65.527000E+3 17.000000E+0 9.000000E+0 65.520000E+3
48 65.528000E+3 16.000000E+0 8.000000E+0 65.521000E+3
49 65.528000E+3 14.000000E+0 8.000000E+0 65.524000E+3
50 65.528000E+3 12.000000E+0 7.000000E+0 65.526000E+3
51 65.529000E+3 9.000000E+0 6.000000E+0 65.528000E+3
52 65.530000E+3 7.000000E+0 5.000000E+0 65.531000E+3
53 65.530000E+3 5.000000E+0 4.000000E+0 65.533000E+3
54 65.531000E+3 3.000000E+0 4.000000E+0 65.535000E+3
55 65.532000E+3 1.000000E+0 3.000000E+0 0.000000E+0
56 65.533000E+3 0.000000E+0 3.000000E+0 65.535000E+3
57 65.534000E+3 0.000000E+0 2.000000E+0 65.535000E+3
58 65.535000E+3 0.000000E+0 2.000000E+0 65.535000E+3
59 65.535000E+3 0.000000E+0 2.000000E+0 65.535000E+3
60 65.535000E+3 0.000000E+0 2.000000E+0 65.535000E+3
61 65.535000E+3 0.000000E+0 2.000000E+0 65.535000E+3
62 65.535000E+3 0.000000E+0 1.000000E+0 0.000000E+0
63 0.000000E+0 0.000000E+0 1.000000E+0 0.000000E+0
64 0.000000E+0 0.000000E+0 1.000000E+0 0.000000E+0
65 0.000000E+0 0.000000E+0 0.000000E+0 0.000000E+0
66 0.000000E+0 0.000000E+0 0.000000E+0 0.000000E+0
67 0.000000E+0 0.000000E+0 1.000000E+0 0.000000E+0
68 65.535000E+3 0.000000E+0 3.000000E+0 65.534000E+3
69 65.535000E+3 0.000000E+0 5.000000E+0 65.531000E+3
70 65.534000E+3 2.000000E+0 7.000000E+0 65.528000E+3
71 65.534000E+3 4.000000E+0 10.000000E+0 65.525000E+3
72 65.535000E+3 6.000000E+0 13.000000E+0 65.520000E+3
73 0.000000E+0 7.000000E+0 15.000000E+0 65.516000E+3
74 0.000000E+0 7.000000E+0 19.000000E+0 65.510000E+3
75 0.000000E+0 5.000000E+0 21.000000E+0 65.506000E+3
76 0.000000E+0 3.000000E+0 23.000000E+0 65.504000E+3
77 0.000000E+0 2.000000E+0 24.000000E+0 65.506000E+3
78 0.000000E+0 0.000000E+0 26.000000E+0 65.507000E+3
79 0.000000E+0 0.000000E+0 27.000000E+0 65.510000E+3
80 0.000000E+0 0.000000E+0 30.000000E+0 65.513000E+3
81 1.000000E+0 0.000000E+0 31.000000E+0 65.518000E+3
82 2.000000E+0 0.000000E+0 33.000000E+0 65.523000E+3
83 2.000000E+0 0.000000E+0 32.000000E+0 65.529000E+3
84 2.000000E+0 0.000000E+0 31.000000E+0 65.534000E+3
85 2.000000E+0 0.000000E+0 28.000000E+0 2.000000E+0
86 2.000000E+0 0.000000E+0 25.000000E+0 7.000000E+0
87 1.000000E+0 0.000000E+0 21.000000E+0 12.000000E+0
88 1.000000E+0 0.000000E+0 16.000000E+0 19.000000E+0
89 1.000000E+0 0.000000E+0 11.000000E+0 24.000000E+0
90 1.000000E+0 0.000000E+0 7.000000E+0 31.000000E+0
91 1.000000E+0 0.000000E+0 3.000000E+0 35.000000E+0
92 2.000000E+0 0.000000E+0 1.000000E+0 40.000000E+0
93 3.000000E+0 0.000000E+0 0.000000E+0 41.000000E+0
94 4.000000E+0 0.000000E+0 65.535000E+3 40.000000E+0
95 5.000000E+0 0.000000E+0 65.534000E+3 35.000000E+0
96 6.000000E+0 0.000000E+0 65.530000E+3 36.000000E+0
97 7.000000E+0 0.000000E+0 65.527000E+3 40.000000E+0
98 9.000000E+0 0.000000E+0 65.523000E+3 42.000000E+0
99 11.000000E+0 0.000000E+0 65.521000E+3 37.000000E+0
100 15.000000E+0 0.000000E+0 65.520000E+3 28.000000E+0
101 18.000000E+0 0.000000E+0 65.519000E+3 18.000000E+0
102 22.000000E+0 0.000000E+0 65.518000E+3 8.000000E+0
103 25.000000E+0 65.535000E+3 65.518000E+3 0.000000E+0
104 28.000000E+0 65.533000E+3 65.516000E+3 65.528000E+3
105 30.000000E+0 65.529000E+3 65.515000E+3 65.523000E+3
106 33.000000E+0 65.522000E+3 65.513000E+3 65.519000E+3
107 33.000000E+0 65.518000E+3 65.513000E+3 65.518000E+3
108 32.000000E+0 65.517000E+3 65.512000E+3 65.519000E+3
109 28.000000E+0 65.520000E+3 65.513000E+3 65.521000E+3
110 23.000000E+0 65.527000E+3 65.513000E+3 65.524000E+3
111 16.000000E+0 0.000000E+0 65.515000E+3 65.527000E+3
112 9.000000E+0 10.000000E+0 65.516000E+3 65.527000E+3
113 3.000000E+0 20.000000E+0 65.520000E+3 65.523000E+3
114 65.534000E+3 28.000000E+0 65.524000E+3 65.517000E+3
115 65.527000E+3 28.000000E+0 65.527000E+3 65.512000E+3
116 65.518000E+3 30.000000E+0 65.527000E+3 65.512000E+3
117 65.510000E+3 33.000000E+0 65.527000E+3 65.515000E+3
118 65.502000E+3 43.000000E+0 65.528000E+3 65.522000E+3
119 65.498000E+3 47.000000E+0 65.530000E+3 65.529000E+3
120 65.492000E+3 47.000000E+0 65.529000E+3 65.534000E+3
121 65.486000E+3 40.000000E+0 65.525000E+3 0.000000E+0
122 65.481000E+3 32.000000E+0 65.522000E+3 0.000000E+0
123 65.477000E+3 24.000000E+0 65.522000E+3 0.000000E+0
124 65.474000E+3 15.000000E+0 65.524000E+3 0.000000E+0
125 65.475000E+3 8.000000E+0 65.526000E+3 0.000000E+0
126 65.478000E+3 0.000000E+0 65.527000E+3 0.000000E+0
127 65.484000E+3 65.531000E+3 65.528000E+3 0.000000E+0
128 65.492000E+3 65.523000E+3 65.529000E+3 0.000000E+0
129 65.499000E+3 65.515000E+3 65.530000E+3 0.000000E+0
130 65.505000E+3 65.506000E+3 65.531000E+3 0.000000E+0
131 65.510000E+3 65.500000E+3 65.532000E+3 0.000000E+0
132 65.515000E+3 65.492000E+3 65.532000E+3 0.000000E+0
133 65.521000E+3 65.491000E+3 65.532000E+3 0.000000E+0
134 65.526000E+3 65.487000E+3 65.531000E+3 0.000000E+0
135 65.529000E+3 65.491000E+3 65.529000E+3 0.000000E+0
136 65.532000E+3 65.492000E+3 65.527000E+3 0.000000E+0
137 65.534000E+3 65.499000E+3 65.526000E+3 0.000000E+0
138 1.000000E+0 65.506000E+3 65.525000E+3 1.000000E+0
139 4.000000E+0 65.518000E+3 65.524000E+3 3.000000E+0
140 8.000000E+0 65.526000E+3 65.523000E+3 4.000000E+0
141 10.000000E+0 65.530000E+3 65.522000E+3 6.000000E+0
142 13.000000E+0 65.531000E+3 65.518000E+3 7.000000E+0
143 16.000000E+0 65.532000E+3 65.514000E+3 7.000000E+0
144 19.000000E+0 65.534000E+3 65.509000E+3 8.000000E+0
145 20.000000E+0 65.534000E+3 65.507000E+3 8.000000E+0
146 22.000000E+0 65.534000E+3 65.505000E+3 9.000000E+0
147 22.000000E+0 65.534000E+3 65.505000E+3 9.000000E+0
148 23.000000E+0 65.535000E+3 65.506000E+3 8.000000E+0
149 21.000000E+0 0.000000E+0 65.510000E+3 5.000000E+0
150 20.000000E+0 3.000000E+0 65.515000E+3 2.000000E+0
151 19.000000E+0 5.000000E+0 65.522000E+3 65.535000E+3
152 17.000000E+0 9.000000E+0 65.530000E+3 65.529000E+3
153 14.000000E+0 14.000000E+0 0.000000E+0 65.520000E+3
154 11.000000E+0 19.000000E+0 6.000000E+0 65.510000E+3
155 9.000000E+0 22.000000E+0 12.000000E+0 65.506000E+3
156 9.000000E+0 23.000000E+0 21.000000E+0 65.504000E+3
157 9.000000E+0 23.000000E+0 28.000000E+0 65.503000E+3
158 8.000000E+0 19.000000E+0 35.000000E+0 65.499000E+3
159 7.000000E+0 13.000000E+0 39.000000E+0 65.496000E+3
160 7.000000E+0 7.000000E+0 45.000000E+0 65.496000E+3
161 8.000000E+0 2.000000E+0 50.000000E+0 65.500000E+3
162 10.000000E+0 0.000000E+0 55.000000E+0 65.505000E+3
163 11.000000E+0 0.000000E+0 57.000000E+0 65.512000E+3
164 13.000000E+0 0.000000E+0 59.000000E+0 65.520000E+3
165 11.000000E+0 0.000000E+0 58.000000E+0 65.529000E+3
166 7.000000E+0 0.000000E+0 56.000000E+0 1.000000E+0
167 3.000000E+0 0.000000E+0 51.000000E+0 7.000000E+0
168 1.000000E+0 0.000000E+0 46.000000E+0 15.000000E+0
169 2.000000E+0 0.000000E+0 40.000000E+0 21.000000E+0
170 4.000000E+0 0.000000E+0 35.000000E+0 31.000000E+0
171 4.000000E+0 0.000000E+0 29.000000E+0 38.000000E+0
172 4.000000E+0 0.000000E+0 24.000000E+0 46.000000E+0
173 5.000000E+0 0.000000E+0 18.000000E+0 45.000000E+0
174 7.000000E+0 65.535000E+3 14.000000E+0 43.000000E+0
175 7.000000E+0 65.534000E+3 8.000000E+0 39.000000E+0
176 7.000000E+0 65.534000E+3 4.000000E+0 48.000000E+0
177 6.000000E+0 65.535000E+3 0.000000E+0 55.000000E+0
178 7.000000E+0 0.000000E+0 65.535000E+3 58.000000E+0
179 10.000000E+0 0.000000E+0 65.534000E+3 50.000000E+0
180 16.000000E+0 0.000000E+0 65.531000E+3 40.000000E+0
181 21.000000E+0 0.000000E+0 65.529000E+3 28.000000E+0
182 27.000000E+0 0.000000E+0 65.526000E+3 15.000000E+0
183 30.000000E+0 65.535000E+3 65.524000E+3 2.000000E+0
184 33.000000E+0 65.532000E+3 65.520000E+3 65.528000E+3
185 34.000000E+0 65.524000E+3 65.517000E+3 65.521000E+3
186 36.000000E+0 65.514000E+3 65.514000E+3 65.515000E+3
187 36.000000E+0 65.506000E+3 65.512000E+3 65.513000E+3
188 35.000000E+0 65.504000E+3 65.510000E+3 65.513000E+3
189 31.000000E+0 65.509000E+3 65.510000E+3 65.516000E+3
190 25.000000E+0 65.520000E+3 65.511000E+3 65.519000E+3
191 18.000000E+0 65.532000E+3 65.512000E+3 65.524000E+3
192 9.000000E+0 10.000000E+0 65.514000E+3 65.527000E+3
193 3.000000E+0 25.000000E+0 65.517000E+3 65.524000E+3
194 65.534000E+3 37.000000E+0 65.521000E+3 65.518000E+3
195 65.528000E+3 38.000000E+0 65.525000E+3 65.510000E+3
196 65.518000E+3 35.000000E+0 65.528000E+3 65.507000E+3
197 65.511000E+3 33.000000E+0 65.528000E+3 65.509000E+3
198 65.501000E+3 40.000000E+0 65.529000E+3 65.517000E+3
199 65.496000E+3 47.000000E+0 65.530000E+3 65.525000E+3
200 65.489000E+3 51.000000E+0 65.530000E+3 65.532000E+3
201 65.484000E+3 44.000000E+0 65.526000E+3 65.535000E+3
202 65.478000E+3 36.000000E+0 65.522000E+3 0.000000E+0
203 65.473000E+3 26.000000E+0 65.520000E+3 0.000000E+0
204 65.468000E+3 16.000000E+0 65.521000E+3 0.000000E+0
205 65.468000E+3 8.000000E+0 65.524000E+3 0.000000E+0
206 65.471000E+3 0.000000E+0 65.526000E+3 0.000000E+0
207 65.478000E+3 65.531000E+3 65.527000E+3 0.000000E+0
208 65.485000E+3 65.521000E+3 65.528000E+3 0.000000E+0
209 65.493000E+3 65.513000E+3 65.529000E+3 0.000000E+0
210 65.500000E+3 65.503000E+3 65.530000E+3 0.000000E+0
211 65.506000E+3 65.497000E+3 65.530000E+3 0.000000E+0
212 65.512000E+3 65.489000E+3 65.530000E+3 0.000000E+0
213 65.519000E+3 65.487000E+3 65.531000E+3 0.000000E+0
214 65.525000E+3 65.487000E+3 65.530000E+3 0.000000E+0
215 65.530000E+3 65.491000E+3 65.529000E+3 0.000000E+0
216 65.533000E+3 65.495000E+3 65.527000E+3 0.000000E+0
217 0.000000E+0 65.504000E+3 65.526000E+3 2.000000E+0
218 2.000000E+0 65.512000E+3 65.526000E+3 5.000000E+0
219 5.000000E+0 65.521000E+3 65.525000E+3 9.000000E+0
220 8.000000E+0 65.525000E+3 65.522000E+3 11.000000E+0
221 11.000000E+0 65.527000E+3 65.519000E+3 12.000000E+0
222 15.000000E+0 65.529000E+3 65.514000E+3 12.000000E+0
223 17.000000E+0 65.531000E+3 65.511000E+3 10.000000E+0
224 20.000000E+0 65.532000E+3 65.506000E+3 10.000000E+0
225 21.000000E+0 65.532000E+3 65.504000E+3 9.000000E+0
226 22.000000E+0 65.532000E+3 65.500000E+3 10.000000E+0
227 22.000000E+0 65.531000E+3 65.499000E+3 10.000000E+0
228 21.000000E+0 65.534000E+3 65.498000E+3 9.000000E+0
229 19.000000E+0 1.000000E+0 65.502000E+3 6.000000E+0
230 19.000000E+0 6.000000E+0 65.508000E+3 3.000000E+0
231 19.000000E+0 7.000000E+0 65.517000E+3 0.000000E+0
232 19.000000E+0 8.000000E+0 65.527000E+3 65.530000E+3
233 18.000000E+0 11.000000E+0 65.535000E+3 65.522000E+3
234 14.000000E+0 17.000000E+0 6.000000E+0 65.511000E+3
235 11.000000E+0 24.000000E+0 12.000000E+0 65.504000E+3
236 9.000000E+0 26.000000E+0 20.000000E+0 65.501000E+3
237 9.000000E+0 27.000000E+0 26.000000E+0 65.502000E+3
238 8.000000E+0 23.000000E+0 34.000000E+0 65.499000E+3
239 7.000000E+0 17.000000E+0 39.000000E+0 65.496000E+3
240 7.000000E+0 9.000000E+0 46.000000E+0 65.493000E+3
241 10.000000E+0 3.000000E+0 51.000000E+0 65.497000E+3
242 13.000000E+0 1.000000E+0 56.000000E+0 65.502000E+3
243 14.000000E+0 0.000000E+0 58.000000E+0 65.509000E+3
244 13.000000E+0 0.000000E+0 60.000000E+0 65.515000E+3
245 10.000000E+0 0.000000E+0 59.000000E+0 65.524000E+3
246 7.000000E+0 0.000000E+0 58.000000E+0 65.533000E+3
247 3.000000E+0 0.000000E+0 54.000000E+0 3.000000E+0
248 1.000000E+0 0.000000E+0 50.000000E+0 11.000000E+0
249 1.000000E+0 0.000000E+0 43.000000E+0 17.000000E+0
250 3.000000E+0 0.000000E+0 38.000000E+0 26.000000E+0
251 5.000000E+0 0.000000E+0 31.000000E+0 33.000000E+0
252 5.000000E+0 0.000000E+0 26.000000E+0 42.000000E+0
253 6.000000E+0 0.000000E+0 20.000000E+0 43.000000E+0
254 7.000000E+0 0.000000E+0 15.000000E+0 43.000000E+0
255 8.000000E+0 65.535000E+3 10.000000E+0 35.000000E+0
256 9.000000E+0 65.533000E+3 6.000000E+0 31.000000E+0
257 9.000000E+0 65.534000E+3 1.000000E+0 36.000000E+0
258 8.000000E+0 65.533000E+3 65.535000E+3 40.000000E+0
259 8.000000E+0 65.531000E+3 65.533000E+3 36.000000E+0
260 11.000000E+0 65.528000E+3 65.530000E+3 22.000000E+0
261 14.000000E+0 65.527000E+3 65.527000E+3 10.000000E+0
262 19.000000E+0 65.528000E+3 65.523000E+3 7.000000E+0
263 22.000000E+0 65.529000E+3 65.521000E+3 8.000000E+0
264 28.000000E+0 65.531000E+3 65.519000E+3 10.000000E+0
265 32.000000E+0 65.533000E+3 65.519000E+3 10.000000E+0
266 36.000000E+0 65.533000E+3 65.519000E+3 5.000000E+0
267 37.000000E+0 65.530000E+3 65.519000E+3 0.000000E+0
268 36.000000E+0 65.529000E+3 65.519000E+3 65.531000E+3
269 30.000000E+0 65.530000E+3 65.518000E+3 65.529000E+3
270 22.000000E+0 65.533000E+3 65.516000E+3 65.528000E+3
271 13.000000E+0 0.000000E+0 65.516000E+3 65.529000E+3
272 4.000000E+0 6.000000E+0 65.515000E+3 65.527000E+3
273 65.535000E+3 13.000000E+0 65.518000E+3 65.523000E+3
274 65.529000E+3 22.000000E+0 65.522000E+3 65.517000E+3
275 65.524000E+3 27.000000E+0 65.527000E+3 65.513000E+3
276 65.517000E+3 29.000000E+0 65.529000E+3 65.512000E+3
277 65.510000E+3 31.000000E+0 65.529000E+3 65.513000E+3
278 65.501000E+3 39.000000E+0 65.530000E+3 65.518000E+3
279 65.496000E+3 44.000000E+0 65.532000E+3 65.524000E+3
280 65.491000E+3 47.000000E+0 65.533000E+3 65.530000E+3
281 65.488000E+3 43.000000E+0 65.532000E+3 65.534000E+3
282 65.483000E+3 34.000000E+0 65.530000E+3 0.000000E+0
283 65.479000E+3 24.000000E+0 65.527000E+3 0.000000E+0
284 65.476000E+3 13.000000E+0 65.524000E+3 0.000000E+0
285 65.476000E+3 5.000000E+0 65.524000E+3 0.000000E+0
286 65.477000E+3 65.535000E+3 65.524000E+3 0.000000E+0
287 65.482000E+3 65.528000E+3 65.525000E+3 0.000000E+0
288 65.487000E+3 65.519000E+3 65.527000E+3 0.000000E+0
289 65.493000E+3 65.511000E+3 65.529000E+3 0.000000E+0
290 65.500000E+3 65.501000E+3 65.531000E+3 0.000000E+0
291 65.507000E+3 65.495000E+3 65.532000E+3 0.000000E+0
292 65.513000E+3 65.489000E+3 65.532000E+3 0.000000E+0
293 65.520000E+3 65.487000E+3 65.531000E+3 0.000000E+0
294 65.525000E+3 65.488000E+3 65.530000E+3 0.000000E+0
295 65.530000E+3 65.490000E+3 65.529000E+3 0.000000E+0
296 65.534000E+3 65.489000E+3 65.528000E+3 0.000000E+0
297 0.000000E+0 65.493000E+3 65.528000E+3 1.000000E+0
298 4.000000E+0 65.501000E+3 65.527000E+3 4.000000E+0
299 6.000000E+0 65.514000E+3 65.525000E+3 7.000000E+0
300 9.000000E+0 65.522000E+3 65.522000E+3 10.000000E+0
301 12.000000E+0 65.525000E+3 65.519000E+3 12.000000E+0
302 14.000000E+0 65.528000E+3 65.515000E+3 12.000000E+0
303 17.000000E+0 65.530000E+3 65.512000E+3 11.000000E+0
304 19.000000E+0 65.534000E+3 65.507000E+3 10.000000E+0
305 20.000000E+0 65.535000E+3 65.504000E+3 9.000000E+0
306 22.000000E+0 1.000000E+0 65.499000E+3 12.000000E+0
307 21.000000E+0 5.000000E+0 65.498000E+3 13.000000E+0
308 22.000000E+0 10.000000E+0 65.499000E+3 14.000000E+0
309 21.000000E+0 12.000000E+0 65.503000E+3 11.000000E+0
310 22.000000E+0 12.000000E+0 65.511000E+3 7.000000E+0
311 22.000000E+0 10.000000E+0 65.519000E+3 1.000000E+0
312 22.000000E+0 10.000000E+0 65.528000E+3 65.529000E+3
313 21.000000E+0 9.000000E+0 65.535000E+3 65.518000E+3
314 20.000000E+0 13.000000E+0 7.000000E+0 65.503000E+3
315 15.000000E+0 19.000000E+0 14.000000E+0 65.495000E+3
316 9.000000E+0 24.000000E+0 21.000000E+0 65.493000E+3
317 5.000000E+0 27.000000E+0 25.000000E+0 65.497000E+3
318 4.000000E+0 25.000000E+0 31.000000E+0 65.497000E+3
319 6.000000E+0 20.000000E+0 36.000000E+0 65.497000E+3
320 6.000000E+0 13.000000E+0 42.000000E+0 65.493000E+3
321 6.000000E+0 5.000000E+0 45.000000E+0 65.496000E+3
322 7.000000E+0 1.000000E+0 50.000000E+0 65.500000E+3
323 10.000000E+0 0.000000E+0 52.000000E+0 65.508000E+3
324 12.000000E+0 0.000000E+0 56.000000E+0 65.516000E+3
325 13.000000E+0 0.000000E+0 57.000000E+0 65.525000E+3
326 11.000000E+0 0.000000E+0 59.000000E+0 65.535000E+3
327 9.000000E+0 0.000000E+0 59.000000E+0 7.000000E+0
328 8.000000E+0 0.000000E+0 57.000000E+0 17.000000E+0
329 8.000000E+0 0.000000E+0 53.000000E+0 24.000000E+0
330 8.000000E+0 0.000000E+0 45.000000E+0 34.000000E+0
331 7.000000E+0 0.000000E+0 36.000000E+0 39.000000E+0
332 6.000000E+0 0.000000E+0 27.000000E+0 46.000000E+0
333 6.000000E+0 0.000000E+0 19.000000E+0 46.000000E+0
334 5.000000E+0 65.535000E+3 12.000000E+0 43.000000E+0
335 5.000000E+0 65.535000E+3 6.000000E+0 37.000000E+0
336 6.000000E+0 65.535000E+3 2.000000E+0 38.000000E+0
337 8.000000E+0 65.533000E+3 0.000000E+0 34.000000E+0
338 12.000000E+0 65.529000E+3 65.534000E+3 29.000000E+0
339 16.000000E+0 65.525000E+3 65.532000E+3 17.000000E+0
340 19.000000E+0 65.523000E+3 65.529000E+3 10.000000E+0
341 22.000000E+0 65.523000E+3 65.527000E+3 6.000000E+0
342 27.000000E+0 65.525000E+3 65.523000E+3 4.000000E+0
343 30.000000E+0 65.527000E+3 65.521000E+3 2.000000E+0
344 34.000000E+0 65.530000E+3 65.517000E+3 1.000000E+0
345 36.000000E+0 65.531000E+3 65.515000E+3 1.000000E+0
346 37.000000E+0 65.530000E+3 65.513000E+3 3.000000E+0
347 37.000000E+0 65.531000E+3 65.514000E+3 5.000000E+0
348 36.000000E+0 65.532000E+3 65.515000E+3 5.000000E+0
349 33.000000E+0 65.534000E+3 65.518000E+3 2.000000E+0
350 27.000000E+0 0.000000E+0 65.520000E+3 65.535000E+3
351 19.000000E+0 1.000000E+0 65.522000E+3 65.532000E+3
352 11.000000E+0 6.000000E+0 65.522000E+3 65.527000E+3
353 3.000000E+0 11.000000E+0 65.522000E+3 65.521000E+3
354 65.530000E+3 18.000000E+0 65.523000E+3 65.515000E+3
355 65.520000E+3 22.000000E+0 65.525000E+3 65.512000E+3
356 65.510000E+3 28.000000E+0 65.527000E+3 65.511000E+3
357 65.504000E+3 35.000000E+0 65.530000E+3 65.513000E+3
358 65.497000E+3 44.000000E+0 65.532000E+3 65.520000E+3
359 65.490000E+3 47.000000E+0 65.531000E+3 65.527000E+3
360 65.481000E+3 46.000000E+0 65.528000E+3 65.533000E+3
361 65.475000E+3 41.000000E+0 65.526000E+3 65.535000E+3
362 65.470000E+3 34.000000E+0 65.524000E+3 0.000000E+0
363 65.470000E+3 27.000000E+0 65.525000E+3 0.000000E+0
364 65.471000E+3 19.000000E+0 65.525000E+3 0.000000E+0
365 65.475000E+3 10.000000E+0 65.527000E+3 0.000000E+0
366 65.478000E+3 2.000000E+0 65.529000E+3 0.000000E+0
367 65.483000E+3 65.532000E+3 65.530000E+3 0.000000E+0
368 65.488000E+3 65.523000E+3 65.531000E+3 0.000000E+0
369 65.494000E+3 65.515000E+3 65.532000E+3 0.000000E+0
370 65.499000E+3 65.504000E+3 65.532000E+3 0.000000E+0
371 65.505000E+3 65.497000E+3 65.532000E+3 0.000000E+0
372 65.510000E+3 65.488000E+3 65.531000E+3 0.000000E+0
373 65.516000E+3 65.485000E+3 65.530000E+3 0.000000E+0
374 65.521000E+3 65.486000E+3 65.528000E+3 0.000000E+0
375 65.526000E+3 65.488000E+3 65.527000E+3 0.000000E+0
376 65.531000E+3 65.486000E+3 65.526000E+3 0.000000E+0
377 65.535000E+3 65.487000E+3 65.526000E+3 0.000000E+0
378 2.000000E+0 65.493000E+3 65.525000E+3 1.000000E+0
379 4.000000E+0 65.508000E+3 65.523000E+3 4.000000E+0
380 8.000000E+0 65.519000E+3 65.520000E+3 7.000000E+0
381 10.000000E+0 65.526000E+3 65.518000E+3 10.000000E+0
382 14.000000E+0 65.528000E+3 65.513000E+3 12.000000E+0
383 16.000000E+0 65.531000E+3 65.510000E+3 11.000000E+0
384 19.000000E+0 65.534000E+3 65.505000E+3 10.000000E+0
385 20.000000E+0 0.000000E+0 65.502000E+3 9.000000E+0
386 21.000000E+0 5.000000E+0 65.498000E+3 12.000000E+0
387 22.000000E+0 9.000000E+0 65.497000E+3 14.000000E+0
388 22.000000E+0 14.000000E+0 65.497000E+3 16.000000E+0
389 22.000000E+0 14.000000E+0 65.502000E+3 13.000000E+0
390 23.000000E+0 13.000000E+0 65.510000E+3 8.000000E+0
391 23.000000E+0 11.000000E+0 65.519000E+3 1.000000E+0
392 23.000000E+0 10.000000E+0 65.528000E+3 65.528000E+3
393 21.000000E+0 9.000000E+0 65.535000E+3 65.517000E+3
394 19.000000E+0 14.000000E+0 5.000000E+0 65.503000E+3
395 14.000000E+0 20.000000E+0 10.000000E+0 65.496000E+3
396 8.000000E+0 26.000000E+0 18.000000E+0 65.494000E+3
397 5.000000E+0 29.000000E+0 24.000000E+0 65.499000E+3
398 4.000000E+0 26.000000E+0 32.000000E+0 65.499000E+3
399 6.000000E+0 19.000000E+0 37.000000E+0 65.497000E+3
400 7.000000E+0 10.000000E+0 43.000000E+0 65.493000E+3
401 9.000000E+0 3.000000E+0 46.000000E+0 65.497000E+3
402 12.000000E+0 1.000000E+0 52.000000E+0 65.501000E+3
403 14.000000E+0 0.000000E+0 55.000000E+0 65.509000E+3
404 13.000000E+0 0.000000E+0 58.000000E+0 65.516000E+3
405 10.000000E+0 0.000000E+0 60.000000E+0 65.525000E+3
406 9.000000E+0 0.000000E+0 64.000000E+0 65.535000E+3
407 9.000000E+0 0.000000E+0 63.000000E+0 7.000000E+0
408 9.000000E+0 0.000000E+0 58.000000E+0 16.000000E+0
409 8.000000E+0 0.000000E+0 47.000000E+0 24.000000E+0
410 6.000000E+0 0.000000E+0 38.000000E+0 32.000000E+0
411 5.000000E+0 0.000000E+0 30.000000E+0 37.000000E+0
412 5.000000E+0 0.000000E+0 23.000000E+0 43.000000E+0
413 6.000000E+0 0.000000E+0 17.000000E+0 42.000000E+0
414 7.000000E+0 0.000000E+0 11.000000E+0 39.000000E+0
415 7.000000E+0 0.000000E+0 6.000000E+0 34.000000E+0
416 8.000000E+0 65.533000E+3 2.000000E+0 28.000000E+0
417 9.000000E+0 65.528000E+3 0.000000E+0 23.000000E+0
418 11.000000E+0 65.523000E+3 65.534000E+3 17.000000E+0
419 13.000000E+0 65.520000E+3 65.532000E+3 13.000000E+0
420 16.000000E+0 65.521000E+3 65.529000E+3 11.000000E+0
421 19.000000E+0 65.521000E+3 65.527000E+3 9.000000E+0
422 25.000000E+0 65.525000E+3 65.523000E+3 7.000000E+0
423 30.000000E+0 65.528000E+3 65.521000E+3 5.000000E+0
424 35.000000E+0 65.530000E+3 65.518000E+3 3.000000E+0
425 37.000000E+0 65.530000E+3 65.516000E+3 2.000000E+0
426 39.000000E+0 65.529000E+3 65.514000E+3 2.000000E+0
427 37.000000E+0 65.530000E+3 65.513000E+3 3.000000E+0
428 35.000000E+0 65.531000E+3 65.514000E+3 3.000000E+0
429 31.000000E+0 65.534000E+3 65.516000E+3 5.000000E+0
430 26.000000E+0 65.535000E+3 65.519000E+3 6.000000E+0
431 19.000000E+0 1.000000E+0 65.522000E+3 3.000000E+0
432 12.000000E+0 7.000000E+0 65.524000E+3 65.534000E+3
433 4.000000E+0 14.000000E+0 65.525000E+3 65.526000E+3
434 65.531000E+3 22.000000E+0 65.525000E+3 65.520000E+3
435 65.521000E+3 25.000000E+0 65.526000E+3 65.516000E+3
436 65.510000E+3 29.000000E+0 65.527000E+3 65.515000E+3
437 65.504000E+3 34.000000E+0 65.530000E+3 65.516000E+3
438 65.498000E+3 42.000000E+0 65.533000E+3 65.521000E+3
439 65.493000E+3 47.000000E+0 65.534000E+3 65.527000E+3
440 65.485000E+3 48.000000E+0 65.532000E+3 65.532000E+3
441 65.479000E+3 42.000000E+0 65.530000E+3 65.535000E+3
442 65.474000E+3 36.000000E+0 65.528000E+3 0.000000E+0
443 65.474000E+3 28.000000E+0 65.527000E+3 0.000000E+0
444 65.474000E+3 20.000000E+0 65.528000E+3 0.000000E+0
445 65.477000E+3 12.000000E+0 65.529000E+3 0.000000E+0
446 65.480000E+3 4.000000E+0 65.530000E+3 0.000000E+0
447 65.484000E+3 65.535000E+3 65.532000E+3 0.000000E+0
448 65.489000E+3 65.526000E+3 65.533000E+3 0.000000E+0
449 65.494000E+3 65.518000E+3 65.533000E+3 0.000000E+0
450 65.500000E+3 65.507000E+3 65.533000E+3 0.000000E+0
451 65.505000E+3 65.500000E+3 65.533000E+3 0.000000E+0
452 65.510000E+3 65.491000E+3 65.532000E+3 0.000000E+0
453 65.515000E+3 65.488000E+3 65.531000E+3 0.000000E+0
454 65.520000E+3 65.486000E+3 65.530000E+3 0.000000E+0
455 65.525000E+3 65.491000E+3 65.529000E+3 0.000000E+0
456 65.530000E+3 65.491000E+3 65.527000E+3 0.000000E+0
457 65.534000E+3 65.490000E+3 65.528000E+3 0.000000E+0
458 1.000000E+0 65.489000E+3 65.528000E+3 0.000000E+0
459 4.000000E+0 65.495000E+3 65.527000E+3 0.000000E+0
460 6.000000E+0 65.507000E+3 65.523000E+3 0.000000E+0
461 8.000000E+0 65.520000E+3 65.518000E+3 2.000000E+0
462 12.000000E+0 65.529000E+3 65.514000E+3 5.000000E+0
463 15.000000E+0 65.534000E+3 65.510000E+3 7.000000E+0
464 18.000000E+0 1.000000E+0 65.506000E+3 9.000000E+0
465 19.000000E+0 3.000000E+0 65.504000E+3 9.000000E+0
466 21.000000E+0 7.000000E+0 65.501000E+3 9.000000E+0
467 21.000000E+0 10.000000E+0 65.500000E+3 11.000000E+0
468 22.000000E+0 12.000000E+0 65.501000E+3 13.000000E+0
469 21.000000E+0 13.000000E+0 65.505000E+3 11.000000E+0
470 21.000000E+0 11.000000E+0 65.512000E+3 7.000000E+0
471 20.000000E+0 8.000000E+0 65.520000E+3 1.000000E+0
472 20.000000E+0 8.000000E+0 65.527000E+3 65.528000E+3
473 18.000000E+0 11.000000E+0 65.533000E+3 65.517000E+3
474 16.000000E+0 16.000000E+0 2.000000E+0 65.505000E+3
475 11.000000E+0 22.000000E+0 7.000000E+0 65.500000E+3
476 7.000000E+0 26.000000E+0 15.000000E+0 65.501000E+3
477 5.000000E+0 27.000000E+0 22.000000E+0 65.504000E+3
478 6.000000E+0 23.000000E+0 30.000000E+0 65.501000E+3
479 7.000000E+0 15.000000E+0 35.000000E+0 65.498000E+3
480 10.000000E+0 7.000000E+0 41.000000E+0 65.495000E+3
481 12.000000E+0 2.000000E+0 45.000000E+0 65.499000E+3
482 14.000000E+0 0.000000E+0 50.000000E+0 65.503000E+3
483 13.000000E+0 0.000000E+0 53.000000E+0 65.511000E+3
484 12.000000E+0 0.000000E+0 59.000000E+0 65.520000E+3
485 10.000000E+0 0.000000E+0 63.000000E+0 65.529000E+3
486 10.000000E+0 0.000000E+0 65.000000E+0 2.000000E+0
487 9.000000E+0 0.000000E+0 61.000000E+0 9.000000E+0
488 8.000000E+0 0.000000E+0 51.000000E+0 17.000000E+0
489 7.000000E+0 0.000000E+0 40.000000E+0 24.000000E+0
490 6.000000E+0 0.000000E+0 32.000000E+0 32.000000E+0
491 5.000000E+0 0.000000E+0 25.000000E+0 37.000000E+0
492 5.000000E+0 0.000000E+0 19.000000E+0 43.000000E+0
493 6.000000E+0 0.000000E+0 14.000000E+0 40.000000E+0
494 8.000000E+0 0.000000E+0 8.000000E+0 38.000000E+0
495 9.000000E+0 65.535000E+3 4.000000E+0 29.000000E+0
496 10.000000E+0 65.531000E+3 1.000000E+0 22.000000E+0
497 11.000000E+0 65.527000E+3 0.000000E+0 16.000000E+0
498 12.000000E+0 65.523000E+3 65.535000E+3 13.000000E+0
499 13.000000E+0 65.522000E+3 65.532000E+3 10.000000E+0
500 16.000000E+0 65.523000E+3 65.529000E+3 10.000000E+0
501 18.000000E+0 65.525000E+3 65.525000E+3 7.000000E+0
502 22.000000E+0 65.528000E+3 65.522000E+3 5.000000E+0
503 25.000000E+0 65.530000E+3 65.520000E+3 4.000000E+0
504 32.000000E+0 65.531000E+3 65.517000E+3 3.000000E+0
505 37.000000E+0 65.530000E+3 65.516000E+3 5.000000E+0
506 40.000000E+0 65.528000E+3 65.514000E+3 5.000000E+0
507 39.000000E+0 65.528000E+3 65.514000E+3 6.000000E+0
508 37.000000E+0 65.530000E+3 65.513000E+3 6.000000E+0
509 31.000000E+0 65.533000E+3 65.514000E+3 6.000000E+0
510 25.000000E+0 0.000000E+0 65.516000E+3 5.000000E+0
511 18.000000E+0 1.000000E+0 65.520000E+3 2.000000E+0
512 11.000000E+0 5.000000E+0 65.523000E+3 65.534000E+3
513 4.000000E+0 11.000000E+0 65.525000E+3 65.529000E+3
514 65.530000E+3 19.000000E+0 65.526000E+3 65.524000E+3
515 65.521000E+3 24.000000E+0 65.526000E+3 65.520000E+3
516 65.510000E+3 30.000000E+0 65.527000E+3 65.518000E+3
517 65.503000E+3 36.000000E+0 65.530000E+3 65.518000E+3
518 65.497000E+3 44.000000E+0 65.533000E+3 65.523000E+3
519 65.492000E+3 48.000000E+0 65.534000E+3 65.528000E+3
520 65.485000E+3 48.000000E+0 65.533000E+3 65.532000E+3
521 65.480000E+3 42.000000E+0 65.531000E+3 65.535000E+3
522 65.475000E+3 36.000000E+0 65.529000E+3 0.000000E+0
523 65.474000E+3 28.000000E+0 65.529000E+3 0.000000E+0
524 65.474000E+3 20.000000E+0 65.529000E+3 0.000000E+0
525 65.478000E+3 12.000000E+0 65.530000E+3 0.000000E+0
526 65.480000E+3 5.000000E+0 65.531000E+3 0.000000E+0
527 65.485000E+3 65.535000E+3 65.533000E+3 0.000000E+0
528 65.489000E+3 65.526000E+3 65.533000E+3 0.000000E+0
529 65.494000E+3 65.518000E+3 65.534000E+3 0.000000E+0
530 65.499000E+3 65.507000E+3 65.533000E+3 0.000000E+0
531 65.505000E+3 65.500000E+3 65.532000E+3 0.000000E+0
532 65.509000E+3 65.491000E+3 65.532000E+3 0.000000E+0
533 65.514000E+3 65.488000E+3 65.531000E+3 0.000000E+0
534 65.520000E+3 65.487000E+3 65.529000E+3 0.000000E+0
535 65.525000E+3 65.491000E+3 65.528000E+3 0.000000E+0
536 65.530000E+3 65.491000E+3 65.527000E+3 0.000000E+0
537 65.534000E+3 65.489000E+3 65.528000E+3 0.000000E+0
538 1.000000E+0 65.489000E+3 65.528000E+3 0.000000E+0
539 4.000000E+0 65.496000E+3 65.526000E+3 0.000000E+0
540 6.000000E+0 65.510000E+3 65.522000E+3 1.000000E+0
541 9.000000E+0 65.522000E+3 65.518000E+3 2.000000E+0
542 12.000000E+0 65.530000E+3 65.513000E+3 5.000000E+0
543 15.000000E+0 65.535000E+3 65.511000E+3 8.000000E+0
544 18.000000E+0 1.000000E+0 65.506000E+3 10.000000E+0
545 20.000000E+0 3.000000E+0 65.504000E+3 10.000000E+0
546 22.000000E+0 5.000000E+0 65.501000E+3 10.000000E+0
547 22.000000E+0 9.000000E+0 65.501000E+3 11.000000E+0
548 22.000000E+0 11.000000E+0 65.501000E+3 12.000000E+0
549 21.000000E+0 12.000000E+0 65.504000E+3 10.000000E+0
550 21.000000E+0 10.000000E+0 65.511000E+3 7.000000E+0
551 20.000000E+0 8.000000E+0 65.519000E+3 1.000000E+0
552 19.000000E+0 8.000000E+0 65.527000E+3 65.529000E+3
553 18.000000E+0 11.000000E+0 65.533000E+3 65.518000E+3
554 15.000000E+0 16.000000E+0 2.000000E+0 65.506000E+3
555 11.000000E+0 22.000000E+0 7.000000E+0 65.501000E+3
556 7.000000E+0 25.000000E+0 14.000000E+0 65.500000E+3
557 5.000000E+0 27.000000E+0 20.000000E+0 65.504000E+3
558 6.000000E+0 23.000000E+0 28.000000E+0 65.502000E+3
559 7.000000E+0 16.000000E+0 33.000000E+0 65.499000E+3
560 8.000000E+0 8.000000E+0 39.000000E+0 65.496000E+3
561 10.000000E+0 2.000000E+0 42.000000E+0 65.498000E+3
562 13.000000E+0 0.000000E+0 47.000000E+0 65.503000E+3
563 13.000000E+0 0.000000E+0 50.000000E+0 65.509000E+3
564 12.000000E+0 0.000000E+0 54.000000E+0 65.518000E+3
565 10.000000E+0 0.000000E+0 59.000000E+0 65.527000E+3
566 10.000000E+0 0.000000E+0 62.000000E+0 0.000000E+0
567 9.000000E+0 0.000000E+0 59.000000E+0 6.000000E+0
568 8.000000E+0 0.000000E+0 52.000000E+0 14.000000E+0
569 7.000000E+0 0.000000E+0 42.000000E+0 21.000000E+0
570 6.000000E+0 0.000000E+0 34.000000E+0 29.000000E+0
571 5.000000E+0 0.000000E+0 26.000000E+0 34.000000E+0
572 5.000000E+0 0.000000E+0 20.000000E+0 40.000000E+0
573 5.000000E+0 0.000000E+0 14.000000E+0 40.000000E+0
574 7.000000E+0 0.000000E+0 9.000000E+0 37.000000E+0
575 8.000000E+0 0.000000E+0 5.000000E+0 31.000000E+0
576 9.000000E+0 65.534000E+3 2.000000E+0 24.000000E+0
577 10.000000E+0 65.531000E+3 0.000000E+0 19.000000E+0
578 12.000000E+0 65.527000E+3 65.535000E+3 15.000000E+0
579 13.000000E+0 65.525000E+3 65.533000E+3 10.000000E+0
580 16.000000E+0 65.525000E+3 65.530000E+3 7.000000E+0
581 18.000000E+0 65.525000E+3 65.527000E+3 5.000000E+0
582 21.000000E+0 65.527000E+3 65.523000E+3 4.000000E+0
583 23.000000E+0 65.530000E+3 65.521000E+3 3.000000E+0
584 27.000000E+0 65.531000E+3 65.518000E+3 2.000000E+0
585 31.000000E+0 65.532000E+3 65.517000E+3 2.000000E+0
586 35.000000E+0 65.531000E+3 65.515000E+3 2.000000E+0
587 35.000000E+0 65.531000E+3 65.515000E+3 2.000000E+0
588 34.000000E+0 65.533000E+3 65.514000E+3 0.000000E+0
589 29.000000E+0 65.534000E+3 65.515000E+3 0.000000E+0
590 22.000000E+0 65.535000E+3 65.516000E+3 0.000000E+0
591 14.000000E+0 0.000000E+0 65.518000E+3 0.000000E+0
592 7.000000E+0 4.000000E+0 65.520000E+3 65.535000E+3
593 0.000000E+0 9.000000E+0 65.523000E+3 65.533000E+3
594 65.525000E+3 16.000000E+0 65.526000E+3 65.530000E+3
595 65.515000E+3 22.000000E+0 65.528000E+3 65.527000E+3
596 65.506000E+3 33.000000E+0 65.530000E+3 65.526000E+3
597 65.502000E+3 40.000000E+0 65.531000E+3 65.526000E+3
598 65.496000E+3 48.000000E+0 65.533000E+3 65.529000E+3
599 65.491000E+3 47.000000E+0 65.533000E+3 65.532000E+3
600 65.484000E+3 45.000000E+0 65.532000E+3 65.534000E+3
601 65.480000E+3 38.000000E+0 65.531000E+3 65.534000E+3
602 65.477000E+3 31.000000E+0 65.530000E+3 65.534000E+3
603 65.477000E+3 24.000000E+0 65.530000E+3 65.533000E+3
604 65.477000E+3 15.000000E+0 65.531000E+3 65.533000E+3
605 65.480000E+3 8.000000E+0 65.532000E+3 65.535000E+3
606 65.483000E+3 0.000000E+0 65.533000E+3 0.000000E+0
607 65.487000E+3 65.530000E+3 65.533000E+3 0.000000E+0
608 65.492000E+3 65.521000E+3 65.533000E+3 0.000000E+0
609 65.497000E+3 65.513000E+3 65.533000E+3 0.000000E+0
610 65.501000E+3 65.502000E+3 65.532000E+3 0.000000E+0
611 65.506000E+3 65.496000E+3 65.532000E+3 0.000000E+0
612 65.511000E+3 65.488000E+3 65.530000E+3 0.000000E+0
613 65.517000E+3 65.487000E+3 65.529000E+3 0.000000E+0
614 65.522000E+3 65.487000E+3 65.528000E+3 0.000000E+0
615 65.528000E+3 65.490000E+3 65.527000E+3 0.000000E+0
616 65.533000E+3 65.487000E+3 65.526000E+3 0.000000E+0
617 0.000000E+0 65.487000E+3 65.527000E+3 0.000000E+0
618 3.000000E+0 65.493000E+3 65.525000E+3 1.000000E+0
619 6.000000E+0 65.507000E+3 65.522000E+3 5.000000E+0
620 9.000000E+0 65.520000E+3 65.519000E+3 9.000000E+0
621 11.000000E+0 65.526000E+3 65.516000E+3 13.000000E+0
622 15.000000E+0 65.528000E+3 65.512000E+3 14.000000E+0
623 17.000000E+0 65.530000E+3 65.508000E+3 13.000000E+0
624 19.000000E+0 65.533000E+3 65.503000E+3 10.000000E+0
625 19.000000E+0 0.000000E+0 65.500000E+3 8.000000E+0
626 21.000000E+0 5.000000E+0 65.496000E+3 10.000000E+0
627 21.000000E+0 10.000000E+0 65.495000E+3 12.000000E+0
628 22.000000E+0 15.000000E+0 65.495000E+3 14.000000E+0
629 22.000000E+0 14.000000E+0 65.500000E+3 13.000000E+0
630 23.000000E+0 13.000000E+0 65.508000E+3 9.000000E+0
631 23.000000E+0 11.000000E+0 65.517000E+3 2.000000E+0
632 23.000000E+0 10.000000E+0 65.526000E+3 65.530000E+3
633 21.000000E+0 10.000000E+0 65.534000E+3 65.518000E+3
634 18.000000E+0 14.000000E+0 3.000000E+0 65.506000E+3
635 13.000000E+0 21.000000E+0 8.000000E+0 65.499000E+3
636 8.000000E+0 26.000000E+0 16.000000E+0 65.497000E+3
637 5.000000E+0 28.000000E+0 22.000000E+0 65.501000E+3
638 5.000000E+0 25.000000E+0 30.000000E+0 65.499000E+3
639 7.000000E+0 19.000000E+0 35.000000E+0 65.497000E+3
640 10.000000E+0 10.000000E+0 42.000000E+0 65.494000E+3
641 13.000000E+0 3.000000E+0 46.000000E+0 65.497000E+3
642 14.000000E+0 1.000000E+0 51.000000E+0 65.501000E+3
643 13.000000E+0 0.000000E+0 54.000000E+0 65.507000E+3
644 11.000000E+0 0.000000E+0 59.000000E+0 65.514000E+3
645 10.000000E+0 0.000000E+0 63.000000E+0 65.524000E+3
646 10.000000E+0 0.000000E+0 65.000000E+0 65.534000E+3
647 9.000000E+0 0.000000E+0 61.000000E+0 5.000000E+0
648 8.000000E+0 0.000000E+0 52.000000E+0 13.000000E+0
649 7.000000E+0 0.000000E+0 43.000000E+0 18.000000E+0
650 5.000000E+0 0.000000E+0 36.000000E+0 27.000000E+0
651 5.000000E+0 0.000000E+0 30.000000E+0 32.000000E+0
652 5.000000E+0 0.000000E+0 23.000000E+0 40.000000E+0
653 5.000000E+0 0.000000E+0 17.000000E+0 41.000000E+0
654 7.000000E+0 0.000000E+0 12.000000E+0 39.000000E+0
655 9.000000E+0 0.000000E+0 8.000000E+0 35.000000E+0
656 10.000000E+0 65.534000E+3 4.000000E+0 28.000000E+0
657 11.000000E+0 65.530000E+3 1.000000E+0 22.000000E+0
658 12.000000E+0 65.526000E+3 0.000000E+0 16.000000E+0
659 12.000000E+0 65.523000E+3 65.534000E+3 10.000000E+0
660 15.000000E+0 65.524000E+3 65.531000E+3 8.000000E+0
661 17.000000E+0 65.524000E+3 65.528000E+3 7.000000E+0
662 20.000000E+0 65.527000E+3 65.524000E+3 5.000000E+0
663 22.000000E+0 65.530000E+3 65.521000E+3 4.000000E+0
664 27.000000E+0 65.533000E+3 65.518000E+3 2.000000E+0
665 32.000000E+0 65.534000E+3 65.517000E+3 1.000000E+0
666 36.000000E+0 65.533000E+3 65.515000E+3 1.000000E+0
667 35.000000E+0 65.533000E+3 65.515000E+3 1.000000E+0
668 33.000000E+0 65.533000E+3 65.514000E+3 1.000000E+0
669 27.000000E+0 65.535000E+3 65.515000E+3 1.000000E+0
670 20.000000E+0 0.000000E+0 65.516000E+3 0.000000E+0
671 13.000000E+0 0.000000E+0 65.518000E+3 0.000000E+0
672 6.000000E+0 3.000000E+0 65.520000E+3 65.535000E+3
673 0.000000E+0 8.000000E+0 65.524000E+3 65.533000E+3
674 65.526000E+3 16.000000E+0 65.527000E+3 65.530000E+3
675 65.517000E+3 22.000000E+0 65.528000E+3 65.526000E+3
676 65.507000E+3 31.000000E+0 65.528000E+3 65.523000E+3
677 65.502000E+3 37.000000E+0 65.530000E+3 65.524000E+3
678 65.496000E+3 45.000000E+0 65.533000E+3 65.526000E+3
679 65.492000E+3 47.000000E+0 65.534000E+3 65.530000E+3
680 65.485000E+3 45.000000E+0 65.534000E+3 65.533000E+3
681 65.481000E+3 38.000000E+0 65.533000E+3 65.535000E+3
682 65.477000E+3 31.000000E+0 65.531000E+3 65.535000E+3
683 65.477000E+3 23.000000E+0 65.531000E+3 65.534000E+3
684 65.477000E+3 16.000000E+0 65.531000E+3 65.534000E+3
685 65.479000E+3 8.000000E+0 65.532000E+3 65.535000E+3
686 65.482000E+3 0.000000E+0 65.532000E+3 0.000000E+0
687 65.487000E+3 65.530000E+3 65.533000E+3 0.000000E+0
688 65.491000E+3 65.521000E+3 65.533000E+3 0.000000E+0
689 65.496000E+3 65.513000E+3 65.533000E+3 0.000000E+0
690 65.501000E+3 65.502000E+3 65.532000E+3 0.000000E+0
691 65.506000E+3 65.495000E+3 65.532000E+3 0.000000E+0
692 65.512000E+3 65.488000E+3 65.531000E+3 0.000000E+0
693 65.517000E+3 65.487000E+3 65.530000E+3 0.000000E+0
694 65.523000E+3 65.488000E+3 65.528000E+3 0.000000E+0
695 65.527000E+3 65.491000E+3 65.527000E+3 0.000000E+0
696 65.533000E+3 65.486000E+3 65.527000E+3 0.000000E+0
697 0.000000E+0 65.486000E+3 65.527000E+3 0.000000E+0
698 4.000000E+0 65.491000E+3 65.526000E+3 1.000000E+0
699 6.000000E+0 65.505000E+3 65.523000E+3 3.000000E+0
700 9.000000E+0 65.518000E+3 65.519000E+3 6.000000E+0
701 11.000000E+0 65.526000E+3 65.516000E+3 10.000000E+0
702 14.000000E+0 65.529000E+3 65.512000E+3 12.000000E+0
703 16.000000E+0 65.531000E+3 65.508000E+3 13.000000E+0
704 19.000000E+0 65.534000E+3 65.503000E+3 11.000000E+0
705 20.000000E+0 1.000000E+0 65.500000E+3 8.000000E+0
706 21.000000E+0 7.000000E+0 65.496000E+3 10.000000E+0
707 21.000000E+0 11.000000E+0 65.494000E+3 13.000000E+0
708 22.000000E+0 15.000000E+0 65.495000E+3 15.000000E+0
709 22.000000E+0 15.000000E+0 65.500000E+3 14.000000E+0
710 23.000000E+0 14.000000E+0 65.507000E+3 10.000000E+0
711 23.000000E+0 12.000000E+0 65.516000E+3 3.000000E+0
712 23.000000E+0 10.000000E+0 65.525000E+3 65.530000E+3
713 21.000000E+0 10.000000E+0 65.533000E+3 65.519000E+3
714 18.000000E+0 15.000000E+0 3.000000E+0 65.506000E+3
715 13.000000E+0 21.000000E+0 7.000000E+0 65.499000E+3
716 8.000000E+0 26.000000E+0 15.000000E+0 65.498000E+3
717 5.000000E+0 29.000000E+0 21.000000E+0 65.501000E+3
718 5.000000E+0 25.000000E+0 30.000000E+0 65.499000E+3
719 7.000000E+0 18.000000E+0 35.000000E+0 65.497000E+3
720 10.000000E+0 9.000000E+0 41.000000E+0 65.493000E+3
721 13.000000E+0 3.000000E+0 45.000000E+0 65.496000E+3
722 14.000000E+0 0.000000E+0 51.000000E+0 65.500000E+3
723 13.000000E+0 0.000000E+0 54.000000E+0 65.507000E+3
724 11.000000E+0 0.000000E+0 60.000000E+0 65.515000E+3
725 10.000000E+0 0.000000E+0 64.000000E+0 65.525000E+3
726 10.000000E+0 0.000000E+0 65.000000E+0 65.535000E+3
727 9.000000E+0 0.000000E+0 61.000000E+0 5.000000E+0
728 8.000000E+0 0.000000E+0 51.000000E+0 12.000000E+0
729 7.000000E+0 0.000000E+0 42.000000E+0 18.000000E+0
730 6.000000E+0 0.000000E+0 35.000000E+0 27.000000E+0
731 5.000000E+0 0.000000E+0 29.000000E+0 32.000000E+0
732 5.000000E+0 0.000000E+0 23.000000E+0 39.000000E+0
733 6.000000E+0 0.000000E+0 18.000000E+0 41.000000E+0
734 7.000000E+0 0.000000E+0 13.000000E+0 40.000000E+0
735 9.000000E+0 0.000000E+0 9.000000E+0 34.000000E+0
736 11.000000E+0 65.533000E+3 5.000000E+0 25.000000E+0
737 11.000000E+0 65.530000E+3 2.000000E+0 17.000000E+0
738 12.000000E+0 65.526000E+3 0.000000E+0 12.000000E+0
739 13.000000E+0 65.524000E+3 65.534000E+3 9.000000E+0
740 15.000000E+0 65.524000E+3 65.531000E+3 9.000000E+0
741 16.000000E+0 65.525000E+3 65.527000E+3 6.000000E+0
742 19.000000E+0 65.528000E+3 65.523000E+3 4.000000E+0
743 22.000000E+0 65.531000E+3 65.521000E+3 2.000000E+0
744 27.000000E+0 65.533000E+3 65.518000E+3 2.000000E+0
745 30.000000E+0 65.533000E+3 65.517000E+3 2.000000E+0
746 35.000000E+0 65.532000E+3 65.515000E+3 2.000000E+0
747 35.000000E+0 65.533000E+3 65.515000E+3 3.000000E+0
748 33.000000E+0 65.534000E+3 65.514000E+3 2.000000E+0
749 28.000000E+0 65.535000E+3 65.515000E+3 1.000000E+0
750 21.000000E+0 0.000000E+0 65.516000E+3 0.000000E+0
751 13.000000E+0 0.000000E+0 65.518000E+3 0.000000E+0
752 6.000000E+0 4.000000E+0 65.521000E+3 0.000000E+0
753 0.000000E+0 8.000000E+0 65.524000E+3 65.533000E+3
754 65.526000E+3 15.000000E+0 65.526000E+3 65.531000E+3
755 65.516000E+3 21.000000E+0 65.528000E+3 65.527000E+3
756 65.507000E+3 31.000000E+0 65.529000E+3 65.525000E+3
757 65.502000E+3 38.000000E+0 65.531000E+3 65.524000E+3
758 65.496000E+3 46.000000E+0 65.533000E+3 65.526000E+3
759 65.492000E+3 47.000000E+0 65.534000E+3 65.531000E+3
760 65.485000E+3 45.000000E+0 65.533000E+3 65.533000E+3
761 65.481000E+3 38.000000E+0 65.532000E+3 65.535000E+3
762 65.477000E+3 31.000000E+0 65.530000E+3 65.535000E+3
763 65.476000E+3 23.000000E+0 65.530000E+3 65.535000E+3
764 65.476000E+3 15.000000E+0 65.531000E+3 65.535000E+3
765 65.479000E+3 8.000000E+0 65.531000E+3 0.000000E+0
766 65.482000E+3 0.000000E+0 65.532000E+3 0.000000E+0
767 65.487000E+3 65.530000E+3 65.532000E+3 0.000000E+0
768 65.491000E+3 65.521000E+3 65.532000E+3 0.000000E+0
769 65.496000E+3 65.512000E+3 65.532000E+3 0.000000E+0
770 65.501000E+3 65.501000E+3 65.532000E+3 0.000000E+0
771 65.507000E+3 65.495000E+3 65.532000E+3 0.000000E+0
772 65.512000E+3 65.488000E+3 65.530000E+3 0.000000E+0
773 65.517000E+3 65.487000E+3 65.529000E+3 0.000000E+0
774 65.522000E+3 65.487000E+3 65.527000E+3 0.000000E+0
775 65.527000E+3 65.490000E+3 65.527000E+3 0.000000E+0
776 65.533000E+3 65.487000E+3 65.526000E+3 0.000000E+0
777 0.000000E+0 65.487000E+3 65.526000E+3 0.000000E+0
778 3.000000E+0 65.493000E+3 65.524000E+3 1.000000E+0
779 6.000000E+0 65.509000E+3 65.522000E+3 4.000000E+0
780 9.000000E+0 65.520000E+3 65.518000E+3 8.000000E+0
781 11.000000E+0 65.527000E+3 65.516000E+3 12.000000E+0
782 15.000000E+0 65.529000E+3 65.512000E+3 14.000000E+0
783 16.000000E+0 65.531000E+3 65.508000E+3 13.000000E+0
784 18.000000E+0 65.534000E+3 65.503000E+3 11.000000E+0
785 19.000000E+0 0.000000E+0 65.500000E+3 8.000000E+0
786 21.000000E+0 5.000000E+0 65.496000E+3 9.000000E+0
787 21.000000E+0 9.000000E+0 65.495000E+3 11.000000E+0
788 22.000000E+0 14.000000E+0 65.495000E+3 13.000000E+0
789 22.000000E+0 14.000000E+0 65.500000E+3 12.000000E+0
790 23.000000E+0 13.000000E+0 65.508000E+3 8.000000E+0
791 22.000000E+0 11.000000E+0 65.517000E+3 1.000000E+0
792 22.000000E+0 10.000000E+0 65.526000E+3 65.530000E+3
793 21.000000E+0 11.000000E+0 65.533000E+3 65.519000E+3
794 18.000000E+0 16.000000E+0 3.000000E+0 65.506000E+3
795 12.000000E+0 22.000000E+0 8.000000E+0 65.500000E+3
796 8.000000E+0 27.000000E+0 16.000000E+0 65.499000E+3
797 5.000000E+0 29.000000E+0 22.000000E+0 65.502000E+3
798 6.000000E+0 25.000000E+0 31.000000E+0 65.500000E+3
799 8.000000E+0 18.000000E+0 36.000000E+0 65.497000E+3
800 11.000000E+0 10.000000E+0 42.000000E+0 65.493000E+3
801 14.000000E+0 3.000000E+0 47.000000E+0 65.497000E+3
802 14.000000E+0 1.000000E+0 53.000000E+0 65.501000E+3
803 13.000000E+0 0.000000E+0 55.000000E+0 65.508000E+3
804 10.000000E+0 0.000000E+0 60.000000E+0 65.515000E+3
805 10.000000E+0 0.000000E+0 63.000000E+0 65.525000E+3
806 9.000000E+0 0.000000E+0 65.000000E+0 65.534000E+3
807 9.000000E+0 0.000000E+0 61.000000E+0 5.000000E+0
808 8.000000E+0 0.000000E+0 51.000000E+0 12.000000E+0
809 6.000000E+0 0.000000E+0 42.000000E+0 18.000000E+0
810 5.000000E+0 0.000000E+0 35.000000E+0 27.000000E+0
811 4.000000E+0 0.000000E+0 29.000000E+0 32.000000E+0
812 4.000000E+0 0.000000E+0 23.000000E+0 40.000000E+0
813 6.000000E+0 0.000000E+0 17.000000E+0 41.000000E+0
814 7.000000E+0 0.000000E+0 13.000000E+0 38.000000E+0
815 9.000000E+0 65.535000E+3 8.000000E+0 28.000000E+0
816 9.000000E+0 65.535000E+3 4.000000E+0 22.000000E+0
817 9.000000E+0 65.535000E+3 1.000000E+0 20.000000E+0
818 10.000000E+0 65.531000E+3 65.535000E+3 21.000000E+0
819 11.000000E+0 65.526000E+3 65.533000E+3 17.000000E+0
820 14.000000E+0 65.522000E+3 65.530000E+3 11.000000E+0
821 17.000000E+0 65.521000E+3 65.527000E+3 8.000000E+0
822 20.000000E+0 65.523000E+3 65.524000E+3 7.000000E+0
823 24.000000E+0 65.526000E+3 65.521000E+3 6.000000E+0
824 30.000000E+0 65.530000E+3 65.519000E+3 4.000000E+0
825 34.000000E+0 65.532000E+3 65.517000E+3 2.000000E+0
826 37.000000E+0 65.532000E+3 65.516000E+3 1.000000E+0
827 36.000000E+0 65.532000E+3 65.515000E+3 1.000000E+0
828 33.000000E+0 65.532000E+3 65.514000E+3 1.000000E+0
829 27.000000E+0 65.534000E+3 65.515000E+3 1.000000E+0
830 21.000000E+0 0.000000E+0 65.516000E+3 0.000000E+0
831 14.000000E+0 1.000000E+0 65.518000E+3 0.000000E+0
832 7.000000E+0 4.000000E+0 65.521000E+3 65.535000E+3
833 1.000000E+0 10.000000E+0 65.524000E+3 65.531000E+3
834 65.529000E+3 18.000000E+0 65.527000E+3 65.527000E+3
835 65.519000E+3 24.000000E+0 65.529000E+3 65.523000E+3
836 65.509000E+3 30.000000E+0 65.529000E+3 65.521000E+3
837 65.503000E+3 36.000000E+0 65.530000E+3 65.522000E+3
838 65.498000E+3 43.000000E+0 65.532000E+3 65.526000E+3
839 65.494000E+3 47.000000E+0 65.534000E+3 65.530000E+3
840 65.488000E+3 45.000000E+0 65.534000E+3 65.533000E+3
841 65.484000E+3 39.000000E+0 65.533000E+3 65.535000E+3
842 65.480000E+3 31.000000E+0 65.531000E+3 0.000000E+0
843 65.479000E+3 24.000000E+0 65.530000E+3 0.000000E+0
844 65.479000E+3 16.000000E+0 65.530000E+3 0.000000E+0
845 65.481000E+3 9.000000E+0 65.531000E+3 0.000000E+0
846 65.484000E+3 2.000000E+0 65.532000E+3 0.000000E+0
847 65.488000E+3 65.533000E+3 65.532000E+3 0.000000E+0
848 65.492000E+3 65.524000E+3 65.533000E+3 0.000000E+0
849 65.497000E+3 65.516000E+3 65.533000E+3 0.000000E+0
850 65.502000E+3 65.506000E+3 65.533000E+3 0.000000E+0
851 65.507000E+3 65.500000E+3 65.532000E+3 0.000000E+0
852 65.512000E+3 65.491000E+3 65.531000E+3 0.000000E+0
853 65.517000E+3 65.488000E+3 65.530000E+3 0.000000E+0
854 65.522000E+3 65.487000E+3 65.529000E+3 0.000000E+0
855 65.527000E+3 65.492000E+3 65.528000E+3 0.000000E+0
856 65.531000E+3 65.491000E+3 65.527000E+3 0.000000E+0
857 65.535000E+3 65.491000E+3 65.527000E+3 0.000000E+0
858 2.000000E+0 65.493000E+3 65.526000E+3 0.000000E+0
859 5.000000E+0 65.504000E+3 65.524000E+3 2.000000E+0
860 8.000000E+0 65.518000E+3 65.521000E+3 5.000000E+0
861 11.000000E+0 65.527000E+3 65.519000E+3 8.000000E+0
862 14.000000E+0 65.531000E+3 65.515000E+3 10.000000E+0
863 16.000000E+0 65.532000E+3 65.511000E+3 11.000000E+0
864 18.000000E+0 65.534000E+3 65.506000E+3 10.000000E+0
865 19.000000E+0 0.000000E+0 65.504000E+3 7.000000E+0
866 21.000000E+0 1.000000E+0 65.501000E+3 6.000000E+0
867 21.000000E+0 4.000000E+0 65.500000E+3 6.000000E+0
868 21.000000E+0 7.000000E+0 65.501000E+3 7.000000E+0
869 20.000000E+0 10.000000E+0 65.505000E+3 6.000000E+0
870 20.000000E+0 9.000000E+0 65.512000E+3 4.000000E+0
871 19.000000E+0 8.000000E+0 65.519000E+3 0.000000E+0
872 19.000000E+0 8.000000E+0 65.527000E+3 65.530000E+3
873 18.000000E+0 11.000000E+0 65.533000E+3 65.521000E+3
874 15.000000E+0 17.000000E+0 2.000000E+0 65.510000E+3
875 10.000000E+0 22.000000E+0 8.000000E+0 65.505000E+3
876 7.000000E+0 24.000000E+0 16.000000E+0 65.503000E+3
877 6.000000E+0 25.000000E+0 22.000000E+0 65.505000E+3
878 7.000000E+0 23.000000E+0 30.000000E+0 65.503000E+3
879 8.000000E+0 17.000000E+0 35.000000E+0 65.500000E+3
880 8.000000E+0 9.000000E+0 40.000000E+0 65.497000E+3
881 9.000000E+0 3.000000E+0 43.000000E+0 65.500000E+3
882 11.000000E+0 0.000000E+0 48.000000E+0 65.504000E+3
883 13.000000E+0 0.000000E+0 51.000000E+0 65.510000E+3
884 12.000000E+0 0.000000E+0 55.000000E+0 65.517000E+3
885 10.000000E+0 0.000000E+0 56.000000E+0 65.526000E+3
886 7.000000E+0 0.000000E+0 57.000000E+0 0.000000E+0
887 6.000000E+0 0.000000E+0 55.000000E+0 5.000000E+0
888 6.000000E+0 0.000000E+0 51.000000E+0 14.000000E+0
889 6.000000E+0 0.000000E+0 45.000000E+0 21.000000E+0
890 5.000000E+0 0.000000E+0 37.000000E+0 30.000000E+0
891 4.000000E+0 0.000000E+0 30.000000E+0 35.000000E+0
892 3.000000E+0 0.000000E+0 22.000000E+0 42.000000E+0
893 3.000000E+0 0.000000E+0 15.000000E+0 42.000000E+0
894 5.000000E+0 0.000000E+0 9.000000E+0 41.000000E+0
895 7.000000E+0 65.535000E+3 5.000000E+0 32.000000E+0
896 8.000000E+0 65.535000E+3 2.000000E+0 30.000000E+0
897 8.000000E+0 65.534000E+3 0.000000E+0 31.000000E+0
898 10.000000E+0 65.532000E+3 65.535000E+3 31.000000E+0
899 13.000000E+0 65.530000E+3 65.534000E+3 24.000000E+0
900 17.000000E+0 65.528000E+3 65.531000E+3 13.000000E+0
901 20.000000E+0 65.528000E+3 65.527000E+3 7.000000E+0
902 24.000000E+0 65.527000E+3 65.524000E+3 5.000000E+0
903 27.000000E+0 65.527000E+3 65.521000E+3 5.000000E+0
904 31.000000E+0 65.528000E+3 65.518000E+3 4.000000E+0
905 32.000000E+0 65.531000E+3 65.517000E+3 3.000000E+0
906 33.000000E+0 65.532000E+3 65.515000E+3 3.000000E+0
907 32.000000E+0 65.532000E+3 65.515000E+3 5.000000E+0
908 31.000000E+0 65.533000E+3 65.515000E+3 7.000000E+0
909 27.000000E+0 65.534000E+3 65.517000E+3 5.000000E+0
910 22.000000E+0 0.000000E+0 65.520000E+3 2.000000E+0
911 15.000000E+0 1.000000E+0 65.522000E+3 65.534000E+3
912 8.000000E+0 5.000000E+0 65.524000E+3 65.528000E+3
913 2.000000E+0 12.000000E+0 65.525000E+3 65.522000E+3
914 65.529000E+3 20.000000E+0 65.526000E+3 65.517000E+3
915 65.520000E+3 25.000000E+0 65.527000E+3 65.514000E+3
916 65.509000E+3 29.000000E+0 65.529000E+3 65.512000E+3
917 65.504000E+3 32.000000E+0 65.532000E+3 65.514000E+3
918 65.499000E+3 39.000000E+0 65.534000E+3 65.519000E+3
919 65.493000E+3 43.000000E+0 65.534000E+3 65.526000E+3
920 65.486000E+3 44.000000E+0 65.533000E+3 65.531000E+3
921 65.481000E+3 38.000000E+0 65.530000E+3 65.535000E+3
922 65.476000E+3 31.000000E+0 65.527000E+3 0.000000E+0
923 65.476000E+3 23.000000E+0 65.527000E+3 0.000000E+0
924 65.476000E+3 15.000000E+0 65.527000E+3 0.000000E+0
925 65.479000E+3 8.000000E+0 65.528000E+3 0.000000E+0
926 65.481000E+3 0.000000E+0 65.529000E+3 0.000000E+0
927 65.486000E+3 65.530000E+3 65.530000E+3 0.000000E+0
928 65.491000E+3 65.521000E+3 65.531000E+3 0.000000E+0
929 65.497000E+3 65.513000E+3 65.532000E+3 0.000000E+0
930 65.501000E+3 65.502000E+3 65.532000E+3 0.000000E+0
931 65.507000E+3 65.495000E+3 65.532000E+3 0.000000E+0
932 65.512000E+3 65.488000E+3 65.531000E+3 0.000000E+0
933 65.518000E+3 65.486000E+3 65.530000E+3 0.000000E+0
934 65.523000E+3 65.486000E+3 65.529000E+3 0.000000E+0
935 65.528000E+3 65.489000E+3 65.527000E+3 0.000000E+0
936 65.533000E+3 65.486000E+3 65.527000E+3 0.000000E+0
937 0.000000E+0 65.486000E+3 65.527000E+3 0.000000E+0
938 3.000000E+0 65.490000E+3 65.525000E+3 0.000000E+0
939 5.000000E+0 65.503000E+3 65.523000E+3 2.000000E+0
940 8.000000E+0 65.517000E+3 65.519000E+3 4.000000E+0
941 11.000000E+0 65.526000E+3 65.516000E+3 9.000000E+0
942 14.000000E+0 65.530000E+3 65.512000E+3 11.000000E+0
943 16.000000E+0 65.532000E+3 65.509000E+3 11.000000E+0
944 18.000000E+0 65.535000E+3 65.504000E+3 10.000000E+0
945 20.000000E+0 2.000000E+0 65.500000E+3 8.000000E+0
946 21.000000E+0 8.000000E+0 65.497000E+3 10.000000E+0
947 22.000000E+0 13.000000E+0 65.496000E+3 13.000000E+0
948 22.000000E+0 17.000000E+0 65.496000E+3 17.000000E+0
949 23.000000E+0 15.000000E+0 65.501000E+3 16.000000E+0
950 23.000000E+0 14.000000E+0 65.508000E+3 11.000000E+0
951 23.000000E+0 11.000000E+0 65.517000E+3 3.000000E+0
952 22.000000E+0 10.000000E+0 65.526000E+3 65.530000E+3
953 21.000000E+0 9.000000E+0 65.533000E+3 65.519000E+3
954 19.000000E+0 13.000000E+0 3.000000E+0 65.506000E+3
955 14.000000E+0 19.000000E+0 8.000000E+0 65.498000E+3
956 8.000000E+0 26.000000E+0 15.000000E+0 65.496000E+3
957 5.000000E+0 29.000000E+0 21.000000E+0 65.500000E+3
958 4.000000E+0 26.000000E+0 29.000000E+0 65.500000E+3
959 6.000000E+0 19.000000E+0 35.000000E+0 65.498000E+3
960 8.000000E+0 10.000000E+0 41.000000E+0 65.493000E+3
961 11.000000E+0 3.000000E+0 45.000000E+0 65.496000E+3
962 13.000000E+0 1.000000E+0 51.000000E+0 65.500000E+3
963 14.000000E+0 0.000000E+0 54.000000E+0 65.508000E+3
964 12.000000E+0 0.000000E+0 58.000000E+0 65.515000E+3
965 10.000000E+0 0.000000E+0 61.000000E+0 65.524000E+3
966 9.000000E+0 0.000000E+0 64.000000E+0 65.534000E+3
967 9.000000E+0 0.000000E+0 61.000000E+0 5.000000E+0
968 8.000000E+0 0.000000E+0 54.000000E+0 13.000000E+0
969 7.000000E+0 0.000000E+0 45.000000E+0 19.000000E+0
970 5.000000E+0 0.000000E+0 37.000000E+0 28.000000E+0
971 4.000000E+0 0.000000E+0 29.000000E+0 33.000000E+0
972 4.000000E+0 0.000000E+0 23.000000E+0 40.000000E+0
973 5.000000E+0 0.000000E+0 17.000000E+0 41.000000E+0
974 6.000000E+0 0.000000E+0 12.000000E+0 39.000000E+0
975 8.000000E+0 0.000000E+0 7.000000E+0 29.000000E+0
976 8.000000E+0 65.535000E+3 4.000000E+0 25.000000E+0
977 8.000000E+0 65.534000E+3 1.000000E+0 22.000000E+0
978 9.000000E+0 65.531000E+3 65.535000E+3 21.000000E+0
979 11.000000E+0 65.527000E+3 65.533000E+3 16.000000E+0
980 14.000000E+0 65.524000E+3 65.531000E+3 10.000000E+0
981 18.000000E+0 65.524000E+3 65.528000E+3 7.000000E+0
982 23.000000E+0 65.525000E+3 65.524000E+3 6.000000E+0
983 27.000000E+0 65.528000E+3 65.522000E+3 5.000000E+0
984 32.000000E+0 65.530000E+3 65.519000E+3 3.000000E+0
985 34.000000E+0 65.531000E+3 65.517000E+3 2.000000E+0
986 36.000000E+0 65.530000E+3 65.515000E+3 1.000000E+0
987 34.000000E+0 65.530000E+3 65.514000E+3 1.000000E+0
988 30.000000E+0 65.532000E+3 65.513000E+3 2.000000E+0
989 25.000000E+0 65.534000E+3 65.515000E+3 1.000000E+0
990 20.000000E+0 0.000000E+0 65.516000E+3 0.000000E+0
991 13.000000E+0 0.000000E+0 65.519000E+3 0.000000E+0
992 6.000000E+0 4.000000E+0 65.522000E+3 65.534000E+3
993 0.000000E+0 11.000000E+0 65.526000E+3 65.531000E+3
994 65.528000E+3 19.000000E+0 65.528000E+3 65.526000E+3
995 65.520000E+3 24.000000E+0 65.528000E+3 65.522000E+3
996 65.509000E+3 31.000000E+0 65.528000E+3 65.520000E+3
997 65.503000E+3 36.000000E+0 65.530000E+3 65.521000E+3
998 65.497000E+3 44.000000E+0 65.532000E+3 65.525000E+3
999 65.493000E+3 47.000000E+0 65.535000E+3 65.529000E+3
1000 65.486000E+3 46.000000E+0 65.535000E+3 65.533000E+3
