0 28.000000E+0 14.000000E+0 28.000000E+0 14.000000E+0
1 28.000000E+0 7.000000E+0 28.000000E+0 14.000000E+0
2 28.000000E+0 14.000000E+0 28.000000E+0 14.000000E+0
3 65.465000E+3 253.000000E+0 133.000000E+0 65.318000E+3
4 65.493000E+3 161.000000E+0 105.000000E+0 65.437000E+3
5 65.402000E+3 330.000000E+0 189.000000E+0 65.282000E+3
6 65.458000E+3 189.000000E+0 140.000000E+0 65.416000E+3
7 65.395000E+3 323.000000E+0 217.000000E+0 65.268000E+3
8 65.451000E+3 168.000000E+0 161.000000E+0 65.416000E+3
9 65.395000E+3 281.000000E+0 225.000000E+0 65.282000E+3
10 65.458000E+3 126.000000E+0 168.000000E+0 65.423000E+3
11 65.395000E+3 239.000000E+0 225.000000E+0 65.275000E+3
12 65.458000E+3 91.000000E+0 161.000000E+0 65.409000E+3
13 65.409000E+3 189.000000E+0 217.000000E+0 65.275000E+3
14 65.472000E+3 56.000000E+0 154.000000E+0 65.409000E+3
15 65.416000E+3 182.000000E+0 210.000000E+0 65.296000E+3
16 65.472000E+3 56.000000E+0 154.000000E+0 65.437000E+3
17 65.430000E+3 189.000000E+0 196.000000E+0 65.311000E+3
18 65.486000E+3 63.000000E+0 147.000000E+0 65.451000E+3
19 65.437000E+3 189.000000E+0 189.000000E+0 65.346000E+3
20 65.486000E+3 70.000000E+0 133.000000E+0 65.465000E+3
21 65.437000E+3 182.000000E+0 175.000000E+0 65.360000E+3
22 65.493000E+3 63.000000E+0 126.000000E+0 65.479000E+3
23 65.451000E+3 168.000000E+0 161.000000E+0 65.388000E+3
24 65.500000E+3 56.000000E+0 119.000000E+0 65.500000E+3
25 65.458000E+3 140.000000E+0 161.000000E+0 65.416000E+3
26 65.493000E+3 49.000000E+0 112.000000E+0 65.514000E+3
27 65.458000E+3 133.000000E+0 154.000000E+0 65.423000E+3
28 65.507000E+3 35.000000E+0 105.000000E+0 65.528000E+3
29 65.465000E+3 119.000000E+0 140.000000E+0 65.451000E+3
30 65.500000E+3 28.000000E+0 105.000000E+0 7.000000E+0
31 65.472000E+3 112.000000E+0 126.000000E+0 65.472000E+3
32 65.507000E+3 28.000000E+0 98.000000E+0 21.000000E+0
33 65.472000E+3 91.000000E+0 133.000000E+0 65.486000E+3
34 65.507000E+3 7.000000E+0 98.000000E+0 35.000000E+0
35 65.479000E+3 70.000000E+0 126.000000E+0 65.514000E+3
36 65.507000E+3 0.000000E+0 98.000000E+0 49.000000E+0
37 65.472000E+3 56.000000E+0 126.000000E+0 65.528000E+3
38 65.500000E+3 65.521000E+3 98.000000E+0 56.000000E+0
39 65.479000E+3 35.000000E+0 126.000000E+0 7.000000E+0
40 65.507000E+3 65.514000E+3 98.000000E+0 63.000000E+0
41 65.486000E+3 21.000000E+0 126.000000E+0 21.000000E+0
42 65.500000E+3 65.500000E+3 105.000000E+0 63.000000E+0
43 65.479000E+3 0.000000E+0 119.000000E+0 35.000000E+0
44 65.500000E+3 65.493000E+3 105.000000E+0 77.000000E+0
45 65.486000E+3 65.521000E+3 119.000000E+0 49.000000E+0
46 65.493000E+3 65.486000E+3 105.000000E+0 84.000000E+0
47 65.486000E+3 65.500000E+3 126.000000E+0 63.000000E+0
48 65.500000E+3 65.479000E+3 112.000000E+0 91.000000E+0
49 65.493000E+3 65.486000E+3 119.000000E+0 91.000000E+0
50 65.500000E+3 65.465000E+3 112.000000E+0 105.000000E+0
51 65.500000E+3 65.465000E+3 112.000000E+0 105.000000E+0
52 65.507000E+3 65.458000E+3 112.000000E+0 112.000000E+0
53 65.507000E+3 65.451000E+3 112.000000E+0 112.000000E+0
54 65.514000E+3 65.458000E+3 112.000000E+0 112.000000E+0
55 65.514000E+3 65.451000E+3 112.000000E+0 112.000000E+0
56 65.514000E+3 65.458000E+3 105.000000E+0 112.000000E+0
57 65.514000E+3 65.458000E+3 112.000000E+0 112.000000E+0
58 65.521000E+3 65.458000E+3 112.000000E+0 112.000000E+0
59 65.521000E+3 65.458000E+3 105.000000E+0 112.000000E+0
60 65.521000E+3 65.458000E+3 98.000000E+0 112.000000E+0
61 0.000000E+0 65.458000E+3 91.000000E+0 112.000000E+0
62 7.000000E+0 65.458000E+3 84.000000E+0 112.000000E+0
63 14.000000E+0 65.458000E+3 77.000000E+0 112.000000E+0
64 21.000000E+0 65.458000E+3 77.000000E+0 112.000000E+0
65 21.000000E+0 65.458000E+3 91.000000E+0 91.000000E+0
66 21.000000E+0 65.451000E+3 77.000000E+0 98.000000E+0
67 28.000000E+0 65.451000E+3 133.000000E+0 35.000000E+0
68 28.000000E+0 65.437000E+3 112.000000E+0 56.000000E+0
69 35.000000E+0 65.416000E+3 182.000000E+0 65.507000E+3
70 35.000000E+0 65.388000E+3 161.000000E+0 7.000000E+0
71 42.000000E+0 65.367000E+3 260.000000E+0 65.423000E+3
72 49.000000E+0 65.346000E+3 225.000000E+0 65.465000E+3
73 56.000000E+0 65.325000E+3 309.000000E+0 65.374000E+3
74 56.000000E+0 65.325000E+3 246.000000E+0 65.444000E+3
75 56.000000E+0 65.325000E+3 316.000000E+0 65.381000E+3
76 56.000000E+0 65.325000E+3 246.000000E+0 65.444000E+3
77 63.000000E+0 65.325000E+3 309.000000E+0 65.409000E+3
78 63.000000E+0 65.325000E+3 239.000000E+0 65.451000E+3
79 70.000000E+0 65.325000E+3 302.000000E+0 65.437000E+3
80 70.000000E+0 65.325000E+3 239.000000E+0 65.472000E+3
81 70.000000E+0 65.325000E+3 288.000000E+0 65.493000E+3
82 77.000000E+0 65.325000E+3 225.000000E+0 65.500000E+3
83 77.000000E+0 65.325000E+3 246.000000E+0 7.000000E+0
84 77.000000E+0 65.325000E+3 196.000000E+0 0.000000E+0
85 84.000000E+0 65.325000E+3 196.000000E+0 63.000000E+0
86 84.000000E+0 65.325000E+3 161.000000E+0 28.000000E+0
87 91.000000E+0 65.325000E+3 147.000000E+0 119.000000E+0
88 84.000000E+0 65.325000E+3 126.000000E+0 49.000000E+0
89 105.000000E+0 65.318000E+3 105.000000E+0 161.000000E+0
90 91.000000E+0 65.318000E+3 105.000000E+0 63.000000E+0
91 119.000000E+0 65.318000E+3 63.000000E+0 175.000000E+0
92 105.000000E+0 65.318000E+3 63.000000E+0 77.000000E+0
93 126.000000E+0 65.311000E+3 0.000000E+0 217.000000E+0
94 112.000000E+0 65.325000E+3 7.000000E+0 175.000000E+0
95 147.000000E+0 65.332000E+3 65.479000E+3 302.000000E+0
96 133.000000E+0 65.325000E+3 65.514000E+3 196.000000E+0
97 210.000000E+0 65.303000E+3 65.465000E+3 189.000000E+0
98 182.000000E+0 65.303000E+3 65.507000E+3 91.000000E+0
99 267.000000E+0 65.268000E+3 65.451000E+3 49.000000E+0
100 217.000000E+0 65.268000E+3 65.486000E+3 7.000000E+0
101 316.000000E+0 65.205000E+3 65.437000E+3 65.472000E+3
102 253.000000E+0 65.205000E+3 65.472000E+3 65.486000E+3
103 379.000000E+0 65.121000E+3 65.402000E+3 65.416000E+3
104 302.000000E+0 65.142000E+3 65.451000E+3 65.458000E+3
105 393.000000E+0 65.114000E+3 65.395000E+3 65.430000E+3
106 323.000000E+0 65.163000E+3 65.444000E+3 65.472000E+3
107 316.000000E+0 65.240000E+3 65.395000E+3 65.458000E+3
108 260.000000E+0 65.261000E+3 65.451000E+3 65.486000E+3
109 182.000000E+0 65.395000E+3 65.416000E+3 65.493000E+3
110 154.000000E+0 65.395000E+3 65.465000E+3 65.500000E+3
111 14.000000E+0 7.000000E+0 65.444000E+3 65.500000E+3
112 14.000000E+0 65.479000E+3 65.472000E+3 28.000000E+0
113 65.367000E+3 91.000000E+0 65.430000E+3 77.000000E+0
114 65.402000E+3 35.000000E+0 65.465000E+3 147.000000E+0
115 65.233000E+3 232.000000E+0 65.444000E+3 189.000000E+0
116 65.303000E+3 126.000000E+0 65.458000E+3 239.000000E+0
117 65.135000E+3 217.000000E+0 65.444000E+3 246.000000E+0
118 65.226000E+3 98.000000E+0 65.465000E+3 246.000000E+0
119 65.086000E+3 154.000000E+0 65.465000E+3 246.000000E+0
120 65.205000E+3 91.000000E+0 65.500000E+3 246.000000E+0
121 65.100000E+3 119.000000E+0 65.514000E+3 239.000000E+0
122 65.240000E+3 84.000000E+0 7.000000E+0 239.000000E+0
123 65.177000E+3 63.000000E+0 65.528000E+3 239.000000E+0
124 65.303000E+3 63.000000E+0 14.000000E+0 239.000000E+0
125 65.233000E+3 65.528000E+3 14.000000E+0 239.000000E+0
126 65.332000E+3 14.000000E+0 28.000000E+0 239.000000E+0
127 65.282000E+3 65.451000E+3 14.000000E+0 246.000000E+0
128 65.353000E+3 65.507000E+3 21.000000E+0 246.000000E+0
129 65.332000E+3 65.388000E+3 7.000000E+0 246.000000E+0
130 65.381000E+3 65.479000E+3 14.000000E+0 246.000000E+0
131 65.388000E+3 65.346000E+3 65.528000E+3 246.000000E+0
132 65.409000E+3 65.458000E+3 0.000000E+0 246.000000E+0
133 65.437000E+3 65.332000E+3 65.500000E+3 253.000000E+0
134 65.451000E+3 65.409000E+3 65.528000E+3 253.000000E+0
135 65.493000E+3 65.289000E+3 65.479000E+3 267.000000E+0
136 65.493000E+3 65.332000E+3 65.507000E+3 260.000000E+0
137 7.000000E+0 65.212000E+3 65.444000E+3 267.000000E+0
138 65.521000E+3 65.219000E+3 65.479000E+3 246.000000E+0
139 42.000000E+0 65.205000E+3 65.402000E+3 260.000000E+0
140 14.000000E+0 65.226000E+3 65.423000E+3 239.000000E+0
141 70.000000E+0 65.289000E+3 65.296000E+3 281.000000E+0
142 28.000000E+0 65.311000E+3 65.353000E+3 274.000000E+0
143 91.000000E+0 65.416000E+3 65.226000E+3 337.000000E+0
144 42.000000E+0 65.430000E+3 65.296000E+3 316.000000E+0
145 105.000000E+0 65.514000E+3 65.205000E+3 358.000000E+0
146 56.000000E+0 65.528000E+3 65.268000E+3 344.000000E+0
147 105.000000E+0 28.000000E+0 65.275000E+3 302.000000E+0
148 63.000000E+0 21.000000E+0 65.332000E+3 302.000000E+0
149 112.000000E+0 49.000000E+0 65.416000E+3 175.000000E+0
150 70.000000E+0 28.000000E+0 65.430000E+3 175.000000E+0
151 119.000000E+0 21.000000E+0 28.000000E+0 7.000000E+0
152 98.000000E+0 65.507000E+3 21.000000E+0 63.000000E+0
153 126.000000E+0 65.472000E+3 196.000000E+0 65.444000E+3
154 91.000000E+0 65.423000E+3 161.000000E+0 65.507000E+3
155 105.000000E+0 65.367000E+3 323.000000E+0 65.346000E+3
156 98.000000E+0 65.325000E+3 253.000000E+0 65.430000E+3
157 126.000000E+0 65.303000E+3 435.000000E+0 65.325000E+3
158 119.000000E+0 65.296000E+3 337.000000E+0 65.430000E+3
159 126.000000E+0 65.289000E+3 485.000000E+0 65.360000E+3
160 98.000000E+0 65.296000E+3 365.000000E+0 65.430000E+3
161 98.000000E+0 65.296000E+3 478.000000E+0 65.416000E+3
162 70.000000E+0 65.296000E+3 358.000000E+0 65.465000E+3
163 77.000000E+0 65.296000E+3 435.000000E+0 65.493000E+3
164 56.000000E+0 65.289000E+3 309.000000E+0 65.493000E+3
165 63.000000E+0 65.296000E+3 379.000000E+0 21.000000E+0
166 63.000000E+0 65.296000E+3 295.000000E+0 0.000000E+0
167 91.000000E+0 65.296000E+3 337.000000E+0 119.000000E+0
168 84.000000E+0 65.296000E+3 260.000000E+0 56.000000E+0
169 105.000000E+0 65.296000E+3 267.000000E+0 175.000000E+0
170 98.000000E+0 65.296000E+3 203.000000E+0 77.000000E+0
171 126.000000E+0 65.289000E+3 182.000000E+0 232.000000E+0
172 119.000000E+0 65.289000E+3 154.000000E+0 105.000000E+0
173 147.000000E+0 65.282000E+3 112.000000E+0 274.000000E+0
174 126.000000E+0 65.303000E+3 98.000000E+0 232.000000E+0
175 175.000000E+0 65.311000E+3 49.000000E+0 393.000000E+0
176 168.000000E+0 65.318000E+3 56.000000E+0 253.000000E+0
177 253.000000E+0 65.296000E+3 14.000000E+0 246.000000E+0
178 232.000000E+0 65.296000E+3 28.000000E+0 119.000000E+0
179 337.000000E+0 65.247000E+3 65.500000E+3 63.000000E+0
180 281.000000E+0 65.254000E+3 65.514000E+3 21.000000E+0
181 386.000000E+0 65.177000E+3 65.451000E+3 65.465000E+3
182 309.000000E+0 65.177000E+3 65.479000E+3 65.479000E+3
183 450.000000E+0 65.086000E+3 65.402000E+3 65.388000E+3
184 372.000000E+0 65.128000E+3 65.444000E+3 65.437000E+3
185 478.000000E+0 65.100000E+3 65.381000E+3 65.395000E+3
186 393.000000E+0 65.184000E+3 65.437000E+3 65.451000E+3
187 400.000000E+0 65.275000E+3 65.395000E+3 65.451000E+3
188 337.000000E+0 65.325000E+3 65.451000E+3 65.486000E+3
189 260.000000E+0 65.451000E+3 65.416000E+3 65.493000E+3
190 232.000000E+0 65.437000E+3 65.472000E+3 65.507000E+3
191 84.000000E+0 63.000000E+0 65.444000E+3 65.500000E+3
192 84.000000E+0 65.507000E+3 65.479000E+3 65.514000E+3
193 65.437000E+3 84.000000E+0 65.458000E+3 28.000000E+0
194 65.458000E+3 65.528000E+3 65.465000E+3 105.000000E+0
195 65.247000E+3 189.000000E+0 65.437000E+3 168.000000E+0
196 65.332000E+3 126.000000E+0 65.458000E+3 225.000000E+0
197 65.128000E+3 239.000000E+0 65.437000E+3 267.000000E+0
198 65.226000E+3 112.000000E+0 65.451000E+3 274.000000E+0
199 65.050000E+3 175.000000E+0 65.430000E+3 267.000000E+0
200 65.163000E+3 77.000000E+0 65.465000E+3 267.000000E+0
201 65.036000E+3 105.000000E+0 65.479000E+3 267.000000E+0
202 65.177000E+3 63.000000E+0 65.521000E+3 260.000000E+0
203 65.100000E+3 49.000000E+0 65.514000E+3 267.000000E+0
204 65.254000E+3 49.000000E+0 7.000000E+0 267.000000E+0
205 65.198000E+3 65.521000E+3 7.000000E+0 274.000000E+0
206 65.311000E+3 7.000000E+0 21.000000E+0 274.000000E+0
207 65.268000E+3 65.430000E+3 14.000000E+0 274.000000E+0
208 65.360000E+3 65.507000E+3 28.000000E+0 274.000000E+0
209 65.325000E+3 65.374000E+3 14.000000E+0 274.000000E+0
210 65.381000E+3 65.479000E+3 28.000000E+0 274.000000E+0
211 65.395000E+3 65.339000E+3 0.000000E+0 281.000000E+0
212 65.423000E+3 65.458000E+3 14.000000E+0 281.000000E+0
213 65.444000E+3 65.289000E+3 65.507000E+3 281.000000E+0
214 65.444000E+3 65.367000E+3 65.528000E+3 281.000000E+0
215 65.479000E+3 65.191000E+3 65.479000E+3 288.000000E+0
216 65.479000E+3 65.205000E+3 65.500000E+3 267.000000E+0
217 65.521000E+3 65.086000E+3 65.437000E+3 260.000000E+0
218 65.500000E+3 65.107000E+3 65.458000E+3 225.000000E+0
219 14.000000E+0 65.100000E+3 65.367000E+3 246.000000E+0
220 65.521000E+3 65.121000E+3 65.409000E+3 217.000000E+0
221 35.000000E+0 65.212000E+3 65.268000E+3 267.000000E+0
222 65.528000E+3 65.226000E+3 65.332000E+3 260.000000E+0
223 63.000000E+0 65.367000E+3 65.184000E+3 344.000000E+0
224 14.000000E+0 65.374000E+3 65.261000E+3 323.000000E+0
225 84.000000E+0 65.479000E+3 65.149000E+3 386.000000E+0
226 42.000000E+0 65.507000E+3 65.240000E+3 365.000000E+0
227 105.000000E+0 49.000000E+0 65.247000E+3 337.000000E+0
228 70.000000E+0 56.000000E+0 65.318000E+3 330.000000E+0
229 126.000000E+0 77.000000E+0 65.402000E+3 203.000000E+0
230 98.000000E+0 63.000000E+0 65.430000E+3 203.000000E+0
231 126.000000E+0 63.000000E+0 28.000000E+0 42.000000E+0
232 98.000000E+0 21.000000E+0 14.000000E+0 84.000000E+0
233 119.000000E+0 65.514000E+3 182.000000E+0 65.458000E+3
234 91.000000E+0 65.444000E+3 147.000000E+0 0.000000E+0
235 105.000000E+0 65.388000E+3 323.000000E+0 65.360000E+3
236 105.000000E+0 65.332000E+3 260.000000E+0 65.437000E+3
237 133.000000E+0 65.303000E+3 435.000000E+0 65.318000E+3
238 119.000000E+0 65.282000E+3 337.000000E+0 65.430000E+3
239 133.000000E+0 65.282000E+3 478.000000E+0 65.353000E+3
240 105.000000E+0 65.282000E+3 351.000000E+0 65.423000E+3
241 98.000000E+0 65.282000E+3 478.000000E+0 65.395000E+3
242 70.000000E+0 65.289000E+3 344.000000E+0 65.444000E+3
243 77.000000E+0 65.289000E+3 428.000000E+0 65.465000E+3
244 56.000000E+0 65.282000E+3 302.000000E+0 65.472000E+3
245 56.000000E+0 65.282000E+3 372.000000E+0 7.000000E+0
246 56.000000E+0 65.289000E+3 274.000000E+0 65.528000E+3
247 77.000000E+0 65.289000E+3 330.000000E+0 91.000000E+0
248 70.000000E+0 65.289000E+3 253.000000E+0 42.000000E+0
249 91.000000E+0 65.289000E+3 260.000000E+0 161.000000E+0
250 84.000000E+0 65.289000E+3 203.000000E+0 63.000000E+0
251 119.000000E+0 65.282000E+3 189.000000E+0 210.000000E+0
252 112.000000E+0 65.282000E+3 161.000000E+0 84.000000E+0
253 140.000000E+0 65.275000E+3 126.000000E+0 253.000000E+0
254 126.000000E+0 65.289000E+3 112.000000E+0 203.000000E+0
255 168.000000E+0 65.296000E+3 77.000000E+0 365.000000E+0
256 154.000000E+0 65.311000E+3 77.000000E+0 260.000000E+0
257 239.000000E+0 65.289000E+3 28.000000E+0 260.000000E+0
258 225.000000E+0 65.289000E+3 42.000000E+0 147.000000E+0
259 323.000000E+0 65.254000E+3 65.521000E+3 126.000000E+0
260 274.000000E+0 65.254000E+3 0.000000E+0 70.000000E+0
261 372.000000E+0 65.198000E+3 65.472000E+3 65.500000E+3
262 309.000000E+0 65.205000E+3 65.493000E+3 65.500000E+3
263 435.000000E+0 65.114000E+3 65.416000E+3 65.423000E+3
264 358.000000E+0 65.142000E+3 65.451000E+3 65.458000E+3
265 442.000000E+0 65.121000E+3 65.395000E+3 65.423000E+3
266 372.000000E+0 65.184000E+3 65.444000E+3 65.458000E+3
267 379.000000E+0 65.261000E+3 65.395000E+3 65.451000E+3
268 330.000000E+0 65.303000E+3 65.451000E+3 65.486000E+3
269 246.000000E+0 65.437000E+3 65.416000E+3 65.493000E+3
270 232.000000E+0 65.430000E+3 65.465000E+3 65.507000E+3
271 84.000000E+0 42.000000E+0 65.451000E+3 65.507000E+3
272 91.000000E+0 65.493000E+3 65.493000E+3 65.521000E+3
273 65.451000E+3 84.000000E+0 65.465000E+3 42.000000E+0
274 65.479000E+3 14.000000E+0 65.465000E+3 105.000000E+0
275 65.268000E+3 182.000000E+0 65.430000E+3 161.000000E+0
276 65.339000E+3 119.000000E+0 65.451000E+3 203.000000E+0
277 65.163000E+3 232.000000E+0 65.437000E+3 246.000000E+0
278 65.247000E+3 119.000000E+0 65.444000E+3 253.000000E+0
279 65.086000E+3 168.000000E+0 65.423000E+3 253.000000E+0
280 65.184000E+3 63.000000E+0 65.430000E+3 253.000000E+0
281 65.057000E+3 77.000000E+0 65.423000E+3 246.000000E+0
282 65.184000E+3 63.000000E+0 65.458000E+3 246.000000E+0
283 65.107000E+3 49.000000E+0 65.479000E+3 246.000000E+0
284 65.233000E+3 49.000000E+0 65.514000E+3 253.000000E+0
285 65.184000E+3 65.507000E+3 65.514000E+3 253.000000E+0
286 65.303000E+3 0.000000E+0 65.528000E+3 253.000000E+0
287 65.282000E+3 65.423000E+3 65.521000E+3 253.000000E+0
288 65.353000E+3 65.500000E+3 0.000000E+0 253.000000E+0
289 65.339000E+3 65.381000E+3 65.521000E+3 260.000000E+0
290 65.395000E+3 65.479000E+3 65.528000E+3 260.000000E+0
291 65.409000E+3 65.339000E+3 65.500000E+3 267.000000E+0
292 65.430000E+3 65.458000E+3 65.514000E+3 260.000000E+0
293 65.451000E+3 65.282000E+3 65.479000E+3 274.000000E+0
294 65.451000E+3 65.381000E+3 65.493000E+3 267.000000E+0
295 65.500000E+3 65.268000E+3 65.437000E+3 274.000000E+0
296 65.493000E+3 65.296000E+3 65.451000E+3 260.000000E+0
297 7.000000E+0 65.184000E+3 65.381000E+3 253.000000E+0
298 65.521000E+3 65.205000E+3 65.416000E+3 232.000000E+0
299 35.000000E+0 65.191000E+3 65.339000E+3 246.000000E+0
300 0.000000E+0 65.219000E+3 65.374000E+3 217.000000E+0
301 56.000000E+0 65.318000E+3 65.233000E+3 260.000000E+0
302 14.000000E+0 65.325000E+3 65.296000E+3 246.000000E+0
303 77.000000E+0 65.465000E+3 65.142000E+3 330.000000E+0
304 28.000000E+0 65.479000E+3 65.219000E+3 309.000000E+0
305 105.000000E+0 35.000000E+0 65.114000E+3 372.000000E+0
306 56.000000E+0 56.000000E+0 65.205000E+3 344.000000E+0
307 119.000000E+0 91.000000E+0 65.205000E+3 316.000000E+0
308 77.000000E+0 63.000000E+0 65.268000E+3 302.000000E+0
309 126.000000E+0 77.000000E+0 65.360000E+3 175.000000E+0
310 84.000000E+0 63.000000E+0 65.381000E+3 175.000000E+0
311 105.000000E+0 63.000000E+0 65.521000E+3 7.000000E+0
312 70.000000E+0 21.000000E+0 65.514000E+3 63.000000E+0
313 98.000000E+0 65.521000E+3 154.000000E+0 65.444000E+3
314 84.000000E+0 65.451000E+3 119.000000E+0 65.528000E+3
315 112.000000E+0 65.395000E+3 309.000000E+0 65.360000E+3
316 84.000000E+0 65.332000E+3 239.000000E+0 65.430000E+3
317 105.000000E+0 65.289000E+3 421.000000E+0 65.318000E+3
318 98.000000E+0 65.275000E+3 330.000000E+0 65.416000E+3
319 112.000000E+0 65.275000E+3 499.000000E+0 65.360000E+3
320 91.000000E+0 65.275000E+3 379.000000E+0 65.437000E+3
321 98.000000E+0 65.282000E+3 506.000000E+0 65.416000E+3
322 56.000000E+0 65.275000E+3 379.000000E+0 65.465000E+3
323 49.000000E+0 65.275000E+3 471.000000E+0 65.486000E+3
324 21.000000E+0 65.275000E+3 337.000000E+0 65.486000E+3
325 42.000000E+0 65.275000E+3 407.000000E+0 7.000000E+0
326 56.000000E+0 65.275000E+3 295.000000E+0 65.514000E+3
327 77.000000E+0 65.275000E+3 351.000000E+0 112.000000E+0
328 63.000000E+0 65.275000E+3 274.000000E+0 42.000000E+0
329 84.000000E+0 65.275000E+3 288.000000E+0 182.000000E+0
330 77.000000E+0 65.275000E+3 217.000000E+0 77.000000E+0
331 98.000000E+0 65.275000E+3 203.000000E+0 225.000000E+0
332 84.000000E+0 65.268000E+3 161.000000E+0 112.000000E+0
333 112.000000E+0 65.268000E+3 126.000000E+0 302.000000E+0
334 91.000000E+0 65.289000E+3 105.000000E+0 239.000000E+0
335 147.000000E+0 65.268000E+3 63.000000E+0 330.000000E+0
336 140.000000E+0 65.268000E+3 63.000000E+0 161.000000E+0
337 217.000000E+0 65.247000E+3 14.000000E+0 203.000000E+0
338 189.000000E+0 65.247000E+3 21.000000E+0 147.000000E+0
339 302.000000E+0 65.205000E+3 65.500000E+3 140.000000E+0
340 253.000000E+0 65.205000E+3 65.528000E+3 98.000000E+0
341 379.000000E+0 65.142000E+3 65.465000E+3 65.514000E+3
342 309.000000E+0 65.149000E+3 65.493000E+3 65.507000E+3
343 450.000000E+0 65.057000E+3 65.416000E+3 65.409000E+3
344 372.000000E+0 65.100000E+3 65.458000E+3 65.451000E+3
345 471.000000E+0 65.071000E+3 65.388000E+3 65.402000E+3
346 386.000000E+0 65.156000E+3 65.430000E+3 65.458000E+3
347 379.000000E+0 65.247000E+3 65.388000E+3 65.444000E+3
348 323.000000E+0 65.296000E+3 65.444000E+3 65.486000E+3
349 253.000000E+0 65.423000E+3 65.409000E+3 65.486000E+3
350 232.000000E+0 65.416000E+3 65.458000E+3 65.507000E+3
351 84.000000E+0 42.000000E+0 65.437000E+3 65.500000E+3
352 91.000000E+0 65.493000E+3 65.479000E+3 65.514000E+3
353 65.444000E+3 77.000000E+0 65.458000E+3 28.000000E+0
354 65.472000E+3 65.528000E+3 65.458000E+3 105.000000E+0
355 65.254000E+3 182.000000E+0 65.430000E+3 161.000000E+0
356 65.339000E+3 126.000000E+0 65.444000E+3 210.000000E+0
357 65.142000E+3 239.000000E+0 65.430000E+3 253.000000E+0
358 65.240000E+3 119.000000E+0 65.437000E+3 267.000000E+0
359 65.064000E+3 182.000000E+0 65.409000E+3 267.000000E+0
360 65.170000E+3 70.000000E+0 65.423000E+3 267.000000E+0
361 65.036000E+3 98.000000E+0 65.423000E+3 260.000000E+0
362 65.177000E+3 70.000000E+0 65.472000E+3 260.000000E+0
363 65.086000E+3 49.000000E+0 65.486000E+3 267.000000E+0
364 65.226000E+3 49.000000E+0 65.514000E+3 260.000000E+0
365 65.184000E+3 65.521000E+3 65.514000E+3 274.000000E+0
366 65.303000E+3 7.000000E+0 65.528000E+3 274.000000E+0
367 65.268000E+3 65.430000E+3 65.521000E+3 274.000000E+0
368 65.353000E+3 65.500000E+3 0.000000E+0 267.000000E+0
369 65.318000E+3 65.381000E+3 65.521000E+3 274.000000E+0
370 65.374000E+3 65.479000E+3 65.528000E+3 274.000000E+0
371 65.395000E+3 65.339000E+3 65.500000E+3 274.000000E+0
372 65.416000E+3 65.451000E+3 65.507000E+3 281.000000E+0
373 65.437000E+3 65.296000E+3 65.465000E+3 281.000000E+0
374 65.444000E+3 65.388000E+3 65.479000E+3 274.000000E+0
375 65.486000E+3 65.275000E+3 65.423000E+3 288.000000E+0
376 65.486000E+3 65.318000E+3 65.451000E+3 281.000000E+0
377 65.528000E+3 65.198000E+3 65.381000E+3 267.000000E+0
378 65.514000E+3 65.219000E+3 65.409000E+3 246.000000E+0
379 28.000000E+0 65.212000E+3 65.318000E+3 253.000000E+0
380 65.528000E+3 65.240000E+3 65.367000E+3 232.000000E+0
381 49.000000E+0 65.332000E+3 65.226000E+3 274.000000E+0
382 7.000000E+0 65.346000E+3 65.282000E+3 260.000000E+0
383 70.000000E+0 65.479000E+3 65.135000E+3 344.000000E+0
384 28.000000E+0 65.493000E+3 65.212000E+3 330.000000E+0
385 105.000000E+0 49.000000E+0 65.107000E+3 400.000000E+0
386 56.000000E+0 63.000000E+0 65.198000E+3 365.000000E+0
387 126.000000E+0 91.000000E+0 65.205000E+3 330.000000E+0
388 84.000000E+0 70.000000E+0 65.268000E+3 316.000000E+0
389 133.000000E+0 77.000000E+0 65.353000E+3 182.000000E+0
390 84.000000E+0 63.000000E+0 65.381000E+3 182.000000E+0
391 105.000000E+0 63.000000E+0 65.514000E+3 7.000000E+0
392 63.000000E+0 35.000000E+0 65.507000E+3 70.000000E+0
393 84.000000E+0 65.528000E+3 147.000000E+0 65.451000E+3
394 77.000000E+0 65.458000E+3 112.000000E+0 7.000000E+0
395 105.000000E+0 65.395000E+3 309.000000E+0 65.381000E+3
396 84.000000E+0 65.332000E+3 499.000000E+0 65.444000E+3
397 105.000000E+0 65.289000E+3 414.000000E+0 65.318000E+3
398 91.000000E+0 65.275000E+3 323.000000E+0 65.416000E+3
399 112.000000E+0 65.275000E+3 499.000000E+0 65.360000E+3
400 91.000000E+0 65.275000E+3 372.000000E+0 65.437000E+3
401 91.000000E+0 65.275000E+3 513.000000E+0 65.416000E+3
402 63.000000E+0 65.275000E+3 393.000000E+0 65.465000E+3
403 49.000000E+0 65.275000E+3 478.000000E+0 65.493000E+3
404 21.000000E+0 65.275000E+3 351.000000E+0 65.493000E+3
405 28.000000E+0 65.275000E+3 414.000000E+0 21.000000E+0
406 14.000000E+0 65.275000E+3 295.000000E+0 65.528000E+3
407 35.000000E+0 65.275000E+3 330.000000E+0 105.000000E+0
408 21.000000E+0 65.275000E+3 239.000000E+0 35.000000E+0
409 63.000000E+0 65.275000E+3 253.000000E+0 175.000000E+0
410 49.000000E+0 65.275000E+3 189.000000E+0 77.000000E+0
411 77.000000E+0 65.268000E+3 175.000000E+0 217.000000E+0
412 63.000000E+0 65.268000E+3 140.000000E+0 98.000000E+0
413 98.000000E+0 65.261000E+3 112.000000E+0 295.000000E+0
414 77.000000E+0 65.289000E+3 105.000000E+0 253.000000E+0
415 133.000000E+0 65.275000E+3 63.000000E+0 400.000000E+0
416 112.000000E+0 65.275000E+3 70.000000E+0 246.000000E+0
417 189.000000E+0 65.261000E+3 14.000000E+0 302.000000E+0
418 161.000000E+0 65.296000E+3 21.000000E+0 260.000000E+0
419 217.000000E+0 65.268000E+3 0.000000E+0 239.000000E+0
420 217.000000E+0 65.268000E+3 0.000000E+0 239.000000E+0
421 344.000000E+0 65.226000E+3 65.486000E+3 133.000000E+0
422 281.000000E+0 65.240000E+3 65.514000E+3 105.000000E+0
423 428.000000E+0 65.128000E+3 65.444000E+3 65.493000E+3
424 351.000000E+0 65.135000E+3 65.479000E+3 65.493000E+3
425 442.000000E+0 65.071000E+3 65.395000E+3 65.423000E+3
426 351.000000E+0 65.135000E+3 65.437000E+3 65.458000E+3
427 351.000000E+0 65.205000E+3 65.388000E+3 65.437000E+3
428 281.000000E+0 65.240000E+3 65.437000E+3 65.472000E+3
429 210.000000E+0 65.374000E+3 65.395000E+3 65.472000E+3
430 189.000000E+0 65.367000E+3 65.444000E+3 65.486000E+3
431 63.000000E+0 65.528000E+3 65.430000E+3 65.486000E+3
432 70.000000E+0 65.465000E+3 65.472000E+3 65.507000E+3
433 65.430000E+3 77.000000E+0 65.437000E+3 35.000000E+0
434 65.451000E+3 7.000000E+0 65.451000E+3 105.000000E+0
435 65.254000E+3 196.000000E+0 65.430000E+3 168.000000E+0
436 65.339000E+3 119.000000E+0 65.444000E+3 217.000000E+0
437 65.142000E+3 239.000000E+0 65.430000E+3 253.000000E+0
438 65.233000E+3 119.000000E+0 65.430000E+3 267.000000E+0
439 65.071000E+3 189.000000E+0 65.409000E+3 260.000000E+0
440 65.177000E+3 77.000000E+0 65.423000E+3 260.000000E+0
441 65.057000E+3 112.000000E+0 65.430000E+3 260.000000E+0
442 65.198000E+3 70.000000E+0 65.465000E+3 260.000000E+0
443 65.107000E+3 63.000000E+0 65.479000E+3 260.000000E+0
444 65.240000E+3 56.000000E+0 65.514000E+3 260.000000E+0
445 65.184000E+3 0.000000E+0 65.507000E+3 260.000000E+0
446 65.303000E+3 21.000000E+0 65.528000E+3 260.000000E+0
447 65.261000E+3 65.437000E+3 65.514000E+3 267.000000E+0
448 65.346000E+3 65.514000E+3 65.528000E+3 267.000000E+0
449 65.318000E+3 65.381000E+3 65.507000E+3 260.000000E+0
450 65.381000E+3 65.486000E+3 65.514000E+3 260.000000E+0
451 65.381000E+3 65.346000E+3 65.479000E+3 260.000000E+0
452 65.416000E+3 65.465000E+3 65.486000E+3 260.000000E+0
453 65.430000E+3 65.332000E+3 65.451000E+3 274.000000E+0
454 65.444000E+3 65.402000E+3 65.472000E+3 274.000000E+0
455 65.486000E+3 65.296000E+3 65.423000E+3 281.000000E+0
456 65.479000E+3 65.388000E+3 65.444000E+3 281.000000E+0
457 65.528000E+3 65.282000E+3 65.388000E+3 288.000000E+0
458 65.514000E+3 65.296000E+3 65.409000E+3 260.000000E+0
459 35.000000E+0 65.275000E+3 65.325000E+3 281.000000E+0
460 0.000000E+0 65.296000E+3 65.360000E+3 253.000000E+0
461 56.000000E+0 65.367000E+3 65.240000E+3 281.000000E+0
462 14.000000E+0 65.381000E+3 65.289000E+3 267.000000E+0
463 77.000000E+0 65.493000E+3 65.149000E+3 337.000000E+0
464 35.000000E+0 65.493000E+3 65.226000E+3 323.000000E+0
465 98.000000E+0 42.000000E+0 65.135000E+3 372.000000E+0
466 56.000000E+0 56.000000E+0 65.205000E+3 344.000000E+0
467 112.000000E+0 77.000000E+0 65.212000E+3 295.000000E+0
468 77.000000E+0 56.000000E+0 65.261000E+3 288.000000E+0
469 119.000000E+0 70.000000E+0 65.353000E+3 161.000000E+0
470 70.000000E+0 56.000000E+0 65.367000E+3 161.000000E+0
471 91.000000E+0 56.000000E+0 65.500000E+3 0.000000E+0
472 56.000000E+0 14.000000E+0 65.493000E+3 63.000000E+0
473 84.000000E+0 65.514000E+3 140.000000E+0 65.458000E+3
474 77.000000E+0 65.458000E+3 91.000000E+0 7.000000E+0
475 98.000000E+0 65.402000E+3 253.000000E+0 65.388000E+3
476 77.000000E+0 65.353000E+3 210.000000E+0 65.451000E+3
477 98.000000E+0 65.311000E+3 386.000000E+0 65.332000E+3
478 91.000000E+0 65.289000E+3 302.000000E+0 65.423000E+3
479 112.000000E+0 65.282000E+3 464.000000E+0 65.367000E+3
480 98.000000E+0 65.282000E+3 365.000000E+0 65.437000E+3
481 112.000000E+0 65.289000E+3 506.000000E+0 65.430000E+3
482 84.000000E+0 65.289000E+3 393.000000E+0 65.479000E+3
483 91.000000E+0 65.282000E+3 478.000000E+0 65.514000E+3
484 49.000000E+0 65.282000E+3 344.000000E+0 65.514000E+3
485 42.000000E+0 65.282000E+3 400.000000E+0 35.000000E+0
486 49.000000E+0 65.282000E+3 295.000000E+0 0.000000E+0
487 70.000000E+0 65.282000E+3 316.000000E+0 105.000000E+0
488 42.000000E+0 65.282000E+3 246.000000E+0 49.000000E+0
489 70.000000E+0 65.282000E+3 246.000000E+0 175.000000E+0
490 56.000000E+0 65.282000E+3 189.000000E+0 70.000000E+0
491 84.000000E+0 65.282000E+3 168.000000E+0 232.000000E+0
492 70.000000E+0 65.282000E+3 140.000000E+0 126.000000E+0
493 112.000000E+0 65.275000E+3 105.000000E+0 295.000000E+0
494 98.000000E+0 65.289000E+3 105.000000E+0 217.000000E+0
495 154.000000E+0 65.268000E+3 56.000000E+0 316.000000E+0
496 154.000000E+0 65.268000E+3 63.000000E+0 168.000000E+0
497 232.000000E+0 65.254000E+3 14.000000E+0 203.000000E+0
498 203.000000E+0 65.254000E+3 21.000000E+0 126.000000E+0
499 302.000000E+0 65.205000E+3 65.486000E+3 91.000000E+0
500 246.000000E+0 65.205000E+3 65.514000E+3 35.000000E+0
501 365.000000E+0 65.135000E+3 65.451000E+3 65.472000E+3
502 295.000000E+0 65.135000E+3 65.479000E+3 65.486000E+3
503 450.000000E+0 65.050000E+3 65.402000E+3 65.395000E+3
504 372.000000E+0 65.093000E+3 65.451000E+3 65.444000E+3
505 478.000000E+0 65.078000E+3 65.388000E+3 65.402000E+3
506 400.000000E+0 65.163000E+3 65.437000E+3 65.458000E+3
507 400.000000E+0 65.254000E+3 65.395000E+3 65.451000E+3
508 344.000000E+0 65.303000E+3 65.451000E+3 65.486000E+3
509 267.000000E+0 65.437000E+3 65.416000E+3 65.486000E+3
510 246.000000E+0 65.430000E+3 65.465000E+3 65.507000E+3
511 112.000000E+0 42.000000E+0 65.444000E+3 65.500000E+3
512 112.000000E+0 65.493000E+3 65.486000E+3 65.514000E+3
513 65.472000E+3 77.000000E+0 65.458000E+3 21.000000E+0
514 65.493000E+3 65.514000E+3 65.465000E+3 98.000000E+0
515 65.282000E+3 168.000000E+0 65.430000E+3 161.000000E+0
516 65.353000E+3 119.000000E+0 65.444000E+3 203.000000E+0
517 65.156000E+3 239.000000E+0 65.430000E+3 253.000000E+0
518 65.254000E+3 133.000000E+0 65.437000E+3 267.000000E+0
519 65.078000E+3 189.000000E+0 65.416000E+3 267.000000E+0
520 65.184000E+3 77.000000E+0 65.430000E+3 267.000000E+0
521 65.057000E+3 105.000000E+0 65.430000E+3 260.000000E+0
522 65.191000E+3 70.000000E+0 65.465000E+3 260.000000E+0
523 65.100000E+3 63.000000E+0 65.486000E+3 260.000000E+0
524 65.233000E+3 56.000000E+0 65.521000E+3 260.000000E+0
525 65.170000E+3 65.528000E+3 65.514000E+3 260.000000E+0
526 65.296000E+3 14.000000E+0 65.528000E+3 260.000000E+0
527 65.268000E+3 65.444000E+3 65.528000E+3 267.000000E+0
528 65.360000E+3 65.507000E+3 7.000000E+0 274.000000E+0
529 65.325000E+3 65.388000E+3 65.521000E+3 267.000000E+0
530 65.381000E+3 65.486000E+3 0.000000E+0 274.000000E+0
531 65.395000E+3 65.353000E+3 65.514000E+3 274.000000E+0
532 65.416000E+3 65.465000E+3 65.521000E+3 267.000000E+0
533 65.430000E+3 65.332000E+3 65.486000E+3 274.000000E+0
534 65.444000E+3 65.409000E+3 65.500000E+3 274.000000E+0
535 65.486000E+3 65.289000E+3 65.444000E+3 288.000000E+0
536 65.486000E+3 65.367000E+3 65.458000E+3 288.000000E+0
537 65.528000E+3 65.261000E+3 65.402000E+3 295.000000E+0
538 65.514000E+3 65.268000E+3 65.430000E+3 274.000000E+0
539 28.000000E+0 65.240000E+3 65.346000E+3 295.000000E+0
540 0.000000E+0 65.254000E+3 65.381000E+3 274.000000E+0
541 49.000000E+0 65.332000E+3 65.261000E+3 302.000000E+0
542 14.000000E+0 65.353000E+3 65.318000E+3 288.000000E+0
543 77.000000E+0 65.458000E+3 65.184000E+3 351.000000E+0
544 28.000000E+0 65.472000E+3 65.247000E+3 337.000000E+0
545 98.000000E+0 28.000000E+0 65.163000E+3 393.000000E+0
546 49.000000E+0 28.000000E+0 65.233000E+3 372.000000E+0
547 112.000000E+0 77.000000E+0 65.233000E+3 330.000000E+0
548 70.000000E+0 63.000000E+0 65.289000E+3 330.000000E+0
549 119.000000E+0 70.000000E+0 65.374000E+3 203.000000E+0
550 70.000000E+0 56.000000E+0 65.388000E+3 203.000000E+0
551 98.000000E+0 56.000000E+0 65.521000E+3 35.000000E+0
552 63.000000E+0 14.000000E+0 65.514000E+3 84.000000E+0
553 98.000000E+0 65.514000E+3 147.000000E+0 65.465000E+3
554 84.000000E+0 65.458000E+3 105.000000E+0 7.000000E+0
555 105.000000E+0 65.395000E+3 274.000000E+0 65.395000E+3
556 84.000000E+0 65.346000E+3 217.000000E+0 65.458000E+3
557 105.000000E+0 65.303000E+3 379.000000E+0 65.339000E+3
558 98.000000E+0 65.275000E+3 302.000000E+0 65.423000E+3
559 112.000000E+0 65.282000E+3 457.000000E+0 65.374000E+3
560 98.000000E+0 65.275000E+3 351.000000E+0 65.437000E+3
561 105.000000E+0 65.275000E+3 485.000000E+0 65.416000E+3
562 84.000000E+0 65.282000E+3 358.000000E+0 65.465000E+3
563 77.000000E+0 65.275000E+3 450.000000E+0 65.493000E+3
564 56.000000E+0 65.275000E+3 323.000000E+0 65.493000E+3
565 42.000000E+0 65.275000E+3 372.000000E+0 14.000000E+0
566 49.000000E+0 65.275000E+3 274.000000E+0 65.521000E+3
567 84.000000E+0 65.282000E+3 330.000000E+0 91.000000E+0
568 77.000000E+0 65.275000E+3 274.000000E+0 56.000000E+0
569 98.000000E+0 65.275000E+3 288.000000E+0 182.000000E+0
570 91.000000E+0 65.275000E+3 217.000000E+0 63.000000E+0
571 119.000000E+0 65.275000E+3 196.000000E+0 203.000000E+0
572 112.000000E+0 65.268000E+3 154.000000E+0 112.000000E+0
573 140.000000E+0 65.268000E+3 119.000000E+0 288.000000E+0
574 119.000000E+0 65.289000E+3 105.000000E+0 253.000000E+0
575 168.000000E+0 65.282000E+3 70.000000E+0 358.000000E+0
576 168.000000E+0 65.282000E+3 70.000000E+0 203.000000E+0
577 260.000000E+0 65.261000E+3 21.000000E+0 217.000000E+0
578 239.000000E+0 65.261000E+3 28.000000E+0 161.000000E+0
579 330.000000E+0 65.226000E+3 65.507000E+3 182.000000E+0
580 281.000000E+0 65.226000E+3 65.528000E+3 140.000000E+0
581 393.000000E+0 65.177000E+3 65.472000E+3 21.000000E+0
582 330.000000E+0 65.170000E+3 65.500000E+3 0.000000E+0
583 471.000000E+0 65.086000E+3 65.416000E+3 65.444000E+3
584 393.000000E+0 65.107000E+3 65.465000E+3 65.465000E+3
585 471.000000E+0 65.093000E+3 65.395000E+3 65.430000E+3
586 393.000000E+0 65.156000E+3 65.451000E+3 65.465000E+3
587 393.000000E+0 65.247000E+3 65.395000E+3 65.451000E+3
588 330.000000E+0 65.296000E+3 65.451000E+3 65.486000E+3
589 253.000000E+0 65.430000E+3 65.416000E+3 65.486000E+3
590 239.000000E+0 65.416000E+3 65.465000E+3 65.507000E+3
591 84.000000E+0 28.000000E+0 65.451000E+3 65.507000E+3
592 91.000000E+0 65.486000E+3 65.486000E+3 21.000000E+0
593 65.444000E+3 91.000000E+0 65.451000E+3 56.000000E+0
594 65.479000E+3 28.000000E+0 65.458000E+3 126.000000E+0
595 65.268000E+3 203.000000E+0 65.430000E+3 175.000000E+0
596 65.339000E+3 126.000000E+0 65.444000E+3 217.000000E+0
597 65.163000E+3 232.000000E+0 65.437000E+3 246.000000E+0
598 65.247000E+3 126.000000E+0 65.444000E+3 267.000000E+0
599 65.086000E+3 168.000000E+0 65.416000E+3 260.000000E+0
600 65.184000E+3 56.000000E+0 65.430000E+3 260.000000E+0
601 65.064000E+3 77.000000E+0 65.423000E+3 253.000000E+0
602 65.198000E+3 70.000000E+0 65.451000E+3 253.000000E+0
603 65.107000E+3 49.000000E+0 65.472000E+3 253.000000E+0
604 65.233000E+3 49.000000E+0 65.514000E+3 253.000000E+0
605 65.177000E+3 65.507000E+3 65.507000E+3 260.000000E+0
606 65.303000E+3 0.000000E+0 65.528000E+3 260.000000E+0
607 65.282000E+3 65.423000E+3 65.514000E+3 260.000000E+0
608 65.353000E+3 65.500000E+3 65.528000E+3 260.000000E+0
609 65.339000E+3 65.381000E+3 65.514000E+3 260.000000E+0
610 65.395000E+3 65.479000E+3 65.528000E+3 260.000000E+0
611 65.402000E+3 65.339000E+3 65.493000E+3 267.000000E+0
612 65.423000E+3 65.458000E+3 65.500000E+3 267.000000E+0
613 65.451000E+3 65.303000E+3 65.465000E+3 274.000000E+0
614 65.458000E+3 65.381000E+3 65.472000E+3 267.000000E+0
615 65.500000E+3 65.282000E+3 65.423000E+3 281.000000E+0
616 65.493000E+3 65.360000E+3 65.437000E+3 281.000000E+0
617 0.000000E+0 65.254000E+3 65.374000E+3 281.000000E+0
618 65.521000E+3 65.268000E+3 65.402000E+3 260.000000E+0
619 35.000000E+0 65.254000E+3 65.318000E+3 281.000000E+0
620 0.000000E+0 65.282000E+3 65.353000E+3 253.000000E+0
621 49.000000E+0 65.381000E+3 65.219000E+3 295.000000E+0
622 14.000000E+0 65.395000E+3 65.275000E+3 288.000000E+0
623 77.000000E+0 65.528000E+3 65.128000E+3 379.000000E+0
624 35.000000E+0 0.000000E+0 65.205000E+3 372.000000E+0
625 112.000000E+0 98.000000E+0 65.100000E+3 421.000000E+0
626 70.000000E+0 77.000000E+0 65.191000E+3 386.000000E+0
627 140.000000E+0 98.000000E+0 65.184000E+3 337.000000E+0
628 91.000000E+0 70.000000E+0 65.254000E+3 309.000000E+0
629 126.000000E+0 77.000000E+0 65.332000E+3 175.000000E+0
630 77.000000E+0 56.000000E+0 65.353000E+3 182.000000E+0
631 98.000000E+0 56.000000E+0 65.486000E+3 21.000000E+0
632 49.000000E+0 35.000000E+0 65.479000E+3 70.000000E+0
633 63.000000E+0 28.000000E+0 112.000000E+0 65.458000E+3
634 35.000000E+0 65.486000E+3 70.000000E+0 14.000000E+0
635 84.000000E+0 65.423000E+3 260.000000E+0 65.402000E+3
636 77.000000E+0 65.367000E+3 196.000000E+0 65.472000E+3
637 91.000000E+0 65.311000E+3 379.000000E+0 65.325000E+3
638 77.000000E+0 65.275000E+3 288.000000E+0 65.423000E+3
639 98.000000E+0 65.275000E+3 457.000000E+0 65.360000E+3
640 84.000000E+0 65.275000E+3 358.000000E+0 65.451000E+3
641 84.000000E+0 65.268000E+3 506.000000E+0 65.409000E+3
642 56.000000E+0 65.275000E+3 379.000000E+0 65.465000E+3
643 49.000000E+0 65.275000E+3 485.000000E+0 65.479000E+3
644 21.000000E+0 65.275000E+3 351.000000E+0 65.493000E+3
645 21.000000E+0 65.275000E+3 414.000000E+0 21.000000E+0
646 7.000000E+0 65.275000E+3 295.000000E+0 65.528000E+3
647 21.000000E+0 65.275000E+3 330.000000E+0 91.000000E+0
648 7.000000E+0 65.268000E+3 239.000000E+0 28.000000E+0
649 28.000000E+0 65.275000E+3 232.000000E+0 140.000000E+0
650 21.000000E+0 65.275000E+3 161.000000E+0 56.000000E+0
651 49.000000E+0 65.268000E+3 161.000000E+0 189.000000E+0
652 49.000000E+0 65.268000E+3 126.000000E+0 330.000000E+0
653 84.000000E+0 65.261000E+3 105.000000E+0 253.000000E+0
654 63.000000E+0 65.261000E+3 105.000000E+0 203.000000E+0
655 105.000000E+0 65.268000E+3 70.000000E+0 372.000000E+0
656 77.000000E+0 65.254000E+3 70.000000E+0 260.000000E+0
657 140.000000E+0 65.247000E+3 14.000000E+0 309.000000E+0
658 105.000000E+0 65.296000E+3 28.000000E+0 295.000000E+0
659 189.000000E+0 65.275000E+3 65.514000E+3 330.000000E+0
660 147.000000E+0 65.289000E+3 0.000000E+0 323.000000E+0
661 260.000000E+0 65.254000E+3 65.486000E+3 253.000000E+0
662 196.000000E+0 65.261000E+3 65.521000E+3 232.000000E+0
663 337.000000E+0 65.184000E+3 65.451000E+3 126.000000E+0
664 267.000000E+0 65.198000E+3 65.500000E+3 126.000000E+0
665 358.000000E+0 65.142000E+3 65.444000E+3 49.000000E+0
666 281.000000E+0 65.156000E+3 65.493000E+3 42.000000E+0
667 281.000000E+0 65.198000E+3 65.430000E+3 65.507000E+3
668 217.000000E+0 65.198000E+3 65.465000E+3 65.507000E+3
669 98.000000E+0 65.332000E+3 65.437000E+3 65.500000E+3
670 98.000000E+0 65.332000E+3 65.437000E+3 65.500000E+3
671 65.493000E+3 65.500000E+3 65.402000E+3 65.514000E+3
672 65.486000E+3 65.451000E+3 65.430000E+3 28.000000E+0
673 65.318000E+3 91.000000E+0 65.402000E+3 63.000000E+0
674 65.381000E+3 28.000000E+0 65.423000E+3 126.000000E+0
675 65.205000E+3 203.000000E+0 65.395000E+3 189.000000E+0
676 65.282000E+3 119.000000E+0 65.409000E+3 225.000000E+0
677 65.100000E+3 217.000000E+0 65.381000E+3 246.000000E+0
678 65.212000E+3 98.000000E+0 65.381000E+3 246.000000E+0
679 65.071000E+3 168.000000E+0 65.374000E+3 246.000000E+0
680 65.205000E+3 91.000000E+0 65.402000E+3 246.000000E+0
681 65.093000E+3 112.000000E+0 65.395000E+3 246.000000E+0
682 65.226000E+3 77.000000E+0 65.423000E+3 246.000000E+0
683 65.135000E+3 56.000000E+0 65.423000E+3 246.000000E+0
684 65.254000E+3 56.000000E+0 65.437000E+3 239.000000E+0
685 65.191000E+3 65.507000E+3 65.430000E+3 246.000000E+0
686 65.289000E+3 0.000000E+0 65.437000E+3 246.000000E+0
687 65.247000E+3 65.416000E+3 65.423000E+3 246.000000E+0
688 65.325000E+3 65.493000E+3 65.430000E+3 246.000000E+0
689 65.311000E+3 65.360000E+3 65.416000E+3 246.000000E+0
690 65.360000E+3 65.465000E+3 65.423000E+3 246.000000E+0
691 65.381000E+3 65.332000E+3 65.395000E+3 253.000000E+0
692 65.416000E+3 65.451000E+3 65.409000E+3 260.000000E+0
693 65.451000E+3 65.282000E+3 65.374000E+3 260.000000E+0
694 65.458000E+3 65.381000E+3 65.395000E+3 260.000000E+0
695 65.500000E+3 65.303000E+3 65.353000E+3 267.000000E+0
696 65.493000E+3 65.402000E+3 65.367000E+3 267.000000E+0
697 7.000000E+0 65.325000E+3 65.296000E+3 281.000000E+0
698 65.521000E+3 65.339000E+3 65.332000E+3 260.000000E+0
699 42.000000E+0 65.318000E+3 65.247000E+3 274.000000E+0
700 0.000000E+0 65.346000E+3 65.289000E+3 239.000000E+0
701 56.000000E+0 65.437000E+3 65.156000E+3 288.000000E+0
702 14.000000E+0 65.444000E+3 65.219000E+3 274.000000E+0
703 84.000000E+0 28.000000E+0 65.078000E+3 365.000000E+0
704 35.000000E+0 28.000000E+0 65.156000E+3 351.000000E+0
705 119.000000E+0 119.000000E+0 65.050000E+3 414.000000E+0
706 70.000000E+0 77.000000E+0 65.149000E+3 365.000000E+0
707 133.000000E+0 98.000000E+0 65.149000E+3 316.000000E+0
708 91.000000E+0 70.000000E+0 65.219000E+3 295.000000E+0
709 126.000000E+0 77.000000E+0 65.311000E+3 168.000000E+0
710 77.000000E+0 56.000000E+0 65.332000E+3 168.000000E+0
711 98.000000E+0 49.000000E+0 65.472000E+3 7.000000E+0
712 56.000000E+0 35.000000E+0 65.472000E+3 63.000000E+0
713 63.000000E+0 14.000000E+0 105.000000E+0 65.451000E+3
714 35.000000E+0 65.472000E+3 70.000000E+0 14.000000E+0
715 84.000000E+0 65.416000E+3 267.000000E+0 65.388000E+3
716 77.000000E+0 65.353000E+3 203.000000E+0 65.451000E+3
717 98.000000E+0 65.289000E+3 379.000000E+0 65.318000E+3
718 77.000000E+0 65.268000E+3 295.000000E+0 65.423000E+3
719 77.000000E+0 65.275000E+3 365.000000E+0 65.444000E+3
720 77.000000E+0 65.275000E+3 365.000000E+0 65.444000E+3
721 63.000000E+0 65.275000E+3 513.000000E+0 65.416000E+3
722 35.000000E+0 65.275000E+3 386.000000E+0 65.465000E+3
723 21.000000E+0 65.268000E+3 485.000000E+0 65.486000E+3
724 7.000000E+0 65.275000E+3 351.000000E+0 65.493000E+3
725 7.000000E+0 65.268000E+3 400.000000E+0 21.000000E+0
726 65.528000E+3 65.268000E+3 253.000000E+0 65.528000E+3
727 0.000000E+0 65.275000E+3 295.000000E+0 77.000000E+0
728 65.521000E+3 65.268000E+3 217.000000E+0 21.000000E+0
729 0.000000E+0 65.268000E+3 225.000000E+0 140.000000E+0
730 65.528000E+3 65.268000E+3 168.000000E+0 49.000000E+0
731 28.000000E+0 65.268000E+3 168.000000E+0 203.000000E+0
732 14.000000E+0 65.268000E+3 147.000000E+0 84.000000E+0
733 42.000000E+0 65.261000E+3 126.000000E+0 260.000000E+0
734 28.000000E+0 65.261000E+3 126.000000E+0 225.000000E+0
735 70.000000E+0 65.261000E+3 91.000000E+0 400.000000E+0
736 63.000000E+0 65.254000E+3 91.000000E+0 309.000000E+0
737 126.000000E+0 65.261000E+3 42.000000E+0 421.000000E+0
738 84.000000E+0 65.303000E+3 49.000000E+0 400.000000E+0
739 182.000000E+0 65.289000E+3 65.528000E+3 428.000000E+0
740 133.000000E+0 65.325000E+3 21.000000E+0 414.000000E+0
741 239.000000E+0 65.296000E+3 65.500000E+3 337.000000E+0
742 168.000000E+0 65.296000E+3 0.000000E+0 330.000000E+0
743 302.000000E+0 65.212000E+3 65.458000E+3 217.000000E+0
744 210.000000E+0 65.212000E+3 65.507000E+3 217.000000E+0
745 302.000000E+0 65.163000E+3 65.451000E+3 140.000000E+0
746 232.000000E+0 65.184000E+3 65.500000E+3 140.000000E+0
747 239.000000E+0 65.212000E+3 65.451000E+3 77.000000E+0
748 189.000000E+0 65.212000E+3 65.493000E+3 77.000000E+0
749 98.000000E+0 65.346000E+3 65.444000E+3 56.000000E+0
750 77.000000E+0 65.346000E+3 65.479000E+3 63.000000E+0
751 65.472000E+3 65.521000E+3 65.430000E+3 56.000000E+0
752 65.472000E+3 65.486000E+3 65.451000E+3 84.000000E+0
753 65.311000E+3 126.000000E+0 65.423000E+3 105.000000E+0
754 65.374000E+3 56.000000E+0 65.444000E+3 154.000000E+0
755 65.205000E+3 232.000000E+0 65.423000E+3 196.000000E+0
756 65.289000E+3 126.000000E+0 65.423000E+3 225.000000E+0
757 65.107000E+3 217.000000E+0 65.395000E+3 239.000000E+0
758 65.212000E+3 105.000000E+0 65.402000E+3 239.000000E+0
759 65.071000E+3 175.000000E+0 65.374000E+3 239.000000E+0
760 65.198000E+3 91.000000E+0 65.395000E+3 246.000000E+0
761 65.086000E+3 119.000000E+0 65.381000E+3 239.000000E+0
762 65.219000E+3 77.000000E+0 65.402000E+3 232.000000E+0
763 65.128000E+3 56.000000E+0 65.395000E+3 239.000000E+0
764 65.247000E+3 56.000000E+0 65.402000E+3 239.000000E+0
765 65.184000E+3 65.507000E+3 65.388000E+3 246.000000E+0
766 65.282000E+3 65.528000E+3 65.402000E+3 246.000000E+0
767 65.240000E+3 65.416000E+3 65.381000E+3 246.000000E+0
768 65.318000E+3 65.486000E+3 65.381000E+3 246.000000E+0
769 65.303000E+3 65.360000E+3 65.367000E+3 239.000000E+0
770 65.353000E+3 65.465000E+3 65.374000E+3 246.000000E+0
771 65.381000E+3 65.332000E+3 65.353000E+3 253.000000E+0
772 65.409000E+3 65.451000E+3 65.360000E+3 253.000000E+0
773 65.444000E+3 65.282000E+3 65.325000E+3 260.000000E+0
774 65.451000E+3 65.388000E+3 65.346000E+3 253.000000E+0
775 65.500000E+3 65.296000E+3 65.296000E+3 260.000000E+0
776 65.493000E+3 65.458000E+3 65.311000E+3 260.000000E+0
777 7.000000E+0 65.367000E+3 65.240000E+3 281.000000E+0
778 65.521000E+3 65.416000E+3 65.282000E+3 281.000000E+0
779 42.000000E+0 65.388000E+3 65.205000E+3 309.000000E+0
780 14.000000E+0 65.395000E+3 65.254000E+3 288.000000E+0
781 63.000000E+0 65.493000E+3 65.121000E+3 330.000000E+0
782 28.000000E+0 65.500000E+3 65.184000E+3 309.000000E+0
783 98.000000E+0 84.000000E+0 65.050000E+3 400.000000E+0
784 49.000000E+0 77.000000E+0 65.128000E+3 379.000000E+0
785 133.000000E+0 126.000000E+0 65.022000E+3 435.000000E+0
786 84.000000E+0 77.000000E+0 65.121000E+3 386.000000E+0
787 140.000000E+0 98.000000E+0 65.128000E+3 323.000000E+0
788 91.000000E+0 63.000000E+0 65.198000E+3 288.000000E+0
789 126.000000E+0 70.000000E+0 65.289000E+3 154.000000E+0
790 77.000000E+0 49.000000E+0 65.311000E+3 161.000000E+0
791 98.000000E+0 49.000000E+0 65.458000E+3 0.000000E+0
792 49.000000E+0 28.000000E+0 65.458000E+3 63.000000E+0
793 70.000000E+0 65.528000E+3 98.000000E+0 65.458000E+3
794 42.000000E+0 65.465000E+3 70.000000E+0 21.000000E+0
795 91.000000E+0 65.395000E+3 274.000000E+0 65.388000E+3
796 77.000000E+0 65.325000E+3 210.000000E+0 65.437000E+3
797 91.000000E+0 65.275000E+3 386.000000E+0 65.318000E+3
798 77.000000E+0 65.268000E+3 309.000000E+0 65.423000E+3
799 84.000000E+0 65.261000E+3 471.000000E+0 65.360000E+3
800 35.000000E+0 65.261000E+3 365.000000E+0 65.437000E+3
801 28.000000E+0 65.268000E+3 513.000000E+0 65.416000E+3
802 7.000000E+0 65.261000E+3 386.000000E+0 65.472000E+3
803 7.000000E+0 65.261000E+3 464.000000E+0 65.479000E+3
804 65.521000E+3 65.268000E+3 302.000000E+0 65.479000E+3
805 65.514000E+3 65.261000E+3 344.000000E+0 7.000000E+0
806 65.493000E+3 65.261000E+3 239.000000E+0 65.521000E+3
807 65.514000E+3 65.261000E+3 288.000000E+0 77.000000E+0
808 65.493000E+3 65.261000E+3 225.000000E+0 21.000000E+0
809 65.514000E+3 65.261000E+3 239.000000E+0 147.000000E+0
810 65.500000E+3 65.261000E+3 182.000000E+0 63.000000E+0
811 0.000000E+0 65.254000E+3 189.000000E+0 210.000000E+0
812 65.521000E+3 65.254000E+3 161.000000E+0 84.000000E+0
813 7.000000E+0 65.247000E+3 133.000000E+0 281.000000E+0
814 65.514000E+3 65.254000E+3 119.000000E+0 232.000000E+0
815 21.000000E+0 65.254000E+3 84.000000E+0 407.000000E+0
816 0.000000E+0 65.289000E+3 91.000000E+0 393.000000E+0
817 56.000000E+0 65.282000E+3 35.000000E+0 513.000000E+0
818 28.000000E+0 65.325000E+3 42.000000E+0 499.000000E+0
819 84.000000E+0 65.339000E+3 21.000000E+0 506.000000E+0
820 84.000000E+0 65.339000E+3 21.000000E+0 506.000000E+0
821 203.000000E+0 65.296000E+3 65.500000E+3 435.000000E+0
822 147.000000E+0 65.296000E+3 7.000000E+0 428.000000E+0
823 281.000000E+0 65.205000E+3 65.479000E+3 316.000000E+0
824 210.000000E+0 65.212000E+3 65.521000E+3 309.000000E+0
825 295.000000E+0 65.156000E+3 65.451000E+3 232.000000E+0
826 210.000000E+0 65.170000E+3 65.500000E+3 217.000000E+0
827 196.000000E+0 65.205000E+3 65.444000E+3 161.000000E+0
828 147.000000E+0 65.205000E+3 65.486000E+3 161.000000E+0
829 70.000000E+0 65.332000E+3 65.451000E+3 140.000000E+0
830 56.000000E+0 65.332000E+3 65.486000E+3 140.000000E+0
831 65.458000E+3 65.507000E+3 65.451000E+3 126.000000E+0
832 65.465000E+3 65.486000E+3 65.479000E+3 140.000000E+0
833 65.318000E+3 126.000000E+0 65.437000E+3 147.000000E+0
834 65.381000E+3 70.000000E+0 65.458000E+3 175.000000E+0
835 65.212000E+3 232.000000E+0 65.430000E+3 196.000000E+0
836 65.289000E+3 119.000000E+0 65.444000E+3 225.000000E+0
837 65.128000E+3 225.000000E+0 65.409000E+3 239.000000E+0
838 65.233000E+3 105.000000E+0 65.416000E+3 246.000000E+0
839 65.093000E+3 182.000000E+0 65.402000E+3 246.000000E+0
840 65.219000E+3 98.000000E+0 65.409000E+3 253.000000E+0
841 65.107000E+3 126.000000E+0 65.402000E+3 253.000000E+0
842 65.233000E+3 77.000000E+0 65.416000E+3 253.000000E+0
843 65.149000E+3 63.000000E+0 65.395000E+3 260.000000E+0
844 65.261000E+3 56.000000E+0 65.409000E+3 253.000000E+0
845 65.184000E+3 65.514000E+3 65.395000E+3 253.000000E+0
846 65.282000E+3 7.000000E+0 65.402000E+3 253.000000E+0
847 65.240000E+3 65.430000E+3 65.381000E+3 260.000000E+0
848 65.318000E+3 65.500000E+3 65.388000E+3 260.000000E+0
849 65.311000E+3 65.367000E+3 65.374000E+3 267.000000E+0
850 65.360000E+3 65.472000E+3 65.381000E+3 260.000000E+0
851 65.374000E+3 65.346000E+3 65.360000E+3 267.000000E+0
852 65.409000E+3 65.458000E+3 65.381000E+3 260.000000E+0
853 65.437000E+3 65.325000E+3 65.346000E+3 267.000000E+0
854 65.451000E+3 65.395000E+3 65.374000E+3 267.000000E+0
855 65.493000E+3 65.303000E+3 65.325000E+3 274.000000E+0
856 65.486000E+3 65.451000E+3 65.346000E+3 281.000000E+0
857 0.000000E+0 65.360000E+3 65.282000E+3 295.000000E+0
858 65.521000E+3 65.381000E+3 65.318000E+3 281.000000E+0
859 42.000000E+0 65.353000E+3 65.240000E+3 295.000000E+0
860 7.000000E+0 65.367000E+3 65.275000E+3 274.000000E+0
861 56.000000E+0 65.437000E+3 65.163000E+3 302.000000E+0
862 21.000000E+0 65.444000E+3 65.226000E+3 281.000000E+0
863 84.000000E+0 7.000000E+0 65.100000E+3 351.000000E+0
864 35.000000E+0 7.000000E+0 65.177000E+3 337.000000E+0
865 98.000000E+0 91.000000E+0 65.086000E+3 386.000000E+0
866 49.000000E+0 70.000000E+0 65.163000E+3 365.000000E+0
867 112.000000E+0 84.000000E+0 65.177000E+3 316.000000E+0
868 70.000000E+0 63.000000E+0 65.240000E+3 309.000000E+0
869 119.000000E+0 70.000000E+0 65.325000E+3 182.000000E+0
870 70.000000E+0 56.000000E+0 65.346000E+3 182.000000E+0
871 91.000000E+0 56.000000E+0 65.486000E+3 21.000000E+0
872 56.000000E+0 28.000000E+0 65.479000E+3 77.000000E+0
873 77.000000E+0 65.521000E+3 119.000000E+0 65.472000E+3
874 63.000000E+0 65.458000E+3 98.000000E+0 21.000000E+0
875 98.000000E+0 65.395000E+3 267.000000E+0 65.409000E+3
876 77.000000E+0 65.346000E+3 203.000000E+0 65.458000E+3
877 98.000000E+0 65.296000E+3 379.000000E+0 65.332000E+3
878 84.000000E+0 65.275000E+3 288.000000E+0 65.430000E+3
879 84.000000E+0 65.275000E+3 450.000000E+0 65.374000E+3
880 70.000000E+0 65.275000E+3 358.000000E+0 65.437000E+3
881 70.000000E+0 65.275000E+3 492.000000E+0 65.423000E+3
882 28.000000E+0 65.275000E+3 372.000000E+0 65.472000E+3
883 28.000000E+0 65.275000E+3 457.000000E+0 65.493000E+3
884 7.000000E+0 65.275000E+3 337.000000E+0 65.500000E+3
885 14.000000E+0 65.275000E+3 386.000000E+0 21.000000E+0
886 0.000000E+0 65.275000E+3 267.000000E+0 0.000000E+0
887 14.000000E+0 65.275000E+3 281.000000E+0 91.000000E+0
888 0.000000E+0 65.275000E+3 196.000000E+0 21.000000E+0
889 14.000000E+0 65.275000E+3 210.000000E+0 147.000000E+0
890 7.000000E+0 65.275000E+3 154.000000E+0 56.000000E+0
891 42.000000E+0 65.268000E+3 147.000000E+0 189.000000E+0
892 35.000000E+0 65.268000E+3 133.000000E+0 84.000000E+0
893 77.000000E+0 65.261000E+3 112.000000E+0 253.000000E+0
894 49.000000E+0 65.268000E+3 112.000000E+0 203.000000E+0
895 98.000000E+0 65.268000E+3 70.000000E+0 372.000000E+0
896 77.000000E+0 65.261000E+3 70.000000E+0 253.000000E+0
897 140.000000E+0 65.261000E+3 21.000000E+0 337.000000E+0
898 98.000000E+0 65.296000E+3 35.000000E+0 323.000000E+0
899 189.000000E+0 65.268000E+3 65.507000E+3 365.000000E+0
900 140.000000E+0 65.289000E+3 0.000000E+0 351.000000E+0
901 246.000000E+0 65.261000E+3 65.486000E+3 274.000000E+0
902 175.000000E+0 65.275000E+3 65.521000E+3 260.000000E+0
903 316.000000E+0 65.191000E+3 65.451000E+3 154.000000E+0
904 239.000000E+0 65.198000E+3 65.500000E+3 154.000000E+0
905 330.000000E+0 65.149000E+3 65.444000E+3 77.000000E+0
906 260.000000E+0 65.170000E+3 65.493000E+3 70.000000E+0
907 267.000000E+0 65.205000E+3 65.437000E+3 14.000000E+0
908 210.000000E+0 65.198000E+3 65.472000E+3 14.000000E+0
909 119.000000E+0 65.332000E+3 65.430000E+3 65.521000E+3
910 98.000000E+0 65.332000E+3 65.458000E+3 65.528000E+3
911 65.493000E+3 65.500000E+3 65.409000E+3 0.000000E+0
912 65.486000E+3 65.465000E+3 65.430000E+3 42.000000E+0
913 65.318000E+3 98.000000E+0 65.402000E+3 70.000000E+0
914 65.381000E+3 42.000000E+0 65.423000E+3 126.000000E+0
915 65.205000E+3 210.000000E+0 65.402000E+3 182.000000E+0
916 65.289000E+3 119.000000E+0 65.409000E+3 217.000000E+0
917 65.107000E+3 217.000000E+0 65.381000E+3 246.000000E+0
918 65.212000E+3 98.000000E+0 65.381000E+3 253.000000E+0
919 65.198000E+3 91.000000E+0 65.381000E+3 253.000000E+0
920 65.198000E+3 91.000000E+0 65.381000E+3 253.000000E+0
921 65.086000E+3 112.000000E+0 65.374000E+3 246.000000E+0
922 65.219000E+3 77.000000E+0 65.402000E+3 246.000000E+0
923 65.128000E+3 56.000000E+0 65.395000E+3 246.000000E+0
924 65.254000E+3 56.000000E+0 65.409000E+3 246.000000E+0
925 65.191000E+3 65.507000E+3 65.402000E+3 253.000000E+0
926 65.289000E+3 0.000000E+0 65.409000E+3 253.000000E+0
927 65.247000E+3 65.416000E+3 65.395000E+3 253.000000E+0
928 65.325000E+3 65.493000E+3 65.402000E+3 253.000000E+0
929 65.311000E+3 65.360000E+3 65.381000E+3 253.000000E+0
930 65.360000E+3 65.465000E+3 65.388000E+3 260.000000E+0
931 65.381000E+3 65.325000E+3 65.360000E+3 260.000000E+0
932 65.409000E+3 65.458000E+3 65.374000E+3 260.000000E+0
933 65.444000E+3 65.275000E+3 65.339000E+3 267.000000E+0
934 65.451000E+3 65.381000E+3 65.360000E+3 260.000000E+0
935 65.500000E+3 65.296000E+3 65.311000E+3 274.000000E+0
936 65.493000E+3 65.444000E+3 65.332000E+3 274.000000E+0
937 7.000000E+0 65.360000E+3 65.261000E+3 288.000000E+0
938 65.521000E+3 65.388000E+3 65.296000E+3 288.000000E+0
939 42.000000E+0 65.360000E+3 65.219000E+3 309.000000E+0
940 7.000000E+0 65.374000E+3 65.268000E+3 281.000000E+0
941 56.000000E+0 65.472000E+3 65.135000E+3 316.000000E+0
942 21.000000E+0 65.472000E+3 65.198000E+3 302.000000E+0
943 91.000000E+0 56.000000E+0 65.057000E+3 386.000000E+0
944 42.000000E+0 56.000000E+0 65.142000E+3 372.000000E+0
945 126.000000E+0 119.000000E+0 65.036000E+3 421.000000E+0
946 77.000000E+0 77.000000E+0 65.135000E+3 386.000000E+0
947 133.000000E+0 98.000000E+0 65.142000E+3 330.000000E+0
948 91.000000E+0 70.000000E+0 65.212000E+3 295.000000E+0
949 126.000000E+0 70.000000E+0 65.296000E+3 168.000000E+0
950 77.000000E+0 56.000000E+0 65.325000E+3 168.000000E+0
951 98.000000E+0 49.000000E+0 65.465000E+3 7.000000E+0
952 49.000000E+0 35.000000E+0 65.465000E+3 63.000000E+0
953 63.000000E+0 0.000000E+0 98.000000E+0 65.458000E+3
954 42.000000E+0 65.465000E+3 70.000000E+0 21.000000E+0
955 84.000000E+0 65.402000E+3 274.000000E+0 65.395000E+3
956 77.000000E+0 65.339000E+3 210.000000E+0 65.451000E+3
957 98.000000E+0 65.282000E+3 386.000000E+0 65.311000E+3
958 77.000000E+0 65.268000E+3 302.000000E+0 65.423000E+3
959 91.000000E+0 65.268000E+3 478.000000E+0 65.360000E+3
960 56.000000E+0 65.268000E+3 365.000000E+0 65.437000E+3
961 35.000000E+0 65.268000E+3 513.000000E+0 65.409000E+3
962 14.000000E+0 65.268000E+3 386.000000E+0 65.472000E+3
963 21.000000E+0 65.268000E+3 478.000000E+0 65.486000E+3
964 0.000000E+0 65.268000E+3 337.000000E+0 65.486000E+3
965 0.000000E+0 65.268000E+3 365.000000E+0 14.000000E+0
966 65.514000E+3 65.268000E+3 246.000000E+0 65.521000E+3
967 65.521000E+3 65.268000E+3 288.000000E+0 77.000000E+0
968 65.507000E+3 65.261000E+3 217.000000E+0 28.000000E+0
969 65.528000E+3 65.268000E+3 239.000000E+0 147.000000E+0
970 65.521000E+3 65.268000E+3 182.000000E+0 63.000000E+0
971 21.000000E+0 65.261000E+3 182.000000E+0 203.000000E+0
972 7.000000E+0 65.261000E+3 161.000000E+0 91.000000E+0
973 28.000000E+0 65.254000E+3 140.000000E+0 281.000000E+0
974 7.000000E+0 65.261000E+3 126.000000E+0 253.000000E+0
975 49.000000E+0 65.254000E+3 91.000000E+0 400.000000E+0
976 28.000000E+0 65.261000E+3 91.000000E+0 358.000000E+0
977 91.000000E+0 65.282000E+3 42.000000E+0 464.000000E+0
978 63.000000E+0 65.325000E+3 42.000000E+0 450.000000E+0
979 154.000000E+0 65.311000E+3 65.528000E+3 478.000000E+0
980 112.000000E+0 65.339000E+3 21.000000E+0 457.000000E+0
981 232.000000E+0 65.303000E+3 65.500000E+3 379.000000E+0
982 168.000000E+0 65.303000E+3 0.000000E+0 379.000000E+0
983 302.000000E+0 65.212000E+3 65.458000E+3 267.000000E+0
984 217.000000E+0 65.226000E+3 65.500000E+3 267.000000E+0
985 288.000000E+0 65.170000E+3 65.444000E+3 182.000000E+0
986 210.000000E+0 65.177000E+3 65.493000E+3 182.000000E+0
987 217.000000E+0 65.212000E+3 65.444000E+3 126.000000E+0
988 175.000000E+0 65.205000E+3 65.486000E+3 133.000000E+0
989 91.000000E+0 65.346000E+3 65.451000E+3 105.000000E+0
990 77.000000E+0 65.346000E+3 65.486000E+3 105.000000E+0
991 65.479000E+3 65.521000E+3 65.451000E+3 91.000000E+0
992 65.479000E+3 65.493000E+3 65.458000E+3 112.000000E+0
993 65.318000E+3 140.000000E+0 65.423000E+3 133.000000E+0
994 65.381000E+3 63.000000E+0 65.451000E+3 168.000000E+0
995 65.205000E+3 239.000000E+0 65.423000E+3 196.000000E+0
996 65.289000E+3 126.000000E+0 65.430000E+3 225.000000E+0
997 65.121000E+3 232.000000E+0 65.409000E+3 239.000000E+0
998 65.219000E+3 98.000000E+0 65.409000E+3 246.000000E+0
999 65.071000E+3 168.000000E+0 65.388000E+3 246.000000E+0
1000 65.198000E+3 91.000000E+0 65.388000E+3 246.000000E+0
