0.0 0.0 0.0 0.0 0.0 0.0 0.0 0.0 0.0 0.0 0.0 0.0 0.0 0.0 0.0 0.0
0.0063586532183022085 -0.00044740467002931685 0.009069929002532609 0.025847179010706243 0.009526113993326089 -0.008981561960131586 -0.016994311145843644 -0.01907440915961541 0.09063036640432241 -0.06812980051200082 0.11899313524317758 0.3329016856569649 0.18315072228321283 -0.03387120630063209 0.2892171417310049 -0.509644089670497
0.005512471663712618 -0.000527092336155824 -0.022229384328703583 0.04377430862870546 0.05593168730608404 -0.012112194922522244 -0.03126899863838983 -0.03271293586962619 -0.014973922754785119 -0.06502198987320129 -0.45606168834529287 0.2740047014120201 0.28581298838890784 0.03751666231161817 -0.1710416780246914 -0.41138012861635265
-0.0025964007819645938 -0.0006763130542751374 -0.056934297750031206 0.062264618963355084 0.10605625722196127 -0.013394381633141049 -0.04846887295855684 -0.05077993149045813 0.030349812648452046 -0.056935812300943876 -0.32136621415010264 0.3198946677216136 0.48471695016342725 0.14845786684807902 -0.27883584741889633 -0.6124929958240215
-0.0020134597080793478 -0.001391783060463352 -0.0869058136124686 0.0846271429587782 0.16482210678325548 -0.010903556715603968 -0.07648616340709298 -0.07490304970439843 0.053249975577291525 -0.0632202104316314 -0.3268009860953333 0.3178301353109982 0.473660719744201 0.05723150846843099 -0.16779204208418624 -1.0765400487422
-0.010740689335640622 -0.0016911563324141505 -0.1142107650415765 0.09528539737756052 0.14834492009788053 -0.01626429098014642 -0.03210355520625498 -0.07954094656545764 -0.0654618786327865 -0.06907082229796799 -0.46490368729396275 0.23837391515634215 -0.4662959322054295 0.12141892072439148 1.0317789432294133 -0.34196668396264396
-0.02476698916846517 -0.002027805429142813 -0.14311949433453672 0.11400544846902262 0.1735636897945818 -0.014593037891938518 -0.028993526429570267 -0.10042414814097818 0.05825811767917418 -0.03554750774226515 -0.1236270861769731 0.33816292177430723 0.41009898723322435 0.20230050957852908 -0.11005537015812164 -0.7289369064352343
-0.026827726914733247 -0.0025325469139961146 -0.1540268970210666 0.13125187536146304 0.15293875653031305 -0.01226127490037778 0.0018638933579918336 -0.12228386013049682 -0.05676070503661228 -0.02168582628446215 -0.17931140705047102 0.25825205210684665 -0.46819846159521245 0.09260331369517648 0.7157214839260614 -0.9460196789019596
-0.03803553011820033 -0.003189184528151645 -0.1836260663448369 0.138120789502975 0.18204143642414078 -0.008369934140138072 0.0025455972882636887 -0.13087059930656303 0.02013000232804715 -0.0032989074195847075 -0.15720194287339087 0.13005017691653276 0.3834259288373039 0.07614876032832177 -0.08259051831707204 -0.26753932932408486
-0.013246975393160878 -0.002426019764226429 -0.12004232822041586 0.11233531597096127 0.20842819110334626 0.01713087671088757 -0.090108535720151 -0.12526698813116063 0.11413694832702434 -0.0009785946007713885 0.27966461786157826 -0.21714243674655573 0.29908468702415736 -0.18820809963853258 -0.4421966225263915 0.8406146492576567
0.0011493105889502058 -0.0026162769910217853 -0.09119587434319765 0.10094047495988268 0.20554346883449784 0.018402630645707827 -0.1158189181179063 -0.11827506955734687 0.043506683966010797 -0.04752166024512323 0.19355308978195043 -0.2849547400487355 -0.13384774650116193 -0.12127375367014784 -0.11628836979309413 0.22033091107204783
0.030265495294812896 -0.0013607612437094342 -0.07221939461111586 0.08155904480240726 0.13364863074621333 0.0026723815585455468 -0.061568009413355836 -0.08127131568893994 -0.05994298647594427 -0.04851612477873683 0.21518254255414915 -0.16752472413733469 -0.8398828140756672 -0.07134812193010703 0.6867063516952141 -0.15369562130605496
-0.0077009209561683814 -0.0005368116662589331 -0.04973995175041849 0.0558038199982888 0.07346986697508087 0.010116706195479431 -0.024703889667810102 -0.0677805953493696 -0.02938564139964661 -0.025812653712016735 0.2562791847355395 -0.33478487784323835 -0.5803508071501066 -0.09500392756284935 0.5014655448740244 0.5292479089427591
-0.006466956862944792 -0.00036011113141159155 -0.022733201061162396 0.03296078388211894 0.015876431925678877 0.011753148424856068 0.006229489462898766 -0.04407255949369256 -0.02450476929871442 -0.04884285050722055 0.27088919245328474 -0.33341323844274756 -0.5861625588153739 -0.12483806015558253 0.06723347392081147 0.7315221157584724
-0.00610954362152305 -0.00042429989557718023 -0.030612544633126515 0.02282275351564754 0.039387772596811026 0.006980241759437335 -0.009936453101121536 -0.028789811685813526 -0.0069615632599697155 -0.06346994665863037 -0.05953059565964717 -0.09106472561359388 0.14940812692181674 -0.04161559498952528 -0.37931882991901933 0.9496447227231992
0.008070183020404773 -0.0004433554951269344 -0.0021491713004982314 0.016010910546874497 -0.01724901826946986 0.007239894179404338 0.017475205247302086 -0.020968747963295932 0.00012878293786335612 -0.06619814565201432 0.31252499582262233 -0.06497243534937167 -0.6392609624446373 0.007470387519046589 0.48817911976414474 0.5050504367113116
-0.006573441640888615 -0.0004304588589776701 -0.005217926628876033 0.003611641590877191 -0.023513582859150537 0.004491921518149089 0.02756267446227089 -0.00760500629815239 -0.038929679667644525 -0.06734483817223466 -0.054406852135513405 -0.11999540013685475 -0.07025625841123609 0.022012149534004828 -0.1265754904264625 -0.09569904379267083
