0.0 0.0 0.0 0.0 0.0 0.0 0.0 0.0 0.0 0.0 0.0 0.0 0.0 0.0 0.0 0.0
0.0063586532183022085 -0.00044740467002931685 0.009069929002532609 0.025847179010706243 0.009526113993326089 -0.008981561960131586 -0.016994311145843644 -0.01907440915961541 0.09063036640432241 -0.06812980051200082 0.11899313524317758 0.3329016856569649 0.18315072228321283 -0.03387120630063209 0.2892171417310049 -0.509644089670497
0.005512471663712618 -0.000527092336155824 -0.022229384328703583 0.04377430862870546 0.05593168730608404 -0.012112194922522244 -0.03126899863838983 -0.03271293586962619 -0.014973922754785119 -0.06502198987320129 -0.45606168834529287 0.2740047014120201 0.28581298838890784 0.03751666231161817 -0.1710416780246914 -0.41138012861635265
-0.0025964007819645938 -0.0006763130542751374 -0.056934297750031206 0.062264618963355084 0.10605625722196127 -0.013394381633141049 -0.04846887295855684 -0.05077993149045813 0.030349812648452046 -0.056935812300943876 -0.32136621415010264 0.3198946677216136 0.48471695016342725 0.14845786684807902 -0.27883584741889633 -0.6124929958240215
-0.0020134597080793478 -0.001391783060463352 -0.0869058136124686 0.0846271429587782 0.16482210678325548 -0.010903556715603968 -0.07648616340709298 -0.07490304970439843 0.053249975577291525 -0.0632202104316314 -0.3268009860953333 0.3178301353109982 0.473660719744201 0.05723150846843099 -0.16779204208418624 -1.0765400487422
-0.010740689335640622 -0.0016911563324141505 -0.1142107650415765 0.09528539737756052 0.14834492009788053 -0.01626429098014642 -0.03210355520625498 -0.07954094656545764 -0.0654618786327865 -0.06907082229796799 -0.46490368729396275 0.23837391515634215 -0.4662959322054295 0.12141892072439148 1.0317789432294133 -0.34196668396264396
-0.02476698916846517 -0.002027805429142813 -0.14311949433453672 0.11400544846902262 0.1735636897945818 -0.014593037891938518 -0.028993526429570267 -0.10042414814097818 0.05825811767917418 -0.03554750774226515 -0.1236270861769731 0.33816292177430723 0.41009898723322435 0.20230050957852908 -0.11005537015812164 -0.7289369064352343
-0.026827726914733247 -0.0025325469139961146 -0.1540268970210666 0.13125187536146304 0.15293875653031305 -0.01226127490037778 0.0018638933579918336 -0.12228386013049682 -0.05676070503661228 -0.02168582628446215 -0.17931140705047102 0.25825205210684665 -0.46819846159521245 0.09260331369517648 0.7157214839260614 -0.9460196789019596
-0.03803553011820033 -0.003189184528151645 -0.1836260663448369 0.138120789502975 0.18204143642414078 -0.008369934140138072 0.0025455972882636887 -0.13087059930656303 0.02013000232804715 -0.0032989074195847075 -0.15720194287339087 0.13005017691653276 0.3834259288373039 0.07614876032832177 -0.08259051831707204 -0.26753932932408486
-0.011520646558030001 -0.004017916075726366 -0.17247461758597832 0.1345042078282595 0.17577683864974272 0.012823213226636465 -0.004645474684006416 -0.14459979491523062 0.10253211895591285 0.006700018918982641 0.13305053484013968 -0.17862007120020373 0.4780072828511871 0.11266859600045202 -0.8291893934122295 -0.18720755143584955
-0.012249426676055766 -0.0034223351459030707 -0.16002245649301416 0.11487558157528355 0.13916083110865826 0.01604668998483241 0.020187614961859366 -0.12958958694962275 -0.08657117159758217 0.003942519239310267 -0.03618523710253457 -0.2812546007702654 -0.33288523647203894 0.1076459905154446 0.7113618824439498 0.09224918909656135
-0.016056575388640585 -0.00310828287564389 -0.14968744409178503 0.10177369152032702 0.09980313084820581 0.019008486859935798 0.04832877457006363 -0.11975883076006752 -0.016172361582614963 0.0026354056128192983 0.14398111682854664 -0.02972669059431786 -0.3653025823814011 -0.1594274339810971 -0.022623399930149987 0.19529270731129822
-0.018490539424367715 -0.0028156874262014156 -0.12818011555943226 0.08766359358475292 0.04361478979754364 0.0282363081913885 0.0820135852044915 -0.11458850240690394 -0.03176530282521233 0.0051747692043747325 0.18879178824163442 -0.18822566573023664 -0.5613180593291222 0.07002963005422977 0.5558700971215818 0.4117962770436632
-0.024305624947654876 -0.0023927087967815686 -0.11274712772394248 0.06984138644916749 0.010157073139026055 0.028329683305737496 0.1015174882939813 -0.0975610214476809 -0.09218902897001512 0.008639222416705769 0.22511573612635563 -0.32273662095115896 -0.09385609785095678 0.3144994978471511 -0.1279091123243678 1.3962586851480114
-0.035976181114339215 -0.0015087411358353506 -0.08876179296980825 0.038837298115381835 0.018322515806755285 0.02176987492406285 0.06889809582306786 -0.05932756896290118 -0.13300704059555898 0.005655237134917773 0.2746995077958388 -0.3089455024892498 0.023689112575649447 -0.03456418710724879 -0.33218284927903147 0.6437186420448961
-0.051599455132592086 -0.0010783247150498595 -0.06318450377581747 -0.0009311492114941024 -0.0033896609044901495 0.016544084848269216 0.06516647670841441 -0.0149459284598343 -0.16879421018491944 0.0009220599521287798 0.29806318042361013 -0.3400638554881359 -0.3605268426354836 -0.43137441977650764 0.1569820231257614 0.1912461888644635
-0.052024708805580966 -0.0008867582036941898 -0.03922888288691063 0.009739052041984738 -0.0014306143411498742 -0.002352811319946619 0.039213130957167996 -0.00715815882210951 0.11860415915569425 0.002651486110065717 0.34466317593205004 0.3783109212840305 -0.04735412117603859 -0.19595101497906914 -0.40872390527530833 -0.35719652267269747
-0.046510881235315084 -0.0008193393483699722 -0.021333892933129154 0.019628055940599413 -0.005011130096667079 0.006176417489946531 0.026191237377082153 -0.025604292967943053 0.034754266321327505 0.0017112405080919307 0.24590431209921781 0.174478565139371 -0.372778665702137 -0.2447610382161381 -0.03331882205473291 -0.035859798225940376
-0.05136266550460657 -0.0008412381945025925 -0.030532378889097246 -0.003141810072004783 -0.008793986450258216 0.022346711658128075 0.03744970231778311 -0.017815306900274056 -0.07721636161345853 -0.0016110124997209345 -0.14523919515373093 -0.2123384267090654 -0.102117261570926 -0.10313575824705709 0.48259457498111163 0.06457752255741421
-0.04812177574537081 -0.0008133780904946626 -0.01781254911439603 0.010508705737829265 -0.013084204893322503 0.010510634496737123 0.029734179336692767 -0.020353971490131725 0.07627341971044063 -0.0008340476296299689 0.17709643298789418 0.22583219349860895 0.10893459432288874 -0.1458739116318215 -0.1488565506352421 -0.4049454440341641
