0.0063586532183022085 -0.00044740467002931685 0.009069929002532609 0.025847179010706243 0.009526113993326089 -0.008981561960131586 -0.016994311145843644 -0.01907440915961541 0.09063036640432241 -0.06812980051200082 0.11899313524317758 0.3329016856569649 0.18315072228321283 -0.03387120630063209 0.2892171417310049 -0.509644089670497
0.005512471663712618 -0.000527092336155824 -0.022229384328703583 0.04377430862870546 0.05593168730608404 -0.012112194922522244 -0.03126899863838983 -0.03271293586962619 -0.014973922754785119 -0.06502198987320129 -0.45606168834529287 0.2740047014120201 0.28581298838890784 0.03751666231161817 -0.1710416780246914 -0.41138012861635265
-0.0025964007819645938 -0.0006763130542751374 -0.056934297750031206 0.062264618963355084 0.10605625722196127 -0.013394381633141049 -0.04846887295855684 -0.05077993149045813 0.030349812648452046 -0.056935812300943876 -0.32136621415010264 0.3198946677216136 0.48471695016342725 0.14845786684807902 -0.27883584741889633 -0.6124929958240215
-0.0020134597080793478 -0.001391783060463352 -0.0869058136124686 0.0846271429587782 0.16482210678325548 -0.010903556715603968 -0.07648616340709298 -0.07490304970439843 0.053249975577291525 -0.0632202104316314 -0.3268009860953333 0.3178301353109982 0.473660719744201 0.05723150846843099 -0.16779204208418624 -1.0765400487422
-0.004118743839806757 -0.0016734100765882348 -0.09020338213273653 0.10666928958824855 0.16167743182186872 -0.010717164301933793 -0.06987298006966858 -0.09461023570397088 0.02466097671814642 -0.049330877154385305 0.026451898530111286 0.3471281775880806 -0.06038976975132533 0.08667516325260839 0.6405862200091015 -0.59538720593821
-0.010535090345462017 -0.0021325439016787423 -0.11314349934062158 0.13111133054246146 0.17076124193974881 -0.008302525190556487 -0.055979280199967785 -0.10377237673034 -0.06461072175089122 0.05712207728839224 -0.20772747104005626 0.27926320546309286 0.013976292628750317 0.06583446829790524 -0.3187919892806548 0.978937960645482
-0.02153192499918018 -0.0025675813058977644 -0.13973903349563527 0.12465164214506708 0.18272715732388645 -0.0034374138909028947 -0.042715988915940355 -0.12633139971090035 -0.05391930215099053 0.06277715564752448 -0.1433590172605267 -0.03076404440586852 -0.0632820467674569 -0.06691327788606939 -0.0010379844795645465 -0.5537796857525792
-0.01693271474996351 -0.003877314362529149 -0.15855098246233182 0.14799103684487552 0.11007044134210692 -0.0008248148830414237 0.04828632761283749 -0.14675226994679372 -0.0008751626787325705 0.0035566817239966486 0.16789996381583594 -0.10514367118532186 -0.19032349049731317 0.10921661931350396 0.34218940895252076 0.028434132132398697
-0.021359482074489074 -0.003984074445967922 -0.15905003317166533 0.1371836659277689 0.07644452137807733 -0.004873276000945347 0.08288060248655975 -0.13303380742024448 -0.0500928777639828 0.003223369657648134 -0.0610069735187983 -0.15155393111277862 -0.09329348183262696 0.07700460950369967 0.4724224417412812 -0.2470088726326238
-0.028901161800602426 -0.0035850692429736024 -0.17777901989514852 0.10953141622147407 0.07542766049213115 0.011212514482033803 0.09874603334641126 -0.12044490873979595 -0.06267489122246125 0.01405664711399835 -0.06823940736091064 -0.11911491150509002 -0.1047184943568267 -0.2886678064681669 0.07733948914286948 0.11848660115295756
-0.036933221617714784 -0.0027715195360869848 -0.19163741331352988 0.086132368905797 0.07780742472318351 0.013099986681003779 0.09095394200945665 -0.09908776047035861 -0.08319183471416156 0.01331175666986947 -0.061534876078368224 -0.13339268387916903 -0.11249213740623673 -0.3980528794411938 -0.023196560827151824 0.23917843501720457
-0.03341268301001894 -0.003121573165267272 -0.16161660451899962 0.10180525745073467 0.07833408451982936 -0.000665475732938341 0.10095759146719208 -0.10156334442278381 0.09383294575555898 -0.010527880617284489 0.20423219056813005 0.12890923493211726 0.12307095084462966 0.49604804959357635 -1.1019089300901834 -0.20745311219304374
-0.03676790407548023 -0.0027158564731691224 -0.16214647441707192 0.07946527581068724 0.07710928199880741 0.02451408412617182 0.08152572139717743 -0.10294377304291731 -0.10551119099338592 0.002201489527401464 0.0555105197927549 -0.20380860664790154 -0.15935715328509698 -0.20466006092109268 0.5990116654839683 0.7523692198397022
-0.0363302716521606 -0.002648455667070034 -0.13526493327635228 0.09485611152347892 0.075378871616112 0.00017541803036807074 0.06020818687045451 -0.09470250777523255 0.08209636421518075 -0.010357228269977783 0.3239329528452055 0.33273500748705526 -0.2541261046398679 -0.28371852426877997 0.06977857098905 -0.444069951893493
-0.030734155898106495 -0.0026389861366736874 -0.11966147834225253 0.10093292826227854 0.0799513492925866 0.01661493540792013 0.039315829099966206 -0.11610648782644119 0.033742113412509066 0.0057927066544627 0.2115734831975177 0.07707100077518489 -0.21656390851968876 -0.06557692041700752 -0.15137008559891732 -0.31938656074165966
-0.027673082091446196 -0.0023422905391398447 -0.09864903882650221 0.10816511465494813 0.05216572819930509 0.004670176129773854 0.04612730958717678 -0.11261056054650388 0.03331185045521999 0.009655766982161994 0.11512675013465082 -0.06934648975509525 0.16008452841731732 0.09123798689777235 0.1120245174083261 -0.1341718407056405
-0.020806976415071923 -0.0018292846446613645 -0.08127603618652512 0.0935122511372969 0.05792292626391048 0.00431948059743586 0.023008383920178902 -0.09749657367346383 0.10235284858200283 0.012066432449159087 0.3394500439622978 -0.06194864686606934 -0.18693668019631132 -0.15726386947167253 0.09869399485051056 0.2591028476706678
-0.011674599341625088 -0.0013044274087793111 -0.04667768745393455 0.07719274610350617 0.047956336432364334 0.0040618466354080405 -0.0016341135169195878 -0.0806497390095617 0.09486656060345051 0.007326858095515801 0.4492223299370347 -0.0666092045629653 -0.4696509659292139 -0.1428154383663203 -0.17916143894902947 0.1574168558027891
-0.013493062011541965 -0.001358588230841318 -0.05917756795465837 0.07971375937928916 0.05869990626767648 -0.007979695286831548 0.001682912253011757 -0.07313462799626788 -0.07755447801967078 0.001062827018317339 -0.294559363489581 -0.08150762705921667 0.3680853827719075 0.03663785721340561 0.6618161974207659 0.03414106680608789
-0.01551382746172021 -0.001696785860832122 -0.07527950866577318 0.10685514880276117 0.07122726673021934 -0.006353582960957552 0.004238489928349957 -0.10119594028084147 -0.030723342953459014 0.00023331593680218118 -0.28545834773348266 0.3124876621282772 0.47073190291476424 0.20080558982622312 -0.2311964525689986 -0.6521208780487764
-0.019132907874107374 -0.001692781966967914 -0.06291166576233137 0.1072788766594695 0.02388583547625803 -0.0014521677489073438 0.038850920753474516 -0.09222691076439642 -0.041173572626023926 0.0017650638495100963 0.027242131049961146 -0.10497782225672814 -0.12173551154754508 0.15549326022884613 0.40100943681256235 -1.168733582199051
-0.014824610820297537 -0.0014320597979731384 -0.04720977084641901 0.10849338251408595 0.02306241245850285 0.00036131435280008884 0.0235096409790376 -0.10247139616977761 0.10377277903632688 0.003910786471129021 0.3615696451663256 0.07324652414139518 -0.3375624343450658 -0.16250968457443246 -0.8960314188660481 -0.5355883318186822
-0.005092322872305597 -0.0011703311302391384 -0.01034762265690103 0.08656205931348322 0.011928173963116052 -0.0002694348964387022 -0.001698267296408939 -0.08460495172046203 0.12127219348560965 -0.0004650880526982269 0.5289595188476115 -0.15140241827528017 -0.46150088518861854 -0.15998238217777924 -0.3359615568082937 -0.18658809188145367
-0.0022896075003086373 -0.0011142514481309318 -0.018005353681418437 0.06406950350928181 0.03552338583298639 0.003714591555407189 -0.017437178533333705 -0.06607972716889039 -0.039845617115312246 0.0017639084674866989 -0.29978391436377966 -0.19885485878909778 0.4528785055567716 0.1941280908236192 0.2752810199037473 -0.2681795952776361
-0.00835460212542927 -0.0010121708519390574 -0.04095477876398979 0.04663390881915591 0.03849603775663494 0.0024266113036723064 0.0023818976715081416 -0.049067486156844246 -0.07938913481472315 0.001346896803045074 -0.3474265947236054 -0.30432144151695695 0.3094851736385384 0.21789177944137839 0.2129890072364 0.15658166744128502
-0.00862546895005438 -0.0010077917830038307 -0.032056281976741645 0.05213960897703623 0.010837939605065794 -0.007823187814885762 0.022745811498902757 -0.04478751317081577 0.024906317329770306 -0.0005335094793202675 0.2220638633337069 0.12103337647644188 -0.45019910838533606 -0.11330561261335398 0.09302756875390505 0.18086723752681017
-0.004043129623672561 -0.0010398002133230324 -0.01734584381303115 0.05340456064261694 0.010791019757088353 0.012670777379075706 0.00661974925406281 -0.06447034789091653 0.05442477893968788 -0.0006481353570523596 0.24802709452006697 0.11585803734887036 -0.2754234713015453 -0.01929617750826406 -0.42675564581773145 -0.09710381748970734
-0.00392113948913302 -0.001040567113755626 -0.017861165190066204 0.05778053550787547 0.012247228713470304 0.003828067399592458 0.005745479424100612 -0.06158495885037431 -0.0035370280653712668 0.0001617363368914386 0.11447981741641433 0.10826393195471189 -0.3945767499002082 -0.31230014759388597 0.05997832180287834 0.18316471740071824
-0.0028038416482495288 -0.001046228665653169 -0.004765856279470386 0.06119269332193271 0.000838824694639796 0.0032634923013283596 0.0038799218133410422 -0.06399171146565424 0.025988738663952318 -0.00026784181275463497 0.26216563959849853 0.12590062981938122 -0.4653393365024793 -0.17514267498233493 -0.20091772892362464 -0.10697198201752327
-0.0030067268867242877 -0.001044695599387046 -0.005129857688297584 0.06201639620743674 0.00037840165945405614 0.0012023538928629806 0.004890311424742375 -0.06321304103218418 0.0034370058051968583 -0.0001388023048777084 0.12693767230471012 0.0979522706551275 -0.40122226620034274 -0.2433792112444344 0.0408203282854427 0.1580539612013941
-0.003639643305803883 -0.0010378114204387713 -0.005960179880650758 0.0611772922729224 -0.000919968933755058 0.0005340874041589575 0.007017326506999746 -0.06170898957883378 0.0035796637934209724 -0.0003437799453726392 0.12612464095675477 0.09755301594530238 -0.40180315369129144 -0.22977736725591638 0.046448345198762245 0.1358791804248207
-0.00426398122685705 -0.001036662916407512 -0.006997768926181433 0.06048935848546604 -0.00269705993728246 0.0005521266627764738 0.009830705293480282 -0.06103631350515099 0.0035209562204056876 -0.0003455482335157937 0.12324680509047867 0.09959957720665646 -0.4059704392912995 -0.2309702829646162 0.056295300548931684 0.13223120144623512
-0.0049036984918299125 -0.0010383538366878027 -0.008318523523305157 0.059935472189794975 -0.005104220103947708 0.0006102325247409719 0.013565297461315084 -0.060538851299688036 0.0032426671582184955 -0.0002512948767800152 0.12057524631626135 0.10120776294673534 -0.409527690945791 -0.23309912633863494 0.06484436331041207 0.12936706649210164
-0.005630179731045388 -0.0010427336950624524 -0.009770674542495814 0.05946764522919128 -0.007971923626563052 0.0006637387062259442 0.01788266715262436 -0.06012330849758493 0.0016139684320565846 -0.00024368144961622117 0.1182120309972627 0.10219140736634726 -0.41038840647892905 -0.23506487591542505 0.07461764300776243 0.12690185441600904
-0.006564271152118677 -0.00105195049415994 -0.01144011641300147 0.05903685382956464 -0.0114961184718151 0.0006514432193674223 0.02307211878173503 -0.05970292772862678 -0.0006350989164219356 -0.0003581473868186878 0.11504157677477674 0.1009816150742919 -0.41350840616571316 -0.23956794384463717 0.09275916330933744 0.12204542908164914
-0.007659032258798509 -0.0010644221682139976 -0.013205493763172886 0.05834878707061534 -0.015618082731896445 0.0005176217024541946 0.028971312021594173 -0.058916989942189954 -0.001600240131509112 -0.00047620383587087086 0.11459978906356849 0.10050405763645968 -0.41616295873236747 -0.24241664000095095 0.09169301485893679 0.12175056222928501
-0.008837310499462332 -0.0010807364667935612 -0.014931949435393463 0.057504836783042794 -0.020152211609407427 0.00043402112327621826 0.03530627470130363 -0.05795057208499633 -0.002333691954316736 -0.00048467735128959044 0.11431780992299742 0.09978074167751212 -0.40883336601076103 -0.24867968611365776 0.10489654095649918 0.13133548787301041
-0.010080622677003704 -0.001100451439943011 -0.016574167407829167 0.05659367357987002 -0.025036439123994322 0.0003991256438338781 0.041787888488735096 -0.057095549387400635 -0.0030077181156220197 -0.00045587827745540593 0.1109314916245505 0.10014391511499988 -0.3927794084351959 -0.2524866302407764 0.1259686666650186 0.15458055619727945
-0.011362526761049018 -0.0011246350098952993 -0.018119481333225416 0.05571217703771184 -0.030203654631200783 0.0004062906154912189 0.04858431623805113 -0.056243183771520745 -0.0033112094437272887 -0.0005289964793178521 0.11074711659159214 0.10187047971121611 -0.39895126745018733 -0.2696505409263828 0.11072815847860457 0.08056308271907608
-0.01032168648166025 -0.001144520295717713 -0.004188470820684969 0.05861178782167925 -0.044755553750807246 0.0023113841577100183 0.04884939737949481 -0.06067526821332444 0.025754826874354434 -0.0005987783217905352 0.27502523678454316 0.14331414735521336 -0.4720438269709262 -0.22722151752506073 -0.015228722011622398 0.08602827197958904
-0.010979212034092627 -0.001164044806212495 -0.004112277388020735 0.058819318948485015 -0.04926296937893021 0.0010692077181869229 0.053554801321497036 -0.060019882908687226 -0.004583079639505361 -0.0007256218119959528 0.11303079785483985 0.10211120750066704 -0.42187698561561027 -0.27941023714455093 0.11753245972662954 0.08418767551286647
-0.012439197495232234 -0.0011962558817274164 -0.005378723550350905 0.05782359041533338 -0.05590127592546951 0.0004097899577616973 0.061511206724771325 -0.058381921646031315 -0.004673383257432668 -0.0007593569696007841 0.11009309726841832 0.10152048410431688 -0.3821008325118797 -0.26691588080000717 0.17350585207311459 0.04921604135033142
-0.013809706002158209 -0.0012343689500965004 -0.006380653330710213 0.05700994140160012 -0.06238570672926394 0.0004876896038281041 0.06893262653598814 -0.05767010060080086 -0.0037415528876053967 -0.0007970535885549233 0.11175820950167553 0.10774222760966425 -0.39521480911486806 -0.28364507714265585 0.10537541835139581 -0.029073863112156144
-0.015097093147176678 -0.001277956183737265 -0.0071684954986892275 0.05661986478550207 -0.06863510775613135 0.0006939149188273552 0.07600351327608236 -0.05743729913607633 -0.003081113327767802 -0.0009117916748491279 0.10945219354399705 0.1121129579198534 -0.36360722278455526 -0.29477351546786146 0.14935698012078152 0.052920601497760886
-0.016306277790558606 -0.0013269155960960455 -0.007778078437961056 0.056724076356567836 -0.07461726139754943 0.0009375906150241005 0.0825949765765452 -0.057759328173793124 -0.0022759361076713554 -0.0009634377725119945 0.11196292115981758 0.1173772685571875 -0.3714306923585489 -0.3013012768423425 0.0970570973332808 0.08374161920709725
-0.017421956035120152 -0.0013791171411062712 -0.008195398121054895 0.05730022338182906 -0.08027178332371912 0.0011934597311783462 0.08864034769134496 -0.058529819724954434 -0.0012172471253989368 -0.0009368198869006733 0.11288498649493138 0.12483682302685666 -0.3588171340586017 -0.31283645426868595 0.07436080426696264 0.12901940977437748
-0.018434899914294974 -0.0014341828757052021 -0.008432539117607454 0.05835131679334312 -0.08560013223390911 0.0014501417877854038 0.09421508079953644 -0.059940602003207916 -0.0002851335228072978 -0.0009797492081857135 0.11022484675475089 0.13047091104240327 -0.33921447090703616 -0.3257333085780289 0.09107546895105437 -0.0034331268876009596
-0.019340522996639943 -0.001492962496913344 -0.008489524280133874 0.05984161189389476 -0.09059240178499146 0.0017130081129506749 0.09929736200436926 -0.06149871835914512 0.0008550793731908999 -0.0011024230026440783 0.11042770209854495 0.13759636789155377 -0.31798683847381015 -0.31229713417454297 0.1992276372457585 0.1088873773231894
-0.020154485507753617 -0.001555143984005189 -0.008387501328863697 0.06172077921652534 -0.09531435043611208 0.0019213092795950714 0.10383537098905743 -0.06379668520123195 0.0018206560196333441 -0.0010902463219658015 0.1144144440913822 0.1425690608718512 -0.33023093928470354 -0.32999950913706183 0.09092713677965229 -0.08513438578836513
-0.020893002150712683 -0.0016204259713177341 -0.008162014821553133 0.06393413074780908 -0.09988001078648796 0.002120994913753279 0.10820793290686852 -0.06603391257800308 0.0025127577118981125 -0.001106359856928837 0.1137002663282847 0.14544139261128183 -0.3168883126971436 -0.32093862468520507 0.11489365721740866 0.04798505836407018
-0.021568327330249333 -0.0016879179140147347 -0.007765998801632924 0.06637735934179305 -0.10424942585824483 0.002264876347139102 0.11217927206394912 -0.06881727701389466 0.0029241363429915227 -0.0012099521625104615 0.11712634025005252 0.14631795913116014 -0.3158975126539114 -0.3261511661794382 0.23458781176465157 -0.0057477647152863465
-0.022192642715829606 -0.0017589671686003637 -0.007257331892639656 0.06895058949880262 -0.10861076074956454 0.002371129051009784 0.11601111795948027 -0.07143971787582319 0.003352381314783003 -0.0013310533536940359 0.1148004420228591 0.1483162041670774 -0.32500464320140254 -0.3359707580204476 0.14560862355822013 -0.12024095457300235
-0.022769610447291165 -0.0018327203124232636 -0.006628412921709162 0.0716418386933442 -0.1129229687983922 0.0024703192408975835 0.11960993301214445 -0.0741063628294175 0.0038881856953229084 -0.0013055021628240746 0.11928208274390693 0.1496311693704307 -0.3288932419132447 -0.3211333407213547 0.09097324741346707 0.1255709748071545
-0.023333345427093963 -0.0019076141632116369 -0.005876737822748408 0.07439190141062117 -0.11727128963023387 0.0025333610228865954 0.12344092480767647 -0.07701246382949106 0.003819603267955815 -0.001246965519116015 0.118319683419132 0.14978452828102143 -0.3279156658360757 -0.32325889446466344 0.04544150135831479 0.0006382186385210098
-0.023881414009790814 -0.0019852188569493127 -0.0050543444759246535 0.077151825564703 -0.1217343826473403 0.0025548058537545743 0.1271680338209943 -0.07973306376324299 0.00363676845131185 -0.0013755165092075698 0.11108074576015109 0.14464578744521955 -0.2804549962783103 -0.3361354919853891 0.12856817737434936 -0.11604653168596676
-0.024404710630968426 -0.0020665080584260126 -0.004114824803479773 0.07990616004406255 -0.12624014535564346 0.0025802850979467686 0.13056278378359726 -0.08271206775853474 0.00411216733146054 -0.001493529675951731 0.11628250659424166 0.1456157233519724 -0.29869978509454015 -0.32286152875812524 0.12799504686560986 0.024924799420751598
-0.024900727674502115 -0.0021506812333181792 -0.0030747207587197814 0.08269166765481989 -0.1308390930014426 0.002655137159886383 0.13406636942689534 -0.08552717802565939 0.004079026927230044 -0.0014151219188852586 0.11541915123208267 0.14669005270005564 -0.2775017896836705 -0.322315190378206 0.1828039870815058 -0.03387765128543119
-0.025403660073133806 -0.002234769396649982 -0.001948406196351824 0.08543162651235121 -0.1355597479643318 0.002676271041885418 0.13780832069705848 -0.08831140043930481 0.004617993925224488 -0.0014885641652498253 0.12438923195932 0.1498686711182225 -0.3293186310216882 -0.3144884895550953 -0.0353195658039345 0.15598748886810934
-0.02588277940431195 -0.0023234123428697907 -0.0007450221057434264 0.08817988943307857 -0.1404263256847711 0.002687526915183176 0.14147975443521452 -0.09091940164033023 0.004234068817436465 -0.001617343253060045 0.11861345569831577 0.1429131438186545 -0.3194281777335643 -0.3403558714386695 0.2691787378968849 -0.04048760133158183
-0.03417828879311184 -0.002122822838793206 -0.031728028054727284 0.06939893516868106 -0.12515634182707258 0.0032453940892808687 0.1571682846999061 -0.07304006912311822 -0.09021578141434795 0.0031311045963283383 -0.31472876548711576 -0.07924264660060995 -0.07333829032390188 -0.44278125888820336 0.5229933385821856 -0.12602943449345083
-0.03987121275080924 -0.0018343918966848244 -0.03178175056273254 0.05664699933546814 -0.12339180912564761 0.006689535532020352 0.16117035782586175 -0.06316866917246917 -0.04516205807110304 -0.0021312216604874473 0.12349663673693055 0.004992724854315076 -0.1511817066004308 -0.4187610158703898 -0.11354066800082142 0.12023189829559063
-0.04685572763172885 -0.0014935157248974606 -0.048243192238440695 0.04215107036704458 -0.11758337655134592 0.005643460472578941 0.1813659336266348 -0.04763150428564653 -0.06363151963053008 -7.898849030739077e-5 -0.09902224697917004 -0.03400272530294055 -0.10935594599943103 -0.3890251343083227 0.05946194544907908 0.1428184446550231
-0.05592244052643009 -0.0012080184226434996 -0.050751127789012335 0.015913040574606144 -0.08382261355060831 0.009946446319175654 0.14118326565578004 -0.025337123910878282 -0.1146224859980196 0.006094839693499369 0.06915987672102274 -0.20391303997745155 0.22883777329951502 -0.42600413276321364 -1.6399050206480497 0.38190391471887647
-0.06247365195675652 -0.001157876477360219 -0.026471974656102796 0.009596538608089615 -0.08310248168524695 -0.00200770092161093 0.10030269926102395 -0.00756432326435481 -0.028707369493080764 0.003657073053044378 0.2853525865523889 0.08608164943420543 -0.21946740568766576 -0.395950622342962 0.07997591124248715 0.08035114687095204
-0.06668002498777549 -0.0011140661391001794 -0.012446487230140966 -0.004916634100964822 -0.09038683195473983 0.0046066148878004245 0.10053441877995814 0.0007383893196469581 -0.033641156915747816 0.002548224643648106 0.16451270557214087 -0.014643601755757137 -0.27094409060185215 -0.3531875213367025 2.151211755065818 -0.12320099380384365