0.0 0.0 0.0 0.0 0.0
0.02 0.00017663795872153402 0.0001766897404669193 -0.0003191509318944167 -0.0003189851562854694
0.04 -0.1442772878891042 -0.14420232281977363 0.2863947363972352 0.28642187031426297
0.06 -0.5048696752683235 -0.5045584880239684 1.121459161412604 1.1212952067909163
0.08 -0.9877291477487536 -0.9871049353877148 2.388228073045094 2.387369382132704
0.1 -1.5312998996010447 -1.5300500969452417 3.936264680309187 3.9344351933236688
0.12 -2.1135601614675736 -2.11131131229499 5.64629797857987 5.642403954842638
0.14 -2.728192530652992 -2.7243918180309885 7.432057761755676 7.424437083634527
0.16 -3.3740992161817256 -3.368032101995544 9.240470642572175 9.226729343343061
0.18 -4.0469451570412325 -4.037669607448874 11.035828964434335 11.013042014172715
0.2 -4.743488227642874 -4.730074228824716 12.801834573638605 12.766666181443295
0.22 -5.458276391856114 -5.439555806843474 14.535844700029067 14.484961270108137
0.24 -6.185624039107698 -6.1606584936088336 16.236559735987456 16.16658076417274
0.26 -6.918633422502925 -6.886328335972663 17.90676222923149 17.81472930851033
0.28 -7.652491326210558 -7.612156065920265 19.54795789455142 19.430974303308254
0.3 -8.381908033911639 -8.33279453917686 21.162632858209903 21.01843794832501
0.32 -9.104159339401841 -9.046005275016258 22.751164072188757 22.577527653088968
0.34 -9.81595039518061 -9.748498841663764 24.31419657659287 24.109671801316775
0.36 -10.516337684818259 -10.43980996663762 25.850858988500345 25.613975176193577
0.38 -11.203439749117173 -11.118054994743812 27.360654934392283 27.090811480270396
0.4 -11.877283859966385 -11.783674437920332 28.842200489489496 28.538723391679405
0.42 -12.536748250627545 -12.435473237225928 30.294755773936163 29.957823493847986
0.44 -13.182153829134318 -13.074125284874263 31.716846322696078 31.34656087436365
0.46 -13.81275080824436 -13.698714733297239 33.10800083495883 32.70522142529163
0.48 -14.428732708098824 -14.309823682748897 34.46658209468425 34.032312907204144
0.5 -15.029581256956213 -14.906657717828125 35.792554407856144 35.328534038900074
0.52 -15.61515660587594 -15.489627377779295 37.08380527737711 36.59230033232343
0.54 -16.185557720135037 -16.057886815615838 38.34155871536735 37.82358156190722
0.56 -16.74036094145371 -16.611484337834852 39.56367558376463 39.02058956906949
0.58 -17.279798912817775 -17.149737281336616 40.75151293999866 40.183392281494584
0.6 -17.803108541941 -17.672560665236766 41.90263293430835 41.31060367048601
0.62 -18.31055376783353 -18.17947691580114 43.01802610491927 42.40208992488107
0.64 -18.801323821200302 -18.67022534342918 44.095532221432684 43.45670335794249
0.66 -19.27559632893224 -19.144464660837592 45.13553046758561 44.47395266313922
0.68 -19.73266411985559 -19.601795976591124 46.13638155751701 45.45288450693422
0.7 -20.172519210164893 -20.041938905727243 47.097764531475235 46.39266484114234
0.72 -20.594627105456325 -20.464408892305794 48.01859143182121 47.29244476472966
0.74 -20.99878077712265 -20.868885906259038 48.898019435132355 48.15108242229937
0.76 -21.384573331584843 -21.254859839890987 49.73518883251848 48.96767945272464
0.78 -21.751565379656164 -21.622042112699283 50.52866777667548 49.741160643055466
0.8 -22.099322444318332 -21.970035238163454 51.27747338870804 50.47087201391198
0.82 -22.42726273604706 -22.29838584302881 51.98009417802123 51.15566155521342
0.84 -22.735000185560462 -22.60663762634576 52.635415147286004 51.794392550100675
0.86 -23.02197596544297 -22.894247378438145 53.242046188346386 52.385834123592595
0.88 -23.287711308536615 -23.16069073542552 53.79858247086352 52.92853944272038
0.9 -23.53170186000545 -23.405344583605334 54.303745050383284 53.421069078230424
0.92 -23.75333127390996 -23.627582610184618 54.75591971799814 53.861858218567
0.94 -23.952002628700765 -23.8267489553167 55.153548600538876 54.24931409583276
0.96 -24.127009187556773 -24.002131889263374 55.49485236815845 54.581739744228706
0.98 -24.277635612060752 -24.152990529804264 55.77796429962456 54.857297357525766
1.0 -24.403094082416768 -24.278511994125076 56.00090902158 55.074055991406404
1.02 -24.50252007225783 -24.377821867702337 56.1615004626896 55.22989933560621
1.04 -24.577708017868602 -24.45279310136767 56.26281101811663 55.32814550798646
1.06 -24.634740944995084 -24.509712112481274 56.318140781581235 55.38215286079476
1.08 -24.679530238278257 -24.554352704367325 56.3449209661329 55.40837086346537
1.1 -24.71472418686579 -24.589348287195985 56.3561006710629 55.41926304491536
1.12 -24.74170761431872 -24.6161756303628 56.35971927045856 55.42278046026692
1.14 -24.761715449842757 -24.635997228514388 56.36082689281968 55.42367744530099
1.16 -24.775747951316806 -24.649872104314042 56.3616674942444 55.4242959243689
1.18 -24.7848469565116 -24.658882153796718 56.36278022711233 55.425275176222065
1.2 -24.79018698716618 -24.664180231861348 56.3641993722599 55.42659915083054
1.22 -24.792760804662013 -24.666700856685544 56.365945327230385 55.42818757796113
1.24 -24.79388705951655 -24.66778407090162 56.368251604108984 55.430325075796965
1.26 -24.795196680211642 -24.669188897537452 56.37089663963562 55.43312564449568
1.28 -24.796611903803015 -24.67701048890704 56.37358560505552 55.449763593147864
1.3 -24.80189556831589 -24.71048164977179 56.382142368678934 55.51905397309888
1.32 -24.82181965598816 -24.79013611710692 56.41325965268429 55.675423691516414
1.34 -24.862432272647016 -24.93032270252593 56.47804546363577 55.927858417047034
1.36 -24.915420405395377 -25.171027701295596 56.57289802341371 56.252927544213115
1.38 -24.94679056771672 -25.53849008139162 56.671988518634734 56.69446132985674
1.4 -24.95124808311241 -26.01883340121596 56.76152155795753 57.29787756694159
1.42 -24.951307375476098 -26.593583837901335 56.85039504583675 58.02126108800904
1.44 -24.94792790874986 -27.24247624439379 56.93168010585535 58.828994415855206
1.46 -24.937189488291573 -27.961218976408222 56.984680831192335 59.68984720510103
1.48 -24.92362520245531 -28.737491683931694 57.01542088354033 60.56669995599997
1.5 -24.909239710172415 -29.557551302433787 57.03321594430659 61.428332916995224
1.52 -24.894089190567694 -30.409609408375783 57.04271128134324 62.24549207913051
1.54 -24.877802778481126 -31.27955228529747 57.049637090689465 62.99044669044208
1.56 -24.85845393309991 -32.153380780203676 57.05627329517019 63.639018008783076
1.58 -24.833293561815957 -33.017344175647246 57.06224039641411 64.17016184344504
1.6 -24.800392112229538 -33.85788002550801 57.06716686987542 64.56592900247573
1.62 -24.758892544750875 -34.66186410101441 57.07134384991792 64.81215036233333
1.64 -24.708289965630424 -35.41716638087705 57.07496113045419 64.90167901392853
1.66 -24.646248395892552 -36.116296332216706 57.07861548232927 64.88626978968664
1.68 -24.572721981333288 -36.737322102584514 57.082139425633486 64.73266250124466
1.7 -24.49352884783744 -37.27612343878335 57.085356241192656 64.37401567986466
1.72 -24.406366802758402 -37.725855950295085 57.08898098575785 63.82647555206475
1.74 -24.308512469693923 -38.08225416932316 57.0922492681691 63.11195230632715
1.76 -24.19829432364689 -38.342196170162566 57.09521699082049 62.249564772474095
1.78 -24.073470708268115 -38.50301881295447 57.09823899069457 61.26020992021311
1.8 -23.932583234654835 -38.569671568902216 57.10094701723222 60.169351522950784
1.82 -23.7769244723576 -38.564142130104784 57.1031621899381 59.01026557060111
1.84 -23.6025718186529 -38.501320426931045 57.102710070809664 57.7987042820465
1.86 -23.396568228055788 -38.35657187281649 57.09888837806163 56.5740431355762
1.88 -23.15386055136628 -38.12645554975035 57.09181613771069 55.37605699582481
1.9 -22.869855129894873 -37.82080155358354 57.07837971597158 54.25455086501307
1.92 -22.53815702584323 -37.45317187961736 57.04291685393512 53.25203961517921
1.94 -22.15366732893522 -37.035438245269305 56.98585052741779 52.40759608616705
1.96 -21.707565264255923 -36.54638309458776 56.873064571009834 51.841804605152554
1.98 -21.198348732446654 -36.05634895245219 56.69071740003467 51.478828929718965
2.0 -20.60657755725013 -35.55506381920104 56.43174017981194 51.38840131512608
2.02 -19.915444338561993 -35.08355259152857 56.09295532814118 51.534900162929596
2.04 -19.100541650762228 -34.61919629185976 55.70296063699447 51.90123724398056
2.06 -18.1413532515704 -34.09416366851298 55.28156863904814 52.41252910616481
2.08 -17.05764434024793 -33.48876342319115 54.838726649730546 53.001118954643374
2.1 -15.918656109700121 -32.82639731852535 54.40788532876961 53.60490831128131
2.12 -14.819992004443831 -32.15568473740423 54.02728549406122 54.16121208937575
2.14 -13.851799319025167 -31.52871101251963 53.73909238299534 54.628507076916065
2.16 -13.099435491153434 -30.99102457851557 53.592187005966295 54.98666563684845
2.18 -12.67567695856873 -30.551157332165843 53.56037319334532 55.26418468022695
2.2 -12.57902550865884 -30.149413265947484 53.73185451471012 55.50423709296115
2.22 -12.768362277014743 -29.725236073613004 54.20263782433548 55.72261966316198
2.24 -13.211635440752346 -29.27728184722597 55.032815025372436 55.945687470206465
2.26 -13.875465418120974 -28.814346696677102 56.12710922503997 56.160726704436875
2.28 -14.739006591915263 -28.353477109229527 57.38454502525472 56.36033701071985
2.3 -15.775938784072025 -27.910366206807407 58.72214442327576 56.54711987177021
2.32 -16.959563521898236 -27.49106997289766 60.07620066782497 56.713016029288504
2.34 -18.262031572644855 -27.100860112485226 61.39180022597631 56.85468108870137
2.36 -19.654657099040282 -26.743389935885077 62.62138736938541 56.973342586819044
2.38 -21.109960102085502 -26.41878561451576 63.725275261535096 57.06856437664919
2.4 -22.60129767968193 -26.125950570608644 64.6696063033721 57.14153595298596
2.42 -24.102748013246433 -25.862677920788716 65.42639697134749 57.19501714707919
2.44 -25.589664877160804 -25.625467391959834 65.97391133666551 57.23162551773453
2.46 -27.03870053035457 -25.41031976853074 66.2964234466057 57.25448064732084
2.48 -28.429949694027467 -25.213303322733633 66.39670481737468 57.26832026254361
2.5 -29.743968043899173 -25.027380288500648 66.3345943105774 57.27871408878744
2.52 -30.953568506928487 -24.848903589963506 66.0351136739882 57.28433645154874
2.54 -32.050869746932214 -24.677481718394315 65.4752406285594 57.287428553474356
2.56 -33.02255910452207 -24.506684440787154 64.68135898329837 57.290453200663215
2.58 -33.861378653611986 -24.330503459220996 63.68649239555541 57.29273740741997
2.6 -34.56189147361136 -24.144500003437823 62.52208628344357 57.294400052551715
2.62 -35.120692026326054 -23.944061828553053 61.22328890700088 57.29576796063904
2.64 -35.540572628971404 -23.724383223959638 59.83912204618167 57.29490577850211
2.66 -35.82257633103724 -23.483890294812927 58.42417302085193 57.28935440734776
2.68 -35.9549605719764 -23.222405602166535 57.10989306574431 57.269259583278256
2.7 -35.94936083593415 -22.954214075440635 56.000000835143474 57.18741886913371
2.72 -35.7789452305062 -22.707354626486023 55.30661821058976 56.97676777972776
2.74 -35.52617852573595 -22.52909967518216 54.79561075740627 56.63962040272084
2.76 -35.28950933972245 -22.33876017612301 54.26320878427478 56.21566737365118
2.78 -35.0122649745984 -22.04136934195055 53.73368314497621 55.6887630060713
2.8 -34.70021421593585 -21.648024603376765 53.370606644770724 55.17336725293475
2.82 -34.32708987858354 -21.101960038194548 53.268061333148424 54.726475336160995
2.84 -33.851120660437076 -20.365903913712497 53.36519997009802 54.28643091914721
2.86 -33.29191911089689 -19.464245069615284 53.684435539210725 53.8651795884739
2.88 -32.63773781804649 -18.414916959210267 54.156412139809184 53.47431181208923
2.9 -31.912450069007676 -17.291225473196988 54.68999839657131 53.125865603861506
2.92 -31.169826022286966 -16.19133612243147 55.204519120363926 52.84224404101749
2.94 -30.47161805056387 -15.214827947305771 55.64047496974785 52.6484342488603
2.96 -29.874554294659056 -14.434929773974199 55.97973249571456 52.57817544372601
2.98 -29.415609806855745 -13.908927286371116 56.2608869252883 52.70286761047331
3.0 -29.056830969331553 -13.686828579673401 56.48189443612504 53.09302603113745
3.02 -28.717587332883603 -13.736233887506687 56.58785744307172 53.83549835672207
3.04 -28.398173210552056 -14.012220701731076 56.630534245754134 54.87418774694238
3.06 -28.11562286049803 -14.540593091957682 56.6576708598836 56.10940486809965
3.08 -27.854030316758344 -15.30480637689112 56.67492584753852 57.463148993848
3.1 -27.60324836291704 -16.274844720509503 56.6944501661308 58.86537867874933
3.12 -27.353973923483878 -17.420645513607152 56.71804864413999 60.26089569385675
3.14 -27.10240196832991 -18.71019227478339 56.748146247325145 61.59867354784815
3.16 -26.84729682442625 -20.11144717188516 56.784878657451266 62.83448950734565
3.18 -26.58871319461785 -21.59297205806636 56.82474793584317 63.929843055159814
3.2 -26.328666877548088 -23.12399090883706 56.86424845830654 64.85187715650292
3.22 -26.07102910111459 -24.67498142743204 56.9022333770483 65.57463767067078
3.24 -25.821619407985146 -26.215819871807508 56.94500747523483 66.07599446163822
3.26 -25.581472573233555 -27.718514718695143 56.99298101578837 66.34096814516019
3.28 -25.348664834279706 -29.163384273584956 57.04114455731373 66.39138054632835
3.3 -25.119579573095507 -30.522288083945124 57.088622184752836 66.26785970646698
3.32 -24.895505319084332 -31.772771815091033 57.12390384706175 65.8695391268415
3.34 -24.67858598097234 -32.90339245837681 57.150625059026105 65.20615647323204
3.36 -24.464314010713643 -33.90041502945111 57.168121439521634 64.3082704171513
3.38 -24.249826139328956 -34.75530270781351 57.1777750319272 63.206889381305025
3.4 -24.031814029211436 -35.46123773710765 57.18351347830841 61.93461443847555
3.42 -23.805048647119015 -36.01631002237248 57.186898289829834 60.529088423171245
3.44 -23.5633055986382 -36.42362267027971 57.18709531948321 59.032605477755915
3.46 -23.300235771658862 -36.689781321350125 57.18385298472565 57.493743155135945
3.48 -23.00826895578111 -36.823408038071726 57.16978369203161 56.00046140270171
3.5 -22.688944585480545 -36.856064831029336 57.14320071521436 54.542998621974654
3.52 -22.330075742555515 -36.7666135144339 57.080140729325215 53.354659588745314
3.54 -21.93547993958521 -36.626407873435625 56.95411118336219 52.24169311383157
3.56 -21.475470010357316 -36.35763776748094 56.77417329220488 51.516925202557516
3.58 -20.9641559517473 -35.9990331667409 56.5239617629275 51.111867214377114
3.6 -20.380302035775763 -35.58313179056881 56.203591786415984 50.99698196962644
3.62 -19.69112568226243 -35.15002187857757 55.80637739686892 51.156325016168275
3.64 -18.8422449772195 -34.69267494894467 55.34893150982592 51.5324196033077
3.66 -17.80272024494368 -34.147785276185125 54.81133122039928 52.050735180883976
3.68 -16.624203380315272 -33.50596048244643 54.26500858939666 52.66573646525538
3.7 -15.369654854415305 -32.793314790655764 53.75126846829723 53.33216492657264
3.72 -14.139439746158146 -32.06121297727368 53.28979673967986 53.96568844444274
3.74 -13.046352016641952 -31.37391738075125 52.92551290269993 54.49859795279585
3.76 -12.181923609456629 -30.78778885365432 52.73112957396795 54.920440652056044
3.78 -11.598708755484184 -30.334569569454928 52.723418578340855 55.26903764004708
3.8 -11.365023558220964 -29.991390736547956 52.918987643794445 55.5630905748484
3.82 -11.48704116512315 -29.660917644908395 53.35916325545194 55.786792372141946
3.84 -11.89123969321268 -29.293504522425586 54.19655944401036 55.96719056269408
3.86 -12.546350557158796 -28.904467313414983 55.34273431541384 56.12860223309709
3.88 -13.428541611583112 -28.508696996106245 56.678437847523455 56.28055577625827
3.9 -14.51139644335419 -28.11475391655781 58.11154969634247 56.42303257918875
3.92 -15.765013242782938 -27.729970105215816 59.5671538635026 56.556977688048434
3.94 -17.157928796864127 -27.359569957694283 60.983247166676435 56.682528708904535
3.96 -18.65875030745126 -27.006637228320578 62.30797866580363 56.79783700499563
3.98 -20.236388894643113 -26.673382093905243 63.49718427956739 56.901624873988055
4.0 -21.860429483881934 -26.360919414035433 64.51382368429758 56.993018363356356
4.02 -23.50152599184854 -26.06923173758058 65.32771290186314 57.07121553729187
4.04 -25.131498920069344 -25.79750254631378 65.91523248792696 57.1360418145406
4.06 -26.72358188254615 -25.544143961914077 66.2594097274853 57.187845569981036
4.08 -28.255069181497678 -25.30699269520445 66.36419050407397 57.22797478166168
4.1 -29.702930238300112 -25.081096069439766 66.29006874723073 57.26085591425206
4.12 -31.038008115232586 -24.86348297286718 65.95283458351743 57.2802718439719
4.14 -32.250453712781535 -24.655241409350012 65.33714143482213 57.288707618684384
4.16 -33.325528836352845 -24.453078511945375 64.47310496293622 57.294818599532675
4.18 -34.253880072415264 -24.250220772583894 63.39367212706919 57.298455670471725
4.2 -35.028666247950746 -24.040909653585008 62.132303695788465 57.30103594663411
4.22 -35.647922806383 -23.818946531375914 60.72789317158634 57.30208018465965
4.24 -36.114757805407166 -23.578580675214607 59.22677670381259 57.30057892203397
4.26 -36.43187997537991 -23.31511728364246 57.708573963278624 57.29342309478704
4.28 -36.58126889413117 -23.027793387066207 56.30426208061408 57.261232821559446
4.3 -36.57522128475978 -22.73553414547531 55.15403895304531 57.152540471622586
4.32 -36.388386545630524 -22.478466229957444 54.45428495141518 56.89754455044766
4.34 -36.12833466758563 -22.29891279752141 53.89102253710449 56.50358200434652
4.36 -35.880250286162806 -22.09194306197386 53.27546951870782 56.006030446311186
4.38 -35.592852216457125 -21.772067600325656 52.68980627788462 55.41513201529701
4.4 -35.270260184133164 -21.342787110191903 52.33076028242281 54.861411415553064
4.42 -34.87402551138232 -20.72919342580222 52.261278881636244 54.36961661327791
4.44 -34.37990617871788 -19.903942818005177 52.44536762648071 53.87380697377779
4.46 -33.79227048630458 -18.887622738795347 52.88622090903083 53.3959783234068
4.48 -33.096724674204296 -17.699308620839908 53.490381499268 52.931716645177445
4.5 -32.3209895294532 -16.423245790753832 54.15219883004161 52.49125597340892
4.52 -31.52278373321752 -15.170650701517152 54.77728700153605 52.10254378117006
4.54 -30.773300438745324 -14.05271230313547 55.30027798026302 51.8059567534409
4.56 -30.134212176838002 -13.15363465376835 55.729600379409376 51.680147342757465
4.58 -29.635876023417662 -12.509093903543828 56.10676654361645 51.74916495974337
4.6 -29.251213784145047 -12.166704359826962 56.40062231060801 52.05888267261084
4.62 -28.90450014741517 -12.121554821581665 56.56034075689306 52.73605342238436
4.64 -28.575691939094455 -12.320574164966326 56.6191062403156 53.757142381797046
4.66 -28.289039672033173 -12.78585716703441 56.64543216760252 55.00993078669393
4.68 -28.029965771528328 -13.498937787119312 56.660270859023484 56.407489875226986
4.7 -27.783501983614347 -14.430227309745055 56.6751262607435 57.874768919625716
4.72 -27.538519212137825 -15.54912999260094 56.69488099561461 59.350354758616305
4.74 -27.288954614851374 -16.823412323203154 56.72156329056101 60.78066875308352
4.76 -27.03350158454551 -18.220186544029563 56.757453609127055 62.11845791162777
4.78 -26.771880887094795 -19.707220101546877 56.799557675090675 63.32356380969719
4.8 -26.50590393930142 -21.253054369399937 56.84355086413493 64.36129685207125
4.82 -26.23910690500319 -22.82747956029544 56.88566334486925 65.20396860150467
4.84 -25.977327781259206 -24.400924416777713 56.92778041611876 65.82968291418885
4.86 -25.726021633628385 -25.944153724599097 56.9759982293177 66.22148236200545
4.88 -25.484761439760334 -27.431761889771487 57.027803712112856 66.37319890937727
4.9 -25.25037277889719 -28.846595197848504 57.07843704433309 66.34319862287089
4.92 -25.020789078230123 -30.15641438470574 57.12303772483438 66.09550627231917
4.94 -24.798827585103616 -31.349926548659713 57.15480807675532 65.57578313780607
4.96 -24.583834869042104 -32.414089805806974 57.178200011243604 64.8107221778685
4.98 -24.3709647235384 -33.33916671541401 57.19134639648502 63.834012298997635
5.0 -24.157947945866514 -34.11868240439006 57.198442170625675 62.67916621082364
5.02 -23.940421742258078 -34.749013146977255 57.20290933606594 61.3829047174942
5.04 -23.712322658992615 -35.23158871331873 57.20507475012063 59.986253628224915
5.06 -23.46703954688182 -35.572095006058646 57.204008412112984 58.53479885493334
5.08 -23.19763088426217 -35.77903608792596 57.198498796905504 57.103225263026495
5.1 -22.897809379884745 -35.86131273147073 57.172202766993315 55.712834339997215
5.12 -22.568041212633954 -35.821665189384966 57.12399130612276 54.55807784454948
5.14 -22.22053782413557 -35.72544694945348 57.015967719207694 53.49581276553061
5.16 -21.818584972472507 -35.51110657001115 56.85226280440359 52.76634893911771
5.18 -21.374741286270506 -35.196809523276485 56.62977415283253 52.31350043578278
5.2 -20.867071635721555 -34.81465132050414 56.353198027404716 52.1257329469136
5.22 -20.26234371785602 -34.400363898967946 56.01363296622603 52.19439607011428
5.24 -19.520498328368074 -33.959110143347324 55.63454147723723 52.46150091987333
5.26 -18.604068444099966 -33.43867120316524 55.19318305570991 52.865898437258274
5.28 -17.560676411743252 -32.82851457458917 54.74320460293585 53.35450029603751
5.3 -16.453987088621385 -32.15438370690111 54.3390324942468 53.89251656517204
5.32 -15.370727533525056 -31.46465761248198 53.993793337055614 54.41065485796947
5.34 -14.410931275557566 -30.818972209695147 53.740185608222575 54.84945175113083
5.36 -13.65601701760054 -30.27134279331542 53.633821311312 55.19674760731511
5.38 -13.15562454559816 -29.851485778442278 53.69597519892299 55.484852187107464
5.4 -12.968873101601526 -29.542823827764146 53.931908334004994 55.735940593418
5.42 -13.106941667329954 -29.252155345731744 54.388249987112324 55.93437845682599
5.44 -13.523784166032678 -28.925685740491204 55.20464722358113 56.08726023905638
5.46 -14.17848306685916 -28.57573558052876 56.30175939890965 56.22201696313275
5.48 -15.045015281520445 -28.21759609605556 57.56810768120121 56.35275607708954
5.5 -16.09816126542605 -27.858440510203444 58.91785477235349 56.477893885168434
5.52 -17.309676909276376 -27.50516226564478 60.280786059531685 56.59732515223146
5.54 -18.649463941981132 -27.163268864088835 61.598567962632394 56.711504109585185
5.56 -20.087683946373247 -26.835762722752136 62.82281333259386 56.81787670655581
5.58 -21.59476811161509 -26.52499061340357 63.91222320328594 56.91456027549266
5.6 -23.141649645961397 -26.232393228779735 64.83210641351063 57.00047429762293
5.62 -24.700338606563374 -25.958198929266047 65.55433040007232 57.07444139757174
5.64 -26.244000948754273 -25.70186253132314 66.05695604662166 57.13596144427567
5.66 -27.747177620906676 -25.462081372405567 66.32434332885553 57.18518696407656
5.68 -29.190288408210996 -25.236836905915826 66.37692991286747 57.223985390299795
5.7 -30.545723858045648 -25.02064797333415 66.25626699157469 57.25579878745006
5.72 -31.791826599837876 -24.812756463683346 65.86119108480739 57.27203271821025
5.74 -32.91999676924488 -24.61347455110608 65.1993858942141 57.27980940260094
5.76 -33.91221728442951 -24.419179344127926 64.3049847270437 57.285847451978036
5.78 -34.7617422007145 -24.223072405849813 63.20678088578519 57.28936879873338
5.8 -35.46280768094718 -24.019560319483947 61.93646228091253 57.29221106494616
5.82 -36.01458586164019 -23.802576133441086 60.532206465848994 57.293592555297444
5.84 -36.42042985781295 -23.566363909748684 59.03992798799749 57.29227384979348
5.86 -36.68281131125763 -23.30662005267683 57.53393829643589 57.285081456843244
5.88 -36.79387232931298 -23.023907966212974 56.145720095061606 57.25328760690792
5.9 -36.7590834806102 -22.73336711537266 54.98902961858951 57.148387955611746
5.92 -36.54938946987249 -22.469869565764753 54.282717112981764 56.90351122522137
5.94 -36.27574603510711 -22.276662959597278 53.73478446704631 56.52038021943028
5.96 -36.01700050710563 -22.054888817013826 53.14573826268428 56.03218141867092
5.98 -35.71990779523159 -21.722089230429436 52.58813752181266 55.450347835321246
6.0 -35.3892647852111 -21.280224159668187 52.25274385189774 54.90290228674134
6.02 -34.98595506861017 -20.655986434412384 52.19877664934948 54.41283265490702
6.04 -34.48906478923586 -19.822962606170062 52.39613113157536 53.91467664675361
6.06 -33.90112752926332 -18.800768912319263 52.84580991521652 53.431617582329125
6.08 -33.207074488227676 -17.60921156137484 53.456317003776014 52.961621740440044
6.1 -32.43477643183897 -16.33252309775195 54.12329267249751 52.51699372669113
6.12 -31.641542260282964 -15.082324511999964 54.75308218914101 52.127198971928784
6.14 -30.895704906094146 -13.970494781486577 55.279844250061636 51.83104664361596
6.16 -30.261954027629322 -13.0849822763217 55.702842859831456 51.707129653171336
6.18 -29.77006213525683 -12.465901591086883 56.07001994526568 51.78515835694518
6.2 -29.381967156635657 -12.169772275937142 56.349375431470534 52.113063790732504
6.22 -29.018276099742565 -12.173182573280673 56.49420612386727 52.82592302313355
6.24 -28.673447667189585 -12.422482997960904 56.555573202822025 53.87795754551581
6.26 -28.36846751306009 -12.941462811837782 56.59097020293172 55.157102427833216
6.28 -28.08855780568433 -13.712429804901154 56.61299043751959 56.57751112931646
6.3 -27.82221101193204 -14.704123994800034 56.63567133635304 58.06251675192
6.32 -27.559109165445506 -15.8851132869404 56.662767143166285 59.55065948193603
6.34 -27.294131815221153 -17.222194333737498 56.696845385372825 60.987063619526225
6.36 -27.025290703028496 -18.681750999220586 56.73832552526491 62.32344950315807
6.38 -26.752109565132162 -20.23097801296034 56.78323517745147 63.518560737558595
6.4 -26.476685600156216 -21.837557653227865 56.82806513081121 64.53711120545891
6.42 -26.203289415407042 -23.470318992208313 56.871959973581745 65.35118203867837
6.44 -25.93821133146397 -25.09749519658124 56.92148935033896 65.93694569468525
6.46 -25.682640905914905 -26.689602429022536 56.97654999993961 66.27811277024253
6.48 -25.434951292082218 -28.22381170098104 57.030780991468895 66.380424172076
6.5 -25.1925768101046 -29.67612360748105 57.08416214794286 66.30429240380495
6.52 -24.955052408234334 -31.016592900272457 57.12676078099569 65.96279228784054
6.54 -24.725291409140222 -32.23470771034185 57.157715418569566 65.3430333201391
6.56 -24.50041667868108 -33.31531828319011 57.17943059526186 64.47532978816989
6.58 -24.276356217510628 -34.249026362384555 57.191076147145196 63.39284650878046
6.6 -24.05061394698077 -35.02869162953766 57.19781778012566 62.12958886666099
6.62 -23.817937724547583 -35.65136440054023 57.201949974649466 60.72418548311592
6.64 -23.57149153972067 -36.1195359602659 57.20227193367089 59.22004307375636
6.66 -23.305036726840154 -36.43979660417014 57.19920163416174 57.66595467603828
6.68 -23.00991768601888 -36.62175390479356 57.18567739748621 56.151523286797584
6.7 -22.684619543952273 -36.68368166143639 57.15448707323059 54.67754030171608
6.72 -22.324950866259414 -36.610984638790484 57.08726983225899 53.47871693654971
6.74 -21.936089692039175 -36.498948286897786 56.95573348988898 52.355900788309484
6.76 -21.48511393785717 -36.25513570639464 56.76782548778334 51.60977972810129
6.78 -20.98347394568953 -35.91370607662151 56.51530949103143 51.191324838947054
6.8 -20.408851907613787 -35.509055808138804 56.192484446814795 51.069760241433585
6.82 -19.728535318625855 -35.08104387731824 55.79557927137844 51.22246921266581
6.84 -18.88468692650262 -34.62526844837624 55.333606707141705 51.584305640157964
6.86 -17.850614955652674 -34.081457541319594 54.79267904922497 52.08847694355905
6.88 -16.67697858244524 -33.43939805232919 54.24881958942403 52.69448974951306
6.9 -15.425048223280747 -32.7251551052819 53.73853971753703 53.35539806627678
6.92 -14.195833028253642 -31.990810117186 53.2806678165506 53.985244328388546
6.94 -13.1031491643359 -31.301878979364236 52.921403185288916 54.5154957807211
6.96 -12.23736806752285 -30.713570685482026 52.731971284938666 54.937932046032465
6.98 -11.648404848311854 -30.25979384649561 52.72995441321519 55.28879726539931
7.0 -11.400453598092897 -29.922231958268984 52.93372944971069 55.586759908995354
7.02 -11.515116127656485 -29.604661570017985 53.372129671945856 55.81085375546084
7.04 -11.912360873963207 -29.250175428932263 54.20358052387652 55.987304927215625
7.06 -12.561692853862942 -28.87260825253641 55.3473195585981 56.140971637040856
7.08 -13.438900275281975 -28.4878293097362 56.68172022910636 56.285625755858554
7.1 -14.517609484025291 -28.103536149838984 58.11428396593259 56.42154053218438
7.12 -15.76803328766988 -27.72659304465935 59.56980371373362 56.549669591356796
7.14 -17.158542357244475 -27.36241869858152 60.9858272114975 56.6711252408659
7.16 -18.657654839811883 -27.014006963065075 62.31044692721633 56.784063608119865
7.18 -20.234240298591462 -26.683589480689765 63.499507179776735 56.88688868848051
7.2 -21.857748827230612 -26.37253198428443 64.51590789024814 56.978626200167525
7.22 -23.49871481559176 -26.08104544709386 65.32949119617072 57.05817694949192
7.24 -25.128863251816206 -25.808568841041897 65.91667267065894 57.12500501386307
7.26 -26.721319505213863 -25.553805900331405 66.26049397315538 57.179185263269375
7.28 -28.253298816539672 -25.31485101147035 66.36506661148952 57.22180704583016
7.3 -29.70168379252547 -25.086974610832787 66.29101602238762 57.257079604329036
7.32 -31.03723270112021 -24.86726285094926 65.95331358364176 57.278204124158165
7.34 -32.25014804695238 -24.657144329356125 65.33718983298327 57.287869410058356
7.36 -33.32566187906614 -24.453444972890956 64.47295964851082 57.29479773267416
7.38 -34.254293333410324 -24.249516575260973 63.39336853171438 57.29909155280656
7.4 -35.02921536399403 -24.039546186677647 62.1319373168829 57.30221989051493
7.42 -35.64854310186888 -23.817345277121948 60.72756970935312 57.30389165936565
7.44 -36.115299562090115 -23.576779188799783 59.226057515203195 57.302459030247654
7.46 -36.43245110072081 -23.313308904133315 57.70842871368168 57.295471289494714
7.48 -36.58155043643366 -23.02595085845995 56.30544521221597 57.26257503673132
7.5 -36.574849276962375 -22.734304121011256 55.156573845610154 57.15299025219144
7.52 -36.387677504235796 -22.478262871123803 54.45623466593978 56.897613114616625
7.54 -36.12769847408461 -22.299145248990854 53.8919747951854 56.50336701442765
7.56 -35.879537867594394 -22.092121698692363 53.275857536457224 56.00544992238716
7.58 -35.59208988814694 -21.77219248132446 52.690350230644064 55.41460093889927
7.6 -35.26933124037523 -21.34258284061683 52.33167113995784 54.86098008714467
7.62 -34.87287354657713 -20.72857090910192 52.26237712230781 54.36900550608848
7.64 -34.378550732127195 -19.902981423937728 52.44672288903706 53.87309333673182
7.66 -33.79062723160949 -18.886188406218828 52.887714833557894 53.39505326449672
7.68 -33.09482987285373 -17.69769880966615 53.491854052913176 52.93092063274466
7.7 -32.31924531512732 -16.4227085359326 54.15351096711291 52.49232119163447
7.72 -31.52222630095239 -15.173575035118338 54.77801675281607 52.108184590493565
7.74 -30.77570182099113 -14.062671989220153 55.29995534864183 51.8199402626807
7.76 -30.141769356515287 -13.173934841166034 55.72816151474215 51.703764386217244
7.78 -29.650068565892845 -12.547261999674829 56.10272291011318 51.790402554136115
7.8 -29.270090140451817 -12.233531711515239 56.39158087741761 52.12262613580808
7.82 -28.923768025127174 -12.222022489802248 56.54469440922493 52.82937821536904
7.84 -28.595203981246087 -12.460110180544312 56.600694466554074 53.87937672775537
7.86 -28.30811452045946 -12.969577478826329 56.62763472553168 55.15824916417537
7.88 -28.046813079470468 -13.731765221831665 56.64336617811455 56.57894497275571
7.9 -27.79696549188911 -14.716173113687178 56.65981027127987 58.064747617897275
7.92 -27.547544084911625 -15.89145352551585 56.68124262941563 59.5533932930039
7.94 -27.292842239861 -17.2244015846225 56.70974515309387 60.9900585460983
7.96 -27.031862625939834 -18.6811477632386 56.747809968342246 62.32648468276569
7.98 -26.764160234904853 -20.22844474464898 56.79178343362508 63.521533350991284
8.0 -26.491644187393696 -21.83382479610378 56.83711037692247 64.53968373507337
8.02 -26.218136119093547 -23.46606735660643 56.88034142371339 65.35289684975895
8.04 -25.950006294155447 -25.09406565168566 56.92500506362931 65.93839659281484
8.06 -25.691816883499506 -26.68754051648083 56.975971740254515 66.279316960253
8.08 -25.44270158753197 -28.222131599388117 57.02983294386995 66.3810074477222
8.1 -25.19859598218711 -29.674882711564372 57.0828354251713 66.30474776931332
8.12 -24.9595722458028 -31.015837503384518 57.125465064706795 65.96310672719183
8.14 -24.728595753485465 -32.23418615911585 57.157115847704105 65.34318702556709
8.16 -24.502560579137224 -33.315042559280556 57.17935364964228 64.47543707591184
8.18 -24.277473466069456 -34.24894648343645 57.191284321002115 63.39287726839325
8.2 -24.05085279576365 -35.02873329752957 57.197969167767425 62.12954965466506
8.22 -23.81760143137743 -35.651540214964626 57.20194704061163 60.7241458022684
8.24 -23.571006748013293 -36.119769692300295 57.20246212717581 59.220042564655486
8.26 -23.304505151529256 -36.4399553140249 57.19950726366181 57.66590201597432
8.28 -23.00940088387376 -36.622058856354556 57.187247643876645 56.146583563632355
8.3 -22.682582709236048 -36.68386460367676 57.15311897617552 54.67468497689167
8.32 -22.321594725761912 -36.6111965582761 57.086222366466245 53.47566806257268
8.34 -21.93423853187163 -36.4952704903228 56.95525863101614 52.359757107126455
8.36 -21.485422833379246 -36.2512158757396 56.76644313613467 51.61621833149113
8.38 -20.986207715691577 -35.91022874384304 56.51294471401855 51.19627343094376
8.4 -20.41352688145148 -35.506198052048916 56.191158545667264 51.07197168869262
8.42 -19.73371150582078 -35.07821466965996 55.79505902849373 51.223831465308784
8.44 -18.889967195407806 -34.62234253472655 55.33314137313365 51.585120560725436
8.46 -17.85627321488525 -34.07862441666045 54.792624169171305 52.08899004342802
8.48 -16.68272005812707 -33.43661499300471 54.24881764814499 52.69485943411561
8.5 -15.429705483670954 -32.721995083085204 53.73688360270444 53.355717468881636
8.52 -14.19699440340653 -31.98624910308308 53.27470676559119 53.98603318447995
8.54 -13.0971489864074 -31.29417562950756 52.9075375341724 54.51746917645358
8.56 -12.219419862528145 -30.70043015420781 52.70560026782798 54.94136852236489
8.58 -11.611452439109842 -30.239330840430856 52.68792604979928 55.29314576818882
8.6 -11.332907782577022 -29.897427241925765 52.8778019630171 55.59402376076472
8.62 -11.4204365536289 -29.583409415733854 53.29079437987134 55.821484012430766
8.64 -11.777863193308193 -29.23163790563951 54.08739240267517 56.000319735972845
8.66 -12.3811188333267 -28.85616964801068 55.202843633443656 56.15403991333554
8.68 -13.207808340517916 -28.474614922004385 56.51278224245139 56.29879743825528
8.7 -14.232488597733962 -28.093900839092218 57.92587534603526 56.433692149238816
8.72 -15.426159667397805 -27.72088288409288 59.36788522147462 56.559727899850614
8.74 -16.757808857431705 -27.3612949732508 60.77713248026355 56.67907567717653
8.76 -18.196865060656563 -27.017896925185617 62.102866109350835 56.789773984896804
8.78 -19.713188582906557 -26.692881863714483 63.3018502228201 56.89029059425505
8.8 -21.277211605041717 -26.387684207116326 64.33769312125453 56.9799692008889
8.82 -22.86056369021529 -26.102473709826292 65.18086613001725 57.05773293362852
8.84 -24.436098817229528 -25.83670623310131 65.80817126029586 57.12308202684724
8.86 -25.97804253504116 -25.589145618976463 66.2027833560298 57.17618382980938
8.88 -27.463023103157962 -25.35789348379353 66.35772410198318 57.217651853741756
8.9 -28.873455131974 -25.13952698944132 66.32960176096199 57.25126923716835
8.92 -30.17791927356815 -24.92909754999421 66.08563462516166 57.2751493187315
8.94 -31.365960842522476 -24.727735679528365 65.56968635771285 57.2855563509915
8.96 -32.424823356960125 -24.534218178383448 64.80804942680676 57.29243932516998
8.98 -33.34474180943414 -24.342247023840557 63.83424310814776 57.297184233853365
9.0 -34.11950361373978 -24.145979499743394 62.68140858918192 57.30029111258089
9.02 -34.74625678084179 -23.93977514126369 61.386150236545845 57.30235333716912
9.04 -35.22703824528787 -23.71790141729259 59.99041550075198 57.302312947610126
9.06 -35.56474614623873 -23.47533928164386 58.57442943848965 57.297790104301875
9.08 -35.738191842272634 -23.210976537770946 57.249789105158996 57.274023691858
9.1 -35.759028365948915 -22.946046686074673 56.155666209912354 57.18415818427934
9.12 -35.61343051364218 -22.71231067824015 55.45666968573066 56.96680071269138
9.14 -35.37568915069049 -22.548827726408184 54.92961037183578 56.622546720430975
9.16 -35.14981846575954 -22.373497587248877 54.37481394478479 56.191074880782004
9.18 -34.88324719412782 -22.089561915862706 53.82384457442583 55.65819903102515
9.2 -34.57958713245891 -21.707455236002364 53.44147925737238 55.13724308300819
9.22 -34.21361943695797 -21.171546085113064 53.32494502110924 54.68765434676208
9.24 -33.74172514702963 -20.443132331000484 53.41229786344779 54.249822600754385
9.26 -33.18302271792429 -19.546845183212145 53.72336533329142 53.83261771103967
9.28 -32.527772078336874 -18.501120990427392 54.189484920334245 53.44708779381883
9.3 -31.800099276081106 -17.37953813832329 54.71824081246812 53.103981471473
9.32 -31.05427161224487 -16.281049826294165 55.22830037989731 52.825642192111
9.34 -30.35338422241654 -15.305324896752818 55.65995042333622 52.63649152560051
9.36 -29.75699581149269 -14.523918364147796 56.0009138170202 52.570219389511855
9.38 -29.29935415782822 -13.990895098913208 56.289353956897756 52.701294117343515
9.4 -28.94823657111842 -13.752541230089465 56.5187458338102 53.096539460267074
9.42 -28.625398742057985 -13.786127592409937 56.633004125353466 53.834637179143805
9.44 -28.321597768234266 -14.050606365384136 56.67054014403195 54.873846880167754
9.46 -28.056650594433243 -14.56894138265975 56.69048389139778 56.10932115847997
9.48 -27.813184495709223 -15.324290420472183 56.70230646851201 57.463963571663434
9.5 -27.578128889506633 -16.287087233271404 56.71551410748838 58.867241573351336
9.52 -27.342003544146642 -17.42726050335861 56.733420205955845 60.263280819374465
9.54 -27.10043067691304 -18.71276434494337 56.75804576585204 61.601450474941586
9.56 -26.8529079445463 -20.11120565552797 56.79119548246026 62.837295361608895
9.58 -26.599646487175505 -21.590851462296197 56.82979172042578 63.93261943628785
9.6 -26.342581092879385 -23.120684003753855 56.869652160945414 64.85433885186491
9.62 -26.085201653802837 -24.67106675271581 56.907430334199645 65.57631714534523
9.64 -25.833248088274466 -26.21254462916954 56.946351593142545 66.07742320369628
9.66 -25.59074906591513 -27.716468572568548 56.99105347589358 66.34214059968404
9.68 -25.356540006644817 -29.161699556150953 57.03923018162802 66.39197859573231
9.7 -25.125740778553922 -30.521043430469668 57.086712430536494 66.26831038920605
9.72 -24.900125294545674 -31.772005605654353 57.12231989102069 65.86984783035982
9.74 -24.68191340571092 -32.90288081651572 57.14989562518872 65.20631391604269
9.76 -24.46642457097835 -33.900158079556505 57.168050799819504 64.3083781607832
9.78 -24.250851210009273 -34.75524276754074 57.178046372566094 63.206921640557695
9.8 -24.032065018807597 -35.46131333657425 57.184105044574444 61.93461941642376
9.82 -23.804813875076288 -36.016486161505966 57.18775566796395 60.5291194348877
9.84 -23.562731261609624 -36.423785112635116 57.18798301759873 59.032611266681286
9.86 -23.299574391693483 -36.68969899594842 57.18482514985314 57.49244876748802
9.88 -23.00720618240635 -36.824087096531784 57.17171506829273 55.996264164060406
9.9 -22.6864690299872 -36.855741851060586 57.14179345018823 54.54509429152329
9.92 -22.328413991394342 -36.76339681071763 57.07662342916156 53.364244676324915
9.94 -21.937668598775513 -36.61917378081295 56.94857751988298 52.25866643594446
9.96 -21.483054568738375 -36.34808518422778 56.76607940343104 51.535200869768985
9.98 -20.976853298159135 -35.98962224320919 56.515620646999935 51.12540355665692
10.0 -20.395619984793324 -35.574876001405315 56.19784224649746 51.003725760843096
10.02 -19.705963199962103 -35.140347674435304 55.80355869547958 51.162016143940725
10.04 -18.856090206154814 -34.6816860374335 55.34705289770298 51.53802113221329
10.06 -17.816245663633055 -34.13633049855814 54.81034573649009 52.056484766128705
10.08 -16.637336925713413 -33.494106174160876 54.26391502233911 52.67110999733524
10.1 -15.381692808522848 -32.7806731742009 53.74859217490027 53.33676560568476
10.12 -14.148072633467262 -32.04681009787159 53.283076624279985 53.97007395789302
10.14 -13.047898040678467 -31.356079473014162 52.91139558621055 54.503646600365016
10.16 -12.171339620814502 -30.76421956395372 52.70506930077846 54.92688250063972
10.18 -11.56789782503305 -30.303695218783158 52.68290620280814 55.276596375797425
10.2 -11.302133876627147 -29.95755921411597 52.86651914521055 55.57417889578229
10.22 -11.397006776591052 -29.632697219174847 53.279347988062206 55.80112231917645
10.24 -11.760263359838671 -29.269381278176073 54.08115969478802 55.9829268247506
10.26 -12.368315114850484 -28.883900674955242 55.198770442773366 56.14333927550937
10.28 -13.19911818715711 -28.492855605658946 56.509808990385274 56.294640722774645
10.3 -14.227290449622616 -28.103677848005244 57.923443465091296 56.435100641594275
10.32 -15.423664664631879 -27.723829807838214 59.365549893571455 56.566098591742865
10.34 -16.757338633208402 -27.358859537624475 60.77485332627103 56.68900715972901
10.36 -18.1978445064185 -27.011533620497307 62.100702866597004 56.801708646126016
10.38 -19.71506227144903 -26.684064159232243 63.299822792453924 56.90302246320442
10.4 -21.279529545259546 -26.377662849186198 64.33587505645527 56.99239471813748
10.42 -22.86298678743713 -26.092283755612556 65.1793199373739 57.06896935335704
10.44 -24.43836636480929 -25.8271689237773 65.80692155349571 57.132575266121854
10.46 -25.979984026076632 -25.5808284017749 66.20184304509867 57.18362011145891
10.48 -27.464545055636545 -25.35113499813422 66.35707232099641 57.22293672645429
10.5 -28.874534946889433 -25.134472872430866 66.32922657779513 57.254507256559265
10.52 -30.178561816019347 -24.925720798973625 66.08551426203191 57.27657902123584
10.54 -31.36622187209382 -24.725981886017607 65.56977425836706 57.28572399284749
10.56 -32.42476240772423 -24.533930790343152 64.80832193807915 57.29202413996076
10.58 -33.344388575539185 -24.343091388712615 63.83460916412924 57.296683798158064
10.6 -34.1189434866131 -24.147474650176356 62.681791217021484 57.2997850749627
10.62 -34.7456404281093 -23.941565253296112 61.38652564549062 57.30193305214854
10.64 -35.22646877235174 -23.719589699074685 59.990823934403124 57.30167934627674
10.66 -35.56420267242328 -23.47684939639576 58.57461038738595 57.29698687728456
10.68 -35.73817144342337 -23.212378967201992 57.248068070531296 57.27375271728936
10.7 -35.75961106478817 -22.946774539724643 56.15303330686128 57.184593195773516
10.72 -35.61419366528772 -22.712108713659536 55.45522251938369 56.96731711185041
10.74 -35.376413205810834 -22.54831368892972 54.929065963838376 56.623006940857685
10.76 -35.15067891394597 -22.373085738106333 54.37458013921262 56.19172292305952
10.78 -34.88417932086656 -22.089259713452858 53.82341572397496 55.65876613493896
10.8 -34.58068143874299 -21.70746800214119 53.4407532385192 55.13774638262496
10.82 -34.21493474519568 -21.171941223147574 53.32402110957583 54.68828650352881
10.84 -33.7432729373121 -20.443891023658725 53.41112455474653 54.250510488804615
10.86 -33.184882006719896 -19.5480862499495 53.72203011381385 53.83348369902007
10.88 -32.52991355045423 -18.502571466848117 54.18808738062788 53.44776949501668
10.9 -31.80213311467492 -17.38005377208218 54.71691117647407 53.10291018232598
10.92 -31.055183638019653 -16.27837344240604 55.22747404480742 52.82041518599226
10.94 -30.351445628809856 -15.296044496027035 55.660264112515854 52.62378411557175
10.96 -29.750103245952577 -14.505719472849162 56.002914446960816 52.55155670518821
10.98 -29.285685665817237 -13.956492930826599 56.29519811752685 52.66940677336317
11.0 -28.92982583558538 -13.690452986399718 56.530884908496645 53.040433752154904
11.02 -28.60544646153601 -13.691053062967862 56.6514388354314 53.751277491438884
11.04 -28.300361060124114 -13.917164581644824 56.69040887250366 54.765102104014865
11.06 -28.035748951981596 -14.391872361333485 56.709502073107494 55.97759992382372
11.08 -27.794559680439523 -15.098826306478017 56.71997729963221 57.312473358538234
11.1 -27.56333384030297 -16.009227026255545 56.73169998011392 58.700422939043825
11.12 -27.33202217700195 -17.09378215192424 56.74793774330613 60.08640473294504
11.14 -27.095787820665826 -18.321517106977545 56.77033033584479 61.42097304318846
11.16 -26.854049882585688 -19.660945292585396 56.80098223161459 62.66065654404341
11.18 -26.607152570742347 -21.08128571044673 56.83756614918174 63.76821735996598
11.2 -26.356867816672505 -22.552525615968776 56.876075753057464 64.71135331866051
11.22 -26.106357039140956 -24.046030078660372 56.912767568843876 65.464249927142
11.24 -25.860826943061863 -25.533872425116034 56.94918609570554 66.00662447073823
11.26 -25.625210604535777 -26.9884200889028 56.99116910623014 66.3228419534078
11.28 -25.398943191833677 -28.38716852362372 57.03708022938868 66.4177060940746
11.3 -25.17766917221422 -29.710201848629364 57.08299860860313 66.35187124348867
11.32 -24.961047272486795 -30.929538018336693 57.12023932294778 66.04534485084518
11.34 -24.751982561552484 -32.03598050694562 57.14771587339556 65.47865784395373
11.36 -24.547678944422145 -33.01644823875764 57.167382547364504 64.68057633381824
11.38 -24.344071195182792 -33.86254161828466 57.17802561503626 63.68245240514555
11.4 -24.138965946972572 -34.567870353304826 57.18454534848073 62.51603413694446
11.42 -23.927496515246762 -35.12977861947414 57.188752646460536 61.2169566029315
11.44 -23.704028885141835 -35.55037674852521 57.19089159917501 59.82503490090046
11.46 -23.462188708023014 -35.83534830571987 57.18993851768033 58.38449170602602
11.48 -23.19539684126989 -35.993109125399336 57.18449037147724 56.970417336659736
11.5 -22.900004691859817 -36.042138588692 57.159324376297334 55.59799284221267
11.52 -22.570737721098173 -35.970235643580146 57.11178764424736 54.459324993993725
11.54 -22.22213846555654 -35.84228395893596 57.00538149423226 53.41156393440665
11.56 -21.81764451429191 -35.602685599370915 56.846179938531144 52.69857945625544
11.58 -21.369567381685275 -35.2720234863093 56.62614495619261 52.25008874968789
11.6 -20.85506546612237 -34.878939887210834 56.35378393406687 52.06723849160617
11.62 -20.241058501801835 -34.457853483298216 56.01677624391619 52.139654465698584
11.64 -19.49258172038972 -34.01257123646724 55.641553838605404 52.418640809535475
11.66 -18.571021251462824 -33.490195931347806 55.2062194119975 52.83657983163065
11.68 -17.52187719315888 -32.87906060183173 54.75537653238641 53.33439328699758
11.7 -16.41201959280112 -32.2052696708299 54.34815001838124 53.876867469812936
11.72 -15.327666914166311 -31.51678774254776 54.00002122703852 54.39725590893746
11.74 -14.367607806696759 -30.872370551876674 53.74331195753402 54.83759157759657
11.76 -13.613624602218419 -30.326006187992903 53.63432311389758 55.18463884549704
11.78 -13.117126056733037 -29.90664677555325 53.692164306498206 55.47155896807473
11.8 -12.939490151083037 -29.593522813339337 53.919996415330345 55.719897068562766
11.82 -13.083787112464693 -29.293084166916543 54.378687133860716 55.917173747685595
11.84 -13.506596292865947 -28.95735487782861 55.19906392866629 56.07297627842029
11.86 -14.165995289811276 -28.598943024336915 56.29804616301365 56.21325814777109
11.88 -15.036539118725145 -28.232672911696028 57.5654798495257 56.34910290215902
11.9 -16.0929325713803 -27.866522055641045 58.91564451856435 56.47913218725162
11.92 -17.306933625287712 -27.507508893641916 60.27868671960859 56.602804804585396
11.94 -18.64861238614287 -27.161045714750273 61.596580393837655 56.71987417365838
11.96 -20.088165090250172 -26.830269381344817 62.8209273257806 56.82796239153784
11.98 -21.596078101895795 -26.517452379022558 63.91046787444322 56.92532343792654
12.0 -23.143400557035275 -26.22385260399753 64.83055023322169 57.01093959814929
12.02 -24.702222492212627 -25.949544502109816 65.55301102942433 57.0838953910781
12.04 -26.245786451213718 -25.69378187373897 66.05589563542544 57.14393638750052
12.06 -27.748717386789675 -25.4550475735042 66.32355248846483 57.19141224406333
12.08 -29.191455540369365 -25.231135576633093 66.37607963115593 57.22837802216207
12.1 -30.54658935238636 -25.01641405898477 66.25546803550029 57.25845288573239
12.12 -31.792344227376784 -24.81008812176806 65.86081784807139 57.27356106663286
12.14 -32.91801140106388 -24.612792242167025 65.20100691894939 57.28103574619598
12.16 -33.909961587909436 -24.41973155400582 64.30642007450359 57.28677960193648
12.18 -34.75981475787559 -24.22437763583888 63.20775964398331 57.290284413376405
12.2 -35.46128859463047 -24.02106297500446 61.937141638762185 57.292769173236586
12.22 -36.01337018180222 -23.804015858184997 60.532626069038066 57.29385418577859
12.24 -36.419535220658446 -23.567585879829537 59.040591849762286 57.29225497048527
12.26 -36.68211739835891 -23.307695395806164 57.533983564545224 57.2848903524093
12.28 -36.79345463710253 -23.02488837826766 56.14542845991767 57.25315784958434
12.3 -36.759038402712214 -22.734031139300523 54.98786784141428 57.148616581450916
12.32 -36.549486144313725 -22.470075869637466 54.282118633024304 56.903780095381116
12.34 -36.2758677066986 -22.276769375691778 53.734601792049716 56.52062560930907
12.36 -36.017230241867885 -22.05511136468556 53.14562099607908 56.032521428734526
12.38 -35.72021964340835 -21.722453925561535 52.58776777971564 55.45062137398568
12.4 -35.38972766784886 -21.280890498553635 52.25209915515814 54.90318305644586
12.42 -34.98660822210357 -20.656999675415722 52.19791517894905 54.413251060525845
12.44 -34.489934895312224 -19.824343478770057 52.39503432908204 53.915214359498385
12.46 -33.90228109807779 -18.802624016308044 52.844557408443876 53.43240742512804
12.48 -33.20847921635641 -17.611264955684216 53.4549815002584 52.96225222592259
12.5 -32.43603620978098 -16.333582679948567 54.12202088766199 52.51580310581419
12.52 -31.64161857355098 -15.079984319777255 54.75234290791805 52.121513227119415
12.54 -30.892795363626096 -13.961121356001552 55.28026000251125 51.817097263954786
12.56 -30.253848527673053 -13.064741489963396 55.704460949296106 51.682170560154454
12.58 -29.755320698783592 -12.427410226454688 56.07376223233482 51.742874488086954
12.6 -29.36334660722213 -12.102531890231946 56.35842667804659 52.04772655722403
12.62 -28.99952372005562 -12.072398973232076 56.50989346486995 52.73131203211159
12.64 -28.65428487720957 -12.282781690887623 56.57328079258251 53.75521478728421
12.66 -28.34988072340911 -12.757521029610743 56.60821679207155 55.00838515651759
12.68 -28.072112601446374 -13.47943134398598 56.62922020005786 56.40587491844862
12.7 -27.809069831152197 -14.418062985821846 56.65023890514804 57.87241808382955
12.72 -27.550333418612116 -15.542723549129075 56.67566725039267 59.347527585753696
12.74 -27.290245610023973 -16.821210374745352 56.70750481922228 60.77757526492932
12.76 -27.026975301688267 -18.220867319307988 56.74686664553151 62.115318354572466
12.78 -26.759936224743424 -19.709822538289888 56.790123334698464 63.32051572120563
12.8 -26.49098060686731 -21.256795457419706 56.83363404473705 64.35852895005632
12.82 -26.223985060417423 -22.831885451739677 56.87563921102408 65.20221945259428
12.84 -25.96538716489449 -24.404543060149926 56.92258751904794 65.82817137945403
12.86 -25.716978198920216 -25.946292294520518 56.97544498177827 66.22019364641186
12.88 -25.47722214612294 -27.433464155789462 57.027926321133364 66.37264240236155
12.9 -25.244568293093927 -28.84785605564691 57.07917942688819 66.34328326214367
12.92 -25.016472205512997 -30.15714148999009 57.123949767936956 66.0955708093761
12.94 -24.795687174231947 -31.35042859829359 57.15515354065045 65.57586001687125
12.96 -24.581806561651973 -32.414354031240656 57.17813508538824 64.81076014242628
12.98 -24.369830917714538 -33.339238129774195 57.190878538781824 63.83406936458018
13.0 -24.157601994613444 -34.11864345654051 57.197848651820784 62.6792617810236
13.02 -23.940659518336876 -34.748876091890395 57.20239259706325 61.38301677585857
13.04 -23.712988724838898 -35.23137885048932 57.204928945357906 59.986378082920275
13.06 -23.467797632690058 -35.571867474256884 57.204017734508724 58.5349173035065
13.08 -23.198361310496466 -35.77863994684613 57.19839799295495 57.10574408437826
13.1 -22.898876897881415 -35.86117680861596 57.17236068615175 55.71230381425027
13.12 -22.56945885065212 -35.81905518637851 57.123970646090605 54.56324881871627
13.14 -22.222273636780482 -35.72522132612943 57.01586030462418 53.49519802062491
13.16 -21.81980719079576 -35.51075770096503 56.852659727904154 52.76482910923706
13.18 -21.375231092792497 -35.19666077193869 56.630551136154985 52.312619624928104
13.2 -20.866920937328015 -34.81447520353285 56.35381994300835 52.12547185930829
13.22 -20.26203760449087 -34.400111059298986 56.0139422883245 52.194596917712964
13.24 -19.52019716850848 -33.959047879889205 55.63462623888099 52.46171896168872
13.26 -18.60384641930097 -33.438681866714 55.193101355486604 52.865964760634654
13.28 -17.560580149571418 -32.828579526429806 54.74315959941045 53.35446554661112
13.3 -16.453977994710748 -32.15448674805202 54.339061122150085 53.892443684274674
13.32 -15.37077331188113 -31.464785095787878 53.99388913102769 54.41057839385797
13.34 -14.41099253647244 -30.81909964742311 53.74032856288964 54.84939014057322
13.36 -13.656052253455375 -30.271445742350682 53.63396549951316 55.19669332356844
13.38 -13.155655608051266 -29.851540455278965 53.696133977678215 55.48479284039438
13.4 -12.9688873149937 -29.54281213120584 53.932022728187036 55.73591793340361
13.42 -13.106942538061245 -29.252079781909 54.388384340637785 55.93443112423613
13.44 -13.523798702723122 -28.925579896611026 55.20471284722829 56.08736351626108
13.46 -14.178511498593826 -28.575621794125922 56.301775218603 56.22214995904077
13.48 -15.045052329240159 -28.21748014578085 57.56810517795421 56.35287730284226
13.5 -16.098199249556604 -27.858337513180786 58.917847093362795 56.477987207346914
13.52 -17.309708602167653 -27.505086076695804 60.280778363808274 56.59738846791483
13.54 -18.64948739699867 -27.163223774807683 61.598564790504 56.711528870573474
13.56 -20.08769902721569 -26.835751128967573 62.82281544042641 56.81786122924123
13.58 -21.594774581860424 -26.525012804194322 63.912229316576784 56.91451121942315
13.6 -23.141648878091942 -26.232444942807398 64.83211588080785 57.0003979623258
13.62 -24.700332663882108 -25.958274111141918 65.55434206919819 57.0743455206785
13.64 -26.243991606241888 -25.701954398393685 66.05696843569066 57.13585567026097
13.66 -27.747166817000323 -25.46218231843167 66.32435535414635 57.185079758487326
13.68 -29.190272947599613 -25.2369371815129 66.3769834436893 57.22388597225497
13.7 -30.54571528173027 -25.02074779796659 66.25625797749032 57.25570466600351
13.72 -31.791822818795296 -24.812849460006383 65.8611819773571 57.27195872011864
13.74 -32.91781790714594 -24.61396235361196 65.20097699937816 57.27973337544511
13.76 -33.91013530534415 -24.419765658515033 64.30627145666476 57.28570874723975
13.78 -34.76023845517256 -24.22359658274747 63.20749618026038 57.28914125535751
13.8 -35.461758785614784 -24.019976347823654 61.93685066573163 57.291964057669574
13.82 -36.01386907674054 -23.80286676436833 60.53239702078574 57.29337167641179
13.84 -36.4199370136416 -23.566384778825928 59.03990252519331 57.291710892043056
13.86 -36.68254265269086 -23.30657646531647 57.53386906483454 57.28452500232821
13.88 -36.793854787973686 -23.023862968822847 56.14537200000703 57.2528829592665
13.9 -36.759114906021665 -22.73331006694524 54.98866873713756 57.148134935045775
13.92 -36.54953766266683 -22.469824723964088 54.28217283474853 56.90334468569005
13.94 -36.27594539444831 -22.27669802977469 53.73421691652958 56.52032215549272
13.96 -36.017291042232316 -22.05510308722015 53.145174737727395 56.0322649972592
13.98 -35.72030595416814 -21.722503001075225 52.5874924088157 55.450545697678656
14.0 -35.38979698589543 -21.28088334354428 52.25192469917894 54.903164820813856
14.02 -34.98667073101816 -20.656975424841356 52.19779112223464 54.413231014624984
14.04 -34.49000247980388 -19.824322312972203 52.394988767338745 53.91525690780316
14.06 -33.902342784689594 -18.80257196984358 52.84453394048864 53.43243524413857
14.08 -33.20854285039061 -17.611216316124654 53.45495960958709 52.9622698910392
14.1 -32.436105829439796 -16.333538870255186 54.122014013221616 52.51583321335774
14.12 -31.64169126300189 -15.079939091891038 54.75234488028127 52.12154322147945
14.14 -30.89286817581678 -13.961074228713393 55.280266846388216 51.817122394527956
14.16 -30.25392020161847 -13.064695208887064 55.70446091071255 51.6821855781798
14.18 -29.755391823759556 -12.427369034815644 56.073751703145916 51.742880252990446
14.2 -29.363413595465264 -12.102501094494512 56.35840650008442 52.04772740364848
14.22 -28.9995815886936 -12.072376502239917 56.50986591449281 52.73131502969595
14.24 -28.654334275274046 -12.28276503187216 56.57325490220728 53.75521799803525
14.26 -28.349921003663273 -12.75750900143792 56.608196461038936 55.00838788260308
14.28 -28.072142887901443 -13.479423473656066 56.62920511752369 56.40587700775063
14.3 -27.809090475765014 -14.418058648987095 56.65022863933454 57.87241918646775
14.32 -27.550345257595037 -15.542722174241955 56.675660422088185 59.347527881669784
14.34 -27.29025012630876 -16.821211280444132 56.707500233373885 60.77757487764612
14.36 -27.026974206585606 -18.22086984077267 56.74686314734478 62.1153175233198
14.38 -26.759931295497143 -19.709826053342898 56.7901200027057 63.320514654033
14.4 -26.490973625373776 -21.256799496402405 56.83363048312088 64.35852800441091
14.42 -26.223978016243667 -22.831889430367763 56.875636692203315 65.20221869916722
14.44 -25.965381356277163 -24.404546355359756 56.92258751944245 65.82817068907069
14.46 -25.716973430641534 -25.946294802535423 56.97544658738436 66.22019306942299
14.48 -25.477218085860788 -27.43346626116397 57.02792795122309 66.37264206234313
14.5 -25.24456512380115 -28.84785773568785 57.07918098620131 66.34328295326846
14.52 -25.016469859643806 -30.15714276831262 57.12395100064431 66.09557056361956
14.54 -24.795685561514457 -31.350429586513833 57.15515420375735 65.57585984253495
14.56 -24.581805646315594 -32.41435474807717 57.178135275266875 64.81075999779787
14.58 -24.369830584186005 -33.33923862396004 57.19087831357156 63.83406925455226
14.6 -24.157602122219217 -34.118643787206885 57.197848106686706 62.67926169274233
14.62 -23.94065998522327 -34.74887629726258 57.202391869667615 61.38301669518587
14.64 -23.712989398792974 -35.231378976361746 57.20492813136226 59.98637800702268
14.66 -23.467798401241367 -35.57186755825307 57.20401691947808 58.53491722774876
14.68 -23.198361971062695 -35.778639819696735 57.19839651373158 57.10574719522086
14.7 -22.898878448606276 -35.86117686056884 57.1723603554972 55.712303616082316
14.72 -22.569460925465442 -35.819051131151156 57.12396981026105 54.56325668017
14.74 -22.22227657455492 -35.72522064159576 57.015859399603514 53.49519841065816
14.76 -21.819809689066627 -35.510756923253005 56.85265934578885 52.76482778242189
14.78 -21.375232929706137 -35.196663978240366 56.63055177807245 52.31260769289792
14.8 -20.86691666814545 -34.814491373111416 56.35382480104001 52.12544748333202
14.82 -20.26202644087161 -34.400124600704714 56.01394926787921 52.19458679401063
14.84 -19.520183782840697 -33.959061720571 55.63463490346891 52.461715830012366
14.86 -18.603831394807496 -33.438695864958845 55.193108754332144 52.865964089592
14.88 -17.560565052738326 -32.82859408352161 54.743164420479495 53.35446408989764
14.9 -16.45396376220531 -32.15450223490952 54.339064861681535 53.89244141364656
14.92 -15.370759791555859 -31.464801478340984 53.99389225255422 54.41057595803211
14.94 -14.410979298163484 -30.819116566692934 53.74033086414257 54.849388032786734
14.96 -13.656039303050479 -30.271463115925645 53.63396659532716 55.196690891932114
14.98 -13.155643831369666 -29.8515579351384 53.696133509148915 55.48478951271178
15.0 -12.968879049218403 -29.542828371035494 53.93201964835843 55.735913166945465
15.02 -13.106937039135214 -29.252093236589584 54.388381612175436 55.93442570216331
15.04 -13.523794779993784 -28.925590325022362 55.20471130907698 56.0873587453467
15.06 -14.178508708994888 -28.57562953442816 56.30177427468181 56.22214688093677
15.08 -15.045050502230472 -28.2174853589234 57.56810453142846 56.35287595209801
15.1 -16.098198243761765 -27.858340477371115 58.917846572408564 56.47798737132943
15.12 -17.30970823560873 -27.505087200683693 60.28077785379479 56.597389965690496
15.14 -18.649487509106894 -27.16322343760813 61.5985642759428 56.71153133765026
15.16 -20.087699478739896 -26.835749714745692 62.82281493385127 56.81786426519023
15.18 -21.594775237755563 -26.525010697457013 63.91222882757191 56.91451449894384
15.2 -23.141649627514575 -26.232442475526014 64.83211543106195 57.000401191805096
15.22 -24.700333422284384 -25.958271560585302 65.55434167741991 57.07434846579083
15.24 -26.243992308962913 -25.70195198495079 66.05696811203921 57.13585817837286
15.26 -27.747167421787623 -25.462180197182832 66.32435510479806 57.18508174110943
15.28 -29.190273432150423 -25.236935447744926 66.37698326875885 57.22388739965163
15.3 -30.545715638762662 -25.020746494789783 66.25625787203931 57.255705560011194
15.32 -31.79182305330629 -24.812848586458745 65.86118193304999 57.27195913829958
15.34 -32.917818032790045 -24.613961875441806 65.20097700530387 57.2797333985196
15.36 -33.91013534282686 -24.41976552148078 64.30627150315009 57.28570847413148
15.38 -34.76023841924094 -24.223596718640216 63.207496251030925 57.28914079676779
15.4 -35.46175869964086 -24.019976673771602 61.93685075239976 57.291963490216276
15.42 -36.013868963069896 -23.802867205701123 60.5323971122633 57.29337106703572
15.44 -36.41993688549003 -23.566385273936884 59.03990257642609 57.29171030275997
15.46 -36.68254253932825 -23.306576965189496 57.533868999091226 57.284524517077614
15.48 -36.79385484726459 -23.023863381882567 56.14537144639346 57.252882687723385
15.5 -36.75911503308773 -22.733310256319974 54.98866817038918 57.148134809863635
15.52 -36.54953783852218 -22.469824680581265 54.2821723897285 56.90334463226821
15.54 -36.27594552893784 -22.2766978564964 53.734216667507816 56.52032215082844
15.56 -36.017291178648584 -22.055102897243106 53.14517466780724 56.03226508198311
15.58 -35.72030608793957 -21.72250278695512 52.587492409628815 55.450545809393155
15.6 -35.38979712081833 -21.28088312561231 52.25192468335289 54.90316489372906
15.62 -34.9866708812322 -20.65697523668664 52.19779110218543 54.41323109290461
15.64 -34.49000263748955 -19.824322131100214 52.39498873015734 53.915256972546395
15.66 -33.90234295196578 -18.80257180098035 52.844533880130086 53.43243528389958
15.68 -33.20854302996837 -17.61121616252928 53.45495954919011 52.96226993265625
15.7 -32.43610601903492 -16.333538720640714 54.12201396015536 52.51583324966931
15.72 -31.641691460864894 -15.079938943517798 54.75234483662222 52.12154325236205
15.74 -30.892868377365563 -13.961074079627533 55.280266812120125 51.817122415843244
15.76 -30.253920402569733 -13.064695063094826 55.704460870217474 51.682185585074365
15.78 -29.75539202364887 -12.427368901741813 56.07375164821744 51.742880244789156
15.8 -29.363413782705994 -12.10250099066861 56.358406430388634 52.04772738843667
15.82 -28.999581747181395 -12.072376423573168 56.50986583083033 52.73131502512813
15.84 -28.654334406818435 -12.282764971828001 56.57325482736127 53.75521799684006
15.86 -28.34992110708739 -12.757508956633792 56.608196404486726 55.00838788183566
15.88 -28.072142961279514 -13.479423442621812 56.629205076505805 56.40587700672021
15.9 -27.809090521051427 -14.418058629622651 56.65022861171922 57.87241918387577
15.92 -27.550345278070598 -15.542722164544028 56.67566040353526 59.34752787786543
15.94 -27.290250126884853 -16.821211278154543 56.70750022021893 60.77757487288008
15.96 -27.02697419264286 -18.220869843724905 56.74686313629321 62.11531751813973
15.98 -26.75993127236752 -19.709826059575306 56.79011999119881 63.32051464892481
16.0 -26.49097359824551 -21.256799504462844 56.83363047024678 64.3585280003089
16.02 -26.223977990831454 -22.831889438484936 56.87563668211881 65.20221869614328
16.04 -25.9653813361202 -24.404546361666135 56.922587516844196 65.82817068660663
16.06 -25.716973414730134 -25.946294806764772 56.975446589621285 66.2201930675775
16.08 -25.477218072838458 -27.433466264517655 57.02792795363958 66.37264206140378
16.1 -25.24456511393948 -28.84785773810712 57.07918098864802 66.34328295254099
16.12 -25.016469852507107 -30.157142769871612 57.123951002431305 66.09557056315415
16.14 -24.79568555665995 -31.35042958754077 57.155154204201 65.57585984232006
16.16 -24.581805643520106 -32.41435474860688 57.17813527467946 64.81075999768115
16.18 -24.369830583028456 -33.33923862411137 57.19087831211064 63.83406925453212
16.2 -24.157602261723074 -34.11864391680413 57.19784824002562 62.67926155832081
16.22 -23.940661422927448 -34.748877607367824 57.20239315552743 61.383015062968916
16.24 -23.71299600884558 -35.23138486752173 57.204933500572366 59.98636967292406
16.26 -23.467818350817115 -35.57188455719557 57.20403181017683 58.534890731988924
16.28 -23.19840842742204 -35.77867713103862 57.19842855217377 57.105683757936255
16.3 -22.898969865392022 -35.861246818161746 57.17241780318763 55.712179796967796
16.32 -22.56962275844738 -35.819162379756804 57.124064090354985 54.56305041000633
16.34 -22.222535794009083 -35.72539133285164 57.01599608103952 53.494887613781984
16.36 -21.820205217791806 -35.51099715698234 56.85284217881129 52.76438989149834
16.38 -21.375812773326352 -35.196989236819746 56.63079577147366 52.312039490848086
16.4 -20.867732029653133 -34.81494361696705 56.35414543346943 52.124755856129426
16.42 -20.263144198580118 -34.40074740056637 56.01437828993605 52.193775917509186
16.44 -19.521660320731645 -33.95990735082102 55.63522584279942 52.460758073732876
16.46 -18.605731462132557 -33.439804428332295 55.193923774601714 52.86486727145452
16.48 -17.562668672543374 -32.8299358341802 54.743835179321366 53.35327489795139
16.5 -16.455139396792564 -32.15568828709685 54.33811316923951 53.8913494953865
16.52 -15.368686016769088 -31.464816247969907 53.98887922237172 54.41011076763588
16.54 -14.402156549936135 -30.816172917481275 53.727940456948815 54.850260840582656
16.56 -13.63735862217548 -30.263449692328876 53.61335099327086 55.19943222910958
16.58 -13.118503165207812 -29.836460433308126 53.660470847070584 55.48990633684622
16.6 -12.904744375117957 -29.52340674774937 53.88399578496676 55.74338113269746
16.62 -13.016779129269356 -29.234787187355877 54.31523819533565 55.94405093864679
16.64 -13.393539358183896 -28.909757786259043 55.10170654402629 56.09967636583137
16.66 -14.002975579792517 -28.561289842342877 56.173964192942734 56.235099717591964
16.68 -14.820019397464973 -28.20571640015389 57.41918094294267 56.36619934996971
16.7 -15.820251584493906 -27.849576199665094 58.7526432199865 56.49042090059071
16.72 -16.976120031954625 -27.499861937632215 60.104990344464206 56.60800284707872
16.74 -18.258159059703242 -27.16225189619294 61.41873037972239 56.720196520446336
16.76 -19.63743391114287 -26.83953924547779 62.64656518252024 56.8243718380257
16.78 -21.085338354273258 -26.534044112440114 63.74805512127993 56.91879530416587
16.8 -22.573789350511223 -26.24722678015335 64.68920769579908 57.002648541654025
16.82 -24.075880152143828 -25.979267232532937 65.44248009278365 57.07479203440685
16.84 -25.565879811822647 -25.729630450033532 65.98628644300273 57.134791885831184
16.86 -27.019407347138753 -25.497055470111977 66.30510417053942 57.18288676905038
16.88 -28.415901513362993 -25.27965066829699 66.40259212030126 57.22021171001123
16.9 -29.735074868757742 -25.07293078960112 66.33823492753076 57.25099529087529
16.92 -30.94957964985248 -24.873885987370514 66.035515981047 57.269484249603885
16.94 -32.05109879654066 -24.68390900338712 65.47260659750094 57.277440348995675
16.96 -33.026647934570796 -24.50018117198259 64.67792613517292 57.28353957552671
16.98 -33.86781122725036 -24.316081398618763 63.6826049844992 57.28733714552235
17.0 -34.568630882464156 -24.12632566693188 62.518020464532526 57.2902974656385
17.02 -35.12732564296448 -23.92532554715036 61.21998773276596 57.29234530551364
17.04 -35.54632090374229 -23.7073849449116 59.82912571713328 57.291687374887005
17.06 -35.82858141095209 -23.468351602466917 58.42303159296794 57.28716829849697
17.08 -35.96064633431925 -23.207865509001685 57.10495073454185 57.265537279237876
17.1 -35.951253661268055 -22.943684950883053 56.00892256902876 57.179596048777746
17.12 -35.78090595567485 -22.703613886624392 55.30566288333711 56.9699410052061
17.14 -35.528376834049794 -22.528145690532675 54.7878533756577 56.63476872382282
17.16 -35.29160920287013 -22.33878148877785 54.255464377232045 56.21190646595661
17.18 -35.01477370422383 -22.042142780511675 53.72853182892822 55.687756811470315
17.2 -34.702520335830265 -21.64818328495366 53.367011969922025 55.17339515368384
17.22 -34.32935270862517 -21.102093355903033 53.265122362734644 54.72680838527913
17.24 -33.85366748129266 -20.366348595171996 53.363191307301506 54.28762689603878
17.26 -33.29470261283366 -19.46472561986323 53.68262136066085 53.86633326147492
17.28 -32.64086488089147 -18.415685492438264 54.154574840986434 53.47516140890926
17.3 -31.915583950948072 -17.291177683525678 54.68847835733585 53.12521637450097
17.32 -31.171885442547126 -16.188099646386622 55.203652048909746 52.8375052543555
17.34 -30.470885128903877 -15.204966387291256 55.64088389959966 52.63621469413075
17.36 -29.868862290173556 -14.41637415366675 55.982128719982704 52.560890208749534
17.38 -29.403081738993066 -13.873912473867621 56.267323341464 52.672779271733724
17.4 -29.039864214809324 -13.624026202466567 56.49485196112257 53.03731098210261
17.42 -28.698716457029217 -13.64036160404945 56.60650031603327 53.75220448885727
17.44 -28.377669673828173 -13.878202618724556 56.64978551309504 54.7656721632271
17.46 -28.095510102895055 -14.363060573281576 56.676251992178095 55.97774938517533
17.48 -27.836139844795753 -15.078975360108778 56.6923987309152 57.31177195620285
17.5 -27.588901034972515 -15.996711721910541 56.710255562423306 58.698590286115675
17.52 -27.344203661534603 -17.08704613974589 56.731934317275964 60.08401528245734
17.54 -27.097734481435364 -18.31891231234514 56.75941748258496 61.41817079675463
17.56 -26.848468262718928 -19.66121529493525 56.793722393981106 62.65781059560122
17.58 -26.596319555133697 -21.083422799599234 56.8317762624151 63.76544322339754
17.6 -26.34302455902178 -22.555790315028194 56.869975252609514 64.70881278282133
17.62 -26.09204433957026 -24.05000050360259 56.906320077517414 65.46260257999641
17.64 -25.84911771304231 -25.537234476758236 56.946450198636974 66.00520308109849
17.66 -25.61606007623085 -26.990512871120586 56.992004616632684 66.32167976176287
17.68 -25.39131332297239 -28.388814422436994 57.03822811697536 66.41711075624573
17.7 -25.171773328111808 -29.711413106966376 57.084317986899514 66.35144658861627
17.72 -24.95668211623083 -30.93026774703961 57.121409484499 66.04505884844885
17.74 -24.74886660187855 -32.03645918135369 57.148175321347615 65.47851537729947
17.76 -24.545722095108612 -33.016687086601046 57.16729286027994 64.68047229748836
17.78 -24.343248883819946 -33.86259441411808 57.17797376503418 63.682437008708035
17.8 -24.13883281846712 -34.56778184281432 57.18430084497673 62.5160260169792
17.82 -23.927805920057803 -35.129586545873565 57.18844196323431 61.216900417957206
17.84 -23.704630183629455 -35.55023706488699 57.19069855249251 59.82502105801752
17.86 -23.46268215645121 -35.835244174043915 57.189370771449795 58.38438108485035
17.88 -23.19570842277933 -35.99268627228692 57.18215111948287 56.97748089877528
17.9 -22.902499239435837 -36.0425086335775 57.16006805799953 55.59751351643967
17.92 -22.574624152555188 -35.96579868626323 57.11147484659396 54.473227752129986
17.94 -22.226949855557606 -35.84554285545876 57.00523810844588 53.40799950230541
17.96 -21.8203961423874 -35.605230607386105 56.847763618675025 52.6924667495925
17.98 -21.369764892619855 -35.27445515354683 56.62912675268019 52.246282595960075
18.0 -20.8532332766677 -34.88081771453977 56.35634773654281 52.06515095254937
18.02 -20.23858825522053 -34.45961093424823 56.018279820028 52.13904968445173
18.04 -19.490096212641934 -34.01475154562853 55.64226672057239 52.417904306349726
18.06 -18.568763141451075 -33.49255130262426 55.206596256337924 52.83557853761298
18.08 -17.51980883501218 -32.8815637023186 54.75578770444941 53.33335863744882
18.1 -16.409991404645282 -32.20788704339446 54.348517383071666 53.875935590209345
18.12 -15.32563974535663 -31.5194975471094 54.000340077606346 54.39646501938693
18.14 -14.365561038043136 -30.875149486143915 53.74353230496923 54.83693600872509
18.16 -13.611584135086787 -30.328837615904472 53.63439497724666 55.18401735953801
18.18 -13.115275223381042 -29.909489095557138 53.692004812687564 55.470873676061814
18.2 -12.9381645917019 -29.59614193854889 53.91947484649622 55.71906673943365
18.22 -13.082922671962594 -29.295226969730805 54.378249016323345 55.91625796513965
18.24 -13.505986081390752 -28.95900434044948 55.198805879617154 56.07221456272414
18.26 -14.16556473553713 -28.60014984500003 56.297883052224776 56.212799349888385
18.28 -15.036263609950293 -28.233462125106538 57.565367760673496 56.34892896858799
18.3 -16.092787526690564 -27.866947764462267 58.91555238480899 56.47921048424974
18.32 -17.306889096167694 -27.507639139122116 60.27859679642075 56.603098343109515
18.34 -18.648643477938865 -27.16094286304258 61.59649194791219 56.720314754600814
18.36 -20.088248428844206 -26.82999953673909 62.82084121861205 56.82848638653062
18.38 -21.596191501204267 -26.51707889397051 63.910385813059904 56.9258779225265
18.4 -23.14352659361841 -26.223429072302473 64.83047600221715 57.01147602138449
18.42 -24.702347625981112 -25.949115832690733 65.55294720281493 57.08437747520601
18.44 -26.245900516662072 -25.693382871874146 66.05584367956403 57.144341013710246
18.46 -27.74881407617283 -25.45470203864254 66.32351324202105 57.191726498281476
18.48 -29.191531662369677 -25.23085761818546 66.37605282935584 57.22859893655339
18.5 -30.54664413140322 -25.016209229645952 66.25545268107999 57.2585856307618
18.52 -31.79237886448585 -24.809954896441308 65.86081243208642 57.273616294220304
18.54 -32.91802841255516 -24.61272389561606 65.20100952807695 57.28102764794806
18.56 -33.90996454416443 -24.419718319154363 64.30642903212505 57.286724970851765
18.58 -34.75980624243138 -24.224407730795704 63.20777228428019 57.29020158899029
18.6 -35.46127239812803 -24.021122876388844 61.937156722679816 57.29267217237037
18.62 -36.01335000525286 -23.80409226957048 60.532641259301954 57.29375094815642
18.64 -36.41951334234634 -23.56766929187852 59.04060002179014 57.292156526772125
18.66 -36.68209856774296 -23.307778201305332 57.533971603341044 57.2848105266779
18.68 -36.793465411197744 -23.02495557527091 56.14533433082774 57.25311541402843
18.7 -36.75906029347368 -22.73405985376222 54.98777332949882 57.14859883441042
18.72 -36.549515765174604 -22.470065461505932 54.282046753414754 56.903773445122404
18.74 -36.27589088503269 -22.27673787575036 53.7345622716765 56.52062629761408
18.76 -36.01725400700443 -22.055077506010424 53.14561020324689 56.032536399270654
18.78 -35.7202430820678 -21.722416435531365 52.58776771307554 55.45064027570425
18.8 -35.38975145544096 -21.2808528157048 52.25209591993508 54.90319552786766
18.82 -34.98663459543185 -20.65696705666709 52.19791105469558 54.413264418213465
18.84 -34.48996254232812 -19.8243119775036 52.39502725935468 53.915225378637494
18.86 -33.902310400551976 -18.80259475067224 52.8445466095158 53.432414387496685
18.88 -33.20851059855438 -17.611238174763226 53.454970806939876 52.96225944271374
18.9 -32.43606930145543 -16.33355653397028 54.12201146650229 52.5158093340398
18.92 -31.641653100097006 -15.079958375244361 54.75233511186577 52.121518472580476
18.94 -30.8928305404111 -13.961095293131983 55.280253834546336 51.8171008396372
18.96 -30.253883616402867 -13.064716006781564 55.70445372335176 51.682171649133615
18.98 -29.755355614100118 -12.427386961381917 56.073752547494266 51.74287298171525
19.0 -29.363379305338754 -12.10251373167472 56.358414444739786 52.04772385661663
19.02 -28.999551389961788 -12.072385210859634 56.50987881752233 52.73131120373857
19.04 -28.654307834917258 -12.28277118380493 56.57326770515894 53.75521455498473
19.06 -28.349898761772266 -12.757513188583234 56.60820690695819 55.00838500476601
19.08 -28.072125386985164 -13.479425911648951 56.62921303156828 56.405874723785985
19.1 -27.80907770741965 -14.418059594869383 56.650234076635606 57.87241761938256
19.12 -27.550336961638905 -15.542721848631768 56.675664002745606 59.347526911764724
19.14 -27.290245679761 -16.821209969474726 56.707502511616525 60.77757442505274
19.16 -27.026972839467746 -18.220867830209354 56.74686470240888 62.11531744422745
19.18 -26.759932162721242 -19.709823622308722 56.79012130942136 63.32051482500496
19.2 -26.49097585163872 -21.256796860771427 56.833631778783456 64.35852823114038
19.22 -26.22398061058987 -22.831886864785766 56.87563743291138 65.20221892319785
19.24 -25.965383638340114 -24.404544156398448 56.922587051581495 65.82817094860961
19.26 -25.71697541752293 -25.946293027680095 56.97544536157004 66.2201933241413
19.28 -25.477219871319626 -27.433464736345446 57.02792673382808 66.37264223882823
19.3 -25.244566571551687 -28.847856473452556 57.07917984667317 66.34328313571373
19.32 -25.01647096036273 -30.157141758075525 57.12395007421001 66.09557072875043
19.34 -24.795686327599896 -31.35042877411999 57.155153613744005 65.57585997996884
19.36 -24.581806074300815 -32.41435412084341 57.1781349798275 64.81076012255626
19.38 -24.369830715908687 -33.33923815388127 57.19087828188321 63.83406936148579
19.4 -24.157602008674775 -34.1186434407176 57.197848284933336 62.679261786307634
19.42 -23.940659683974076 -34.74887605033248 57.202392181627786 61.383016781563995
19.44 -23.71298897681951 -35.23137880052313 57.20492852131971 59.98637808734789
19.46 -23.467797918166138 -35.57186742918326 57.20401733611679 58.5349173046211
19.48 -23.198361534908454 -35.77863981887858 57.19839729136704 57.10574562292858
19.5 -22.898877550354772 -35.86117678581802 57.17236056074673 55.71230372679627
19.52 -22.56945975058339 -35.81905320801941 57.12397030223587 54.56325257159644
19.54 -22.222274937180124 -35.72522098957062 57.01585993439591 53.49519816714464
19.56 -21.819808267807936 -35.51075733736522 56.852659610612065 52.7648284281233
19.58 -21.37523176486332 -35.19666058509752 56.63055137004806 52.312619115416275
19.6 -20.866921173027187 -34.81447498110252 56.35382018580809 52.12547183478464
19.62 -20.262037699422407 -34.400110734580686 56.01394243335194 52.19459728359138
19.64 -19.52019724197505 -33.95904760075499 55.6346263124293 52.461719315730434
19.66 -18.603846506631584 -33.43868159792187 55.19310133530362 52.865965017064894
19.68 -17.56058028497567 -32.82857926983571 54.74315956889654 53.35446572439645
19.7 -16.45397816090761 -32.15448649722529 54.33906110206685 53.89244381903551
19.72 -15.370773493015099 -31.46478484324465 53.99388912628514 54.410578508307026
19.74 -14.410992722692237 -30.819099390389738 53.74032857319796 54.84939024414425
19.76 -13.656052437508508 -30.271445479086402 53.63396552146546 55.196693422977326
19.78 -13.155655775161192 -29.8515401883226 53.69613401017309 55.48479293461726
19.8 -12.96888743598027 -29.54281188255343 53.93202278500859 55.73591802859017
19.82 -13.106942617723309 -29.252079578255703 54.38838438848947 55.93443122051204
19.84 -13.523798758982599 -28.925579740369063 55.20471287515946 56.087363593324696
19.86 -14.178511538111023 -28.57562168055232 56.30177523614435 56.22215000413478
19.88 -15.045052354103095 -28.21748007260417 57.5681051898332 56.35287731913673
19.9 -16.09819926206701 -27.85833747501745 58.91784710295674 56.47798719861544
19.92 -17.30970860518367 -27.5050860668148 60.28077837293744 56.597388438123616
19.94 -18.649487392940735 -27.16322378706193 61.59856479936041 56.711528826521544
19.96 -20.08769901831598 -26.835751156958544 62.82281544894548 56.81786117735279
19.98 -21.594774570236453 -26.52501284177976 63.912229324618345 56.914511164949964
20.0 -23.141648865420343 -26.23244498479362 64.8321158880361 57.00039790995487
