0.0 0.0 0.0 0.0 0.0
0.02 0.00013431545220693003 0.00013441346792445767 -0.00022431403563591586 -0.00022371524192741602
0.04 -0.2338625174146791 -0.2337249373940576 0.49747339004485974 0.497408455166004
0.06 -0.3816313143853872 -0.3814302808470383 0.9408337602842944 0.940306813517883
0.08 -0.45374333591240634 -0.4533921168990773 1.2486472488983373 1.2477489179363372
0.1 -0.49336709705642656 -0.49262848482983673 1.4358826348377505 1.4345863978893834
0.12 -0.5231393115812054 -0.5220344837553034 1.5366279085784211 1.534068746354666
0.14 -0.5501662575082257 -0.5485823158033589 1.5729457124676616 1.5686536203417578
0.16 -0.5755264671747516 -0.573125149157594 1.5752005622829355 1.568454331640254
0.18 -0.5980870915953743 -0.5950213347310158 1.55387312749497 1.5444755818432894
0.2 -0.6173377642583798 -0.6131137642607637 1.5294105863165017 1.5168557642623766
0.22 -0.6302956927322121 -0.6254564419611164 1.4978224064818044 1.4826188695365292
0.24 -0.6387832357759489 -0.6326502070025695 1.472567120659309 1.4542072721938901
0.26 -0.6408351270440263 -0.6343902053070427 1.443783442931935 1.4233830291653973
0.28 -0.6398373782031578 -0.6322036582566429 1.4225975613409103 1.399355440739152
0.3 -0.633868748486741 -0.6264104427972974 1.3967846931801602 1.3723162648330935
0.32 -0.6268360074333311 -0.618465639087131 1.3773506101003405 1.3504996960522622
0.34 -0.6164039753194589 -0.6087478186955889 1.351837096743647 1.3246169440987785
0.36 -0.606357454835893 -0.5981254199418324 1.3315783126440959 1.3025467552655656
0.38 -0.5939445159344504 -0.5868778801312646 1.3047164512977016 1.2761525147837383
0.4 -0.5826317262776325 -0.5752826199246175 1.2824854457392971 1.2527182813991449
0.42 -0.5694566947995487 -0.5635563926969017 1.2539404716808815 1.225408227794042
0.44 -0.5575927063785379 -0.551622301157256 1.229605987296673 1.2004296621678345
0.46 -0.5440378340263022 -0.5396718525511219 1.1996133172045476 1.17247980640364
0.48 -0.5317580495117199 -0.5275540266402519 1.1732768359754888 1.1461447269520084
0.5 -0.5178309474400556 -0.5153801074604968 1.1420121014398352 1.1178126090255434
0.52 -0.5051554142294677 -0.5028527896907492 1.11376537559799 1.0898694993856077
0.54 -0.49123231723886235 -0.4900029413126892 1.0824571472268913 1.0604901153565447
0.56 -0.47816137056190444 -0.476979719215015 1.0528315597233406 1.0307346067986847
0.58 -0.4641038253491026 -0.4634585431886504 1.021360751107905 1.0002888930123082
0.6 -0.45038087454580045 -0.4498999204350344 0.9900148602104356 0.9691152097632079
0.62 -0.4360506206233689 -0.4357967689274473 0.9579188755799152 0.9376097111264556
0.64 -0.4216432241447864 -0.42165089601022243 0.9248760258151101 0.9050591954894116
0.66 -0.40694714227625417 -0.4069852547371143 0.8917518547194218 0.8722658981852343
0.68 -0.39188352371463897 -0.39218612173974515 0.8571356603987569 0.8382974454517935
0.7 -0.3767115913008653 -0.3769359602181781 0.8226130899403352 0.8039636751553223
0.72 -0.361031127584863 -0.3614073319195994 0.7865886179875311 0.7684640246006373
0.74 -0.3453069175879022 -0.34545761279868176 0.7505781543076208 0.7322587995202943
0.76 -0.3290657043169536 -0.3292046668333098 0.7128124003531259 0.6950514179673876
0.78 -0.3125363357337339 -0.3126819587877176 0.6742737680989199 0.6572046051634818
0.8 -0.29548141321167376 -0.29573399932984257 0.6346799278243159 0.6185970290241952
0.82 -0.27803240322630995 -0.278426682384845 0.5938538928211347 0.5788841480431078
0.84 -0.2601962588305788 -0.26066174078732296 0.5520971856014688 0.538253406765857
0.86 -0.24185900358663084 -0.24244433376836927 0.5089449765521296 0.49637661427771335
0.88 -0.22315672856191834 -0.22372556884238842 0.464765472364369 0.4532451975076973
0.9 -0.20392567235658446 -0.2044534077082274 0.41927330898606785 0.4088245743247974
0.92 -0.18418527670060839 -0.18463975724833528 0.37239141507745793 0.3630054342936019
0.94 -0.16387837551325035 -0.16422324290532198 0.32409728133372967 0.3157848369769611
0.96 -0.14294126884302863 -0.14318160826086349 0.2741630903721442 0.2670008350771671
0.98 -0.12137120806668829 -0.12146818210557721 0.22260467533416142 0.21658799542731036
1.0 -0.09906970397128266 -0.0990226623440177 0.16920827126078936 0.164412986434511
1.02 -0.07600189778790627 -0.07578764744493444 0.1138727710337914 0.11032360668235584
1.04 -0.05655104608850385 -0.05639687051300297 0.06561754552857701 0.06377090371068117
1.06 -0.04384479565524635 -0.043766876936421895 0.033521852229234705 0.03287762935341512
1.08 -0.03468214377387488 -0.034499678642015724 0.015119978410204049 0.014727187753591574
1.1 -0.02693411363327932 -0.026792594768360788 0.00552193746359814 0.005414321691135041
1.12 -0.020353023315648585 -0.02020009950596876 0.001553132443029033 0.0014185531723995065
1.14 -0.014711851942772103 -0.014555593471862631 0.0006881167678447572 0.0004844531145773373
1.16 -0.009937383811066448 -0.009823533434199382 0.0008541782398615416 0.00068364587016712
1.18 -0.00612657919111328 -0.0060845102312744835 0.0010892509281279 0.0010226532179254996
1.2 -0.003350962773329057 -0.0033041452933547984 0.0014221212545725854 0.001293043076809411
1.22 -0.001232931299159773 -0.0012048929306325868 0.0015528335813290459 0.0014490571917874864
1.24 -0.0010256496303238639 -0.0010166367988538834 0.00240443431550469 0.002296129096983444
1.26 -0.0012367513839460123 -0.0013967180906144787 0.002227407456369498 0.0026806498279567394
1.28 -0.0009680693088730187 -0.011294139633721284 0.0028866952550847085 0.02505043471393292
1.3 -0.009118535919905753 -0.0452060999827354 0.014441398630602984 0.09145838988504063
1.32 -0.025615565959316234 -0.091479482830769 0.040844634486661716 0.17519456959375146
1.34 -0.0438296794730699 -0.15753995561652703 0.07113779859382817 0.24938952296932507
1.36 -0.04206791965233443 -0.26491225826040166 0.08968042168169851 0.3173709149281712
1.38 -0.012299631702092013 -0.37082729856107327 0.0818382204062075 0.45741398923160226
1.4 -0.0011819969060583952 -0.46405861665378695 0.07873793443703668 0.584364980345851
1.42 0.0009398914654582997 -0.5345971806807883 0.07677611614656069 0.6713577882610562
1.44 0.007072328961243255 -0.5972899194846516 0.059026367879526 0.7335966449354523
1.46 0.011603122981672053 -0.6549246175814801 0.033798897641125966 0.7643147361311365
1.48 0.011997811683674905 -0.6986632629138603 0.020842400747536103 0.7645451632067032
1.5 0.013321098184174771 -0.7322162217511538 0.010121532144665633 0.7391338674586885
1.52 0.013532987176311111 -0.7542325179360466 0.006485954357835726 0.6882087924533749
1.54 0.014935727272591506 -0.7639246905206363 0.006197089050706674 0.6145354768317246
1.56 0.01877165094169266 -0.7615844416213445 0.005860766155663669 0.5212170366809343
1.58 0.02479003900504964 -0.7471416018950165 0.005123612791123611 0.41069299172214335
1.6 0.03206748270261334 -0.7210071256902768 0.004180221607171722 0.28600811921004704
1.62 0.03976078439724778 -0.6835681962640724 0.0037016153122747964 0.1505032922846437
1.64 0.04817634155489338 -0.6371427934843799 0.003101122150971715 0.020666406245187043
1.66 0.060089482784028814 -0.5811029418204123 0.00330173194328274 -0.04579705144286789
1.68 0.06641270790701417 -0.5081124673323618 0.002753124860914663 -0.22057964741127395
1.7 0.07175637042289021 -0.4341121165864893 0.003203824793764142 -0.39466184698656404
1.72 0.08030192576301344 -0.3534690601528122 0.003097950589253475 -0.5502789685410483
1.74 0.09022148477094522 -0.2709921523895287 0.002692017962581823 -0.6875842812016202
1.76 0.10198734356413257 -0.18487494742169375 0.002740794062907943 -0.8087589932616147
1.78 0.11571852869651889 -0.09832528021382361 0.002659962012488464 -0.9098213866764417
1.8 0.13052166048811692 -0.01839789245437184 0.002267964397389651 -0.9887265205807202
1.82 0.14022190539117296 0.021038813628079894 0.0017847883517184307 -1.0343543448602013
1.84 0.16470678615814516 0.08957986599444467 -0.0011764770293286942 -1.0683583775654677
1.86 0.19482016716644648 0.16417618380089619 -0.004138355538146423 -1.064703336924172
1.88 0.2283499222695788 0.23668742758825936 -0.006595341311681682 -1.0239181824396792
1.9 0.26589339883921836 0.296652125932382 -0.01432756869317569 -0.9275551484534946
1.92 0.3093416608697911 0.3432011612440548 -0.03903851048897135 -0.8324359583368783
1.94 0.36339413258650954 0.4000789418974686 -0.0623791341675156 -0.5932503031894849
1.96 0.41013976658979884 0.4256027205501607 -0.13092294526194603 -0.4658146182328544
1.98 0.4761731752550587 0.44092884059275006 -0.1827945283814145 -0.1867717051653624
2.0 0.5574015411556604 0.4337880886953885 -0.26119923927155 0.04156686464961929
2.02 0.6510139933294833 0.39552786592229316 -0.3202555510399742 0.2243162199360811
2.04 0.7712595887024664 0.4241316681237074 -0.3501480223152603 0.3974808805826984
2.06 0.8998848746434001 0.4936463647241668 -0.3833883819958384 0.49055872113951876
2.08 0.987320074758562 0.5591862067123164 -0.39611536753865856 0.5304988716500934
2.1 0.9968542262244516 0.590933167778038 -0.3700726129980266 0.5153326955784039
2.12 0.9206186551462617 0.5754474830502309 -0.3102134477423688 0.45177739755728397
2.14 0.7689206732726823 0.514494182766115 -0.20502421707265125 0.36039275951415983
2.16 0.5274269956925245 0.42351407503340327 -0.0797710245601628 0.2674749849362007
2.18 0.2200908312116711 0.3553369614303493 0.03327554360097325 0.22366299202947537
2.2 -0.03484404067821904 0.3588044166858009 0.25114781126665664 0.19498316193551868
2.22 -0.282505055990095 0.38286657458415463 0.5743138119852308 0.1902251479821472
2.24 -0.48428374580281897 0.39965194456553355 0.8527020359717299 0.19409737500634047
2.26 -0.6692877398954898 0.40668059719342153 1.0391053904480874 0.17949575025579304
2.28 -0.832951367799566 0.3961421105992987 1.1432264840671522 0.16884381983372618
2.3 -0.9730698162804272 0.3771690074022567 1.1846596715303594 0.1548316024068677
2.32 -1.0896618134217928 0.35411698076847176 1.1752294652184816 0.13375134686397167
2.34 -1.181143676866264 0.32641497598852715 1.1205461347588832 0.11339619948335994
2.36 -1.247964258664767 0.29733823354409794 1.0279269423609727 0.093290548965643
2.38 -1.2912564953933057 0.2689393093394426 0.9032586130514118 0.07301529344707791
2.4 -1.3114740037025194 0.24186119324402788 0.7513312424632947 0.054872434129568486
2.42 -1.3095416338380585 0.21737856970766262 0.5776070099926256 0.039101609479026626
2.44 -1.2866317288569846 0.19629833485453244 0.3874112957601154 0.02567212140028598
2.46 -1.2438657545794392 0.1788403261814855 0.1860255887552788 0.015254053323062232
2.48 -1.1876516788407114 0.1650960395650804 0.019381170624510374 0.010576471604073807
2.5 -1.1047732027001231 0.15882545894075267 -0.1387651986535903 0.007583348429054544
2.52 -1.0107002331163149 0.1515713149379627 -0.37274744457878833 0.0031320277285475074
2.54 -0.9066255559723395 0.1478567798566674 -0.5904191030542564 0.0027515391230973616
2.56 -0.792581702226178 0.15042563890233096 -0.7811453424585797 0.00234193954087323
2.58 -0.6743360946398295 0.15692678918809855 -0.9432027633039627 0.001923366669123585
2.6 -0.550986656837128 0.16763394666036638 -1.0778237686395946 0.0014980096637948596
2.62 -0.4273025410355516 0.18214046318340849 -1.1787776010843294 0.0011125430062244555
2.64 -0.30649089167805377 0.2011793313248443 -1.2140779583303656 -0.001850404086355413
2.66 -0.19202453972121725 0.21708504149277363 -1.2604126279854897 -0.005945869424518309
2.68 -0.041068822984101645 0.231449946864562 -1.0702964996810782 -0.03035455330265008
2.7 0.06306125705077903 0.23260932676837331 -0.7785834367202359 -0.11970934652392015
2.72 0.21978116721621604 0.18489349044166306 -0.4851559860603271 -0.24389259269591032
2.74 0.2078678285808014 0.13792751832216513 -0.44923432934901153 -0.32924824783876
2.76 0.222941099469504 0.2096178878910852 -0.481610690877984 -0.4175565309915063
2.78 0.2598933591700479 0.29988632074121446 -0.42254560097065164 -0.47413141449780133
2.8 0.2920624341750265 0.3946011160460055 -0.20467705384802615 -0.40877623004153046
2.82 0.37166491845655547 0.5612919480040383 -0.0010657838743688179 -0.3778639558803669
2.84 0.4489929120097027 0.7148823033085325 0.18809176822866575 -0.3784870791229234
2.86 0.5290812955088149 0.8583513472678739 0.3608149743556322 -0.35465800402230735
2.88 0.6088344840878738 0.9674073907943956 0.45230590923854413 -0.3370987386855466
2.9 0.6498990752897059 0.9896008569012029 0.4685057600732004 -0.2873211920380861
2.92 0.6385819571523368 0.9253489238826053 0.4206834340292904 -0.22556408638978123
2.94 0.5739963207336484 0.7770965710160287 0.33618948585132835 -0.12465517765432897
2.96 0.463527290149786 0.5826727380317371 0.2623009933458964 -0.0004557015847742501
2.98 0.3455423073839385 0.33585247333236146 0.22789906956708186 0.19393900267333322
3.0 0.2971444086066822 0.06207659493150182 0.14398632744668383 0.495367399682211
3.02 0.29491920849945447 -0.1331583332738194 0.05154197981662046 0.782998199454898
3.04 0.26183063073457297 -0.35016248512042686 0.02750980341295503 1.002909651834211
3.06 0.2363997624957191 -0.5671692270842041 0.016830420393754465 1.1401014214311738
3.08 0.2220312848012822 -0.7609446023628942 0.01543342827169971 1.2120569693500576
3.1 0.2172790755921972 -0.9280897762926393 0.018633638216576404 1.2303235639050656
3.12 0.21819585777514436 -1.068190687918102 0.02304395925747258 1.2026868580007193
3.14 0.2209072813889059 -1.1798622473589306 0.029244588503691174 1.1327333740794185
3.16 0.2241688511498628 -1.2638820404481375 0.033838337894565404 1.0270717023745684
3.18 0.2264143785936532 -1.3206311653958362 0.035148260713915684 0.8897210097129961
3.2 0.2263494290345423 -1.350891560069588 0.03354303572141798 0.7263922109761995
3.22 0.2215295300109596 -1.355738861117703 0.034350570768573896 0.5429788357578487
3.24 0.21279725596750412 -1.3340740865871243 0.04077700249109656 0.3421570422790329
3.26 0.2055987558388245 -1.2900796861817405 0.04255704591168307 0.1315156641415372
3.28 0.20043021864430377 -1.2330602480119373 0.04309378604435134 -0.010886110840982219
3.3 0.19762761051143182 -1.1411164451354125 0.037800302664980495 -0.21907556322938718
3.32 0.19159799525445811 -1.0439729205848822 0.02661087652608401 -0.4618097484981255
3.34 0.18657897505804313 -0.9320437227625064 0.020874719236771252 -0.680818639971743
3.36 0.1866847093708437 -0.8112842524155522 0.010648652830673821 -0.8725534355389073
3.38 0.18804335519977897 -0.6835178914386053 0.005619776743456441 -1.0372049617550076
3.4 0.19310261451355082 -0.5514209293842014 0.003520035199384096 -1.1717171353313223
3.42 0.20308703756987417 -0.42023084443241243 0.0019493666637917478 -1.271269138808958
3.44 0.21878676375827394 -0.29321682675171845 -0.0005943550126196343 -1.3321278291903993
3.46 0.24036771050025801 -0.17519649721004016 -0.003562981323012115 -1.3346017468443623
3.48 0.265536406027547 -0.05946842959071443 -0.016103138196012196 -1.2993613970058049
3.5 0.29418272765161096 0.007637171908171614 -0.025808174093487794 -1.1702242550616604
3.52 0.3228467486987497 0.12016654809651856 -0.08739581061606318 -1.0281641413897429
3.54 0.3745391942107233 0.1653891299621833 -0.12371323204176864 -0.7819555190259146
3.56 0.4213164958087322 0.27437752792909115 -0.1908645813212766 -0.5249575360139644
3.58 0.4697581435023359 0.3594565678121566 -0.23840488975629512 -0.2183790323484591
3.6 0.5492266991402895 0.37524869656129795 -0.31237418482450274 0.010102940832969006
3.62 0.6578211404915951 0.37847455823043163 -0.36521330345954334 0.24403689640023782
3.64 0.8260627792401425 0.43031091872699706 -0.43338352338373703 0.40496893801797074
3.66 0.9780840323043745 0.5186844313361266 -0.48846780065977746 0.5004476003035668
3.68 1.077535329113707 0.5974929079364482 -0.4726431022386425 0.5707328346060071
3.7 1.1067299248768445 0.6395169197265134 -0.4422848405343479 0.5804911433102606
3.72 1.03534982095368 0.6301642575084521 -0.3807597770474931 0.5156806203266534
3.74 0.8700950939697796 0.5630348607041484 -0.26592000307962094 0.4126835962611114
3.76 0.6393848861166128 0.4570882634868535 -0.08775319147935737 0.32951271120064085
3.78 0.3732325310481493 0.33855310645519643 0.05553331963801757 0.2814415030925632
3.8 0.04103689691882345 0.27990366683227325 0.25266919422282724 0.2242886446389437
3.82 -0.23323910613306897 0.306065911659856 0.5508350411795947 0.17128267334142028
3.84 -0.4641440960269251 0.3336493787223431 0.8824304764085352 0.1459719809011178
3.86 -0.6734817387804664 0.3444745343210156 1.0969837730869474 0.13598432870416985
3.88 -0.8612759361443565 0.3460879692816565 1.2206119650155387 0.12808836511687902
3.9 -1.0242885701979165 0.34100752759985065 1.2722320854623859 0.1200239287568166
3.92 -1.1600994942995273 0.33016976101152556 1.2642385774254326 0.11316077913625476
3.94 -1.2683341395600458 0.3159597838673439 1.2068645165655472 0.10517579080308855
3.96 -1.3492404060847845 0.299510106725129 1.107624581274202 0.09562135512782448
3.98 -1.4031768121422161 0.28154462720903767 0.9728004595492612 0.08530155980883353
4.0 -1.4309645245462972 0.2631710526271477 0.8085560368496858 0.07417259629187327
4.02 -1.433587278953414 0.24519957800013537 0.620696509754122 0.06257366342460313
4.04 -1.412131506605038 0.22828817139095622 0.4149586614260209 0.05110234843543711
4.06 -1.3679886323498116 0.21310766614022625 0.19720181882363094 0.040074041696335494
4.08 -1.3085359839583606 0.20037971073280772 0.01952463444136898 0.03181361355016843
4.1 -1.217821925873034 0.19301311578325236 -0.1620409333504737 0.02491577098975712
4.12 -1.1164456888749654 0.18515732622234224 -0.41354048857395703 0.010829779448287441
4.14 -1.0021975899266926 0.17781912614238465 -0.6453437660043371 0.005857704044482628
4.16 -0.8774132162142949 0.17568385781811358 -0.848070242514763 0.0036046771587795305
4.18 -0.7457591899579259 0.1785697180915172 -1.0228227177865998 0.00263242662342625
4.2 -0.6096571392758822 0.18700349354347623 -1.1664743367306238 0.0017937641564420483
4.22 -0.47431952763717566 0.20029944672823036 -1.2738693690704246 0.000730140587734331
4.24 -0.3443141329895323 0.2192462511550473 -1.3210994008947603 -0.00214781858153262
4.26 -0.21343871303742365 0.23819955678096946 -1.336923300372127 -0.008038447964119108
4.28 -0.05121840232025285 0.25481507043089524 -1.152433357685637 -0.04861482857604951
4.3 0.07847798269001037 0.2495683095574593 -0.7749133241164146 -0.15020907115488474
4.32 0.2290842563659486 0.18700490964998445 -0.4943798730815035 -0.2908806175887229
4.34 0.21351044912452416 0.14303778743231474 -0.5254654505459591 -0.3831136613995912
4.36 0.2354135272306912 0.2287549069507825 -0.5532680948783294 -0.48481116296532945
4.38 0.2671980977939857 0.3211597847284078 -0.4440494761672571 -0.5150338745368943
4.4 0.304760553673456 0.4394066648967672 -0.18075224668618403 -0.4399416279533155
4.42 0.3933239267711228 0.6305140899262325 0.041104046271532545 -0.42416925391718235
4.44 0.466076762889454 0.8025511325494409 0.28694903835922636 -0.4247528148527355
4.46 0.560105083870684 0.9702662046019678 0.4736493912718743 -0.4098496400174323
4.48 0.6491869965718174 1.0962544914040608 0.5688395000992648 -0.40970104335208085
4.5 0.6967601412175509 1.124992631555898 0.5748353821377992 -0.3758656227089772
4.52 0.6867037196468793 1.0554373683292588 0.5055699627720462 -0.31983671028975125
4.54 0.6148477463490762 0.894391477667577 0.40869963669739123 -0.20844724977757842
4.56 0.49796925017960575 0.6775360394613081 0.34847909547021805 -0.022940882678696553
4.58 0.3776683273166323 0.4480692440838619 0.30296427649800195 0.12360742799137922
4.6 0.3089665334000428 0.15582759725763215 0.19991044964087493 0.4234557970759068
4.62 0.30094293424359875 -0.05906199893685383 0.08366262200437852 0.7452131874187401
4.64 0.269729047450417 -0.289670175041532 0.028593612614419874 1.005819800724957
4.66 0.23624666927857793 -0.5169445867020479 0.015522632283739582 1.1664190357987372
4.68 0.2187452236151374 -0.7216665054281773 0.011909972936447646 1.2606684411367723
4.7 0.2131492704222158 -0.8993773000700871 0.014936469370712212 1.2937610202649659
4.72 0.21522586054824555 -1.0498155697282763 0.02002165296958621 1.2783575490286276
4.74 0.22020336879262117 -1.1713662575050503 0.0270680624921669 1.2177665229683439
4.76 0.22563017891400985 -1.2643813624047497 0.034419685537644 1.1196191329199008
4.78 0.23033923543254303 -1.3295528628229016 0.03823016652673604 0.9882910148193872
4.8 0.23283546666222107 -1.3677104288810684 0.03788637850060334 0.8295400354040494
4.82 0.23122434234657102 -1.3798218932966386 0.036121205096849816 0.6491005261977218
4.84 0.22388026451417453 -1.366538183725823 0.038935684740049235 0.4523928960017825
4.86 0.21389638991484616 -1.3278869304139451 0.04532680183278444 0.24245019588452751
4.88 0.20644477821680313 -1.2718442625918223 0.04491163572966286 0.0448943905540329
4.9 0.20196250082925768 -1.1953450622303807 0.04414182270313497 -0.09451500304470004
4.92 0.1968068134269118 -1.0960405355471676 0.03322137143899393 -0.3318242558684086
4.94 0.18933167982389298 -0.9893112638094784 0.024695693831174377 -0.5603964314326638
4.96 0.1855544167084265 -0.8711018440803471 0.016581710840528376 -0.7603953127360588
4.98 0.185558751689707 -0.7464337866656701 0.007014746757704734 -0.9314878621950862
5.0 0.18694968299112893 -0.6167615918030035 0.004343933063542424 -1.072358880633389
5.02 0.1933389435366966 -0.48609919438604865 0.002660933496440244 -1.1796803831718257
5.04 0.20503172097430183 -0.3587911103183747 0.0013470717714277238 -1.2491506402196655
5.06 0.22294063442674897 -0.23778162758287597 -0.0017114802196449234 -1.2771612410370539
5.08 0.24625534412664268 -0.12161655359941938 -0.007088680580548093 -1.2189624881656247
5.1 0.2743644119827471 -0.026549645618940406 -0.028412552853896857 -1.1981663878080149
5.12 0.29068198557064295 0.08428090722629927 -0.061815126334852775 -0.9144293535999534
5.14 0.3278977602407378 0.10800318113286726 -0.11664492750264728 -0.7872396949861191
5.16 0.3662952674623725 0.2350713152552286 -0.17110839422507454 -0.5468951139247394
5.18 0.40811346631987777 0.3252748432755597 -0.20928614312618843 -0.2654987983373165
5.2 0.4797386712731446 0.34968290024658805 -0.26730028271646494 -0.058740435466509575
5.22 0.5768432394071372 0.3699690256703054 -0.31007300297500057 0.15470554561505018
5.24 0.7230903509958725 0.41163886756727536 -0.3528900022659806 0.307372795784112
5.26 0.8668871033634428 0.4947865828656055 -0.4059484363741534 0.3949624614559962
5.28 0.9522473121160452 0.5667373295718751 -0.3829128275719401 0.4566125467872496
5.3 0.9757036351562505 0.603641425876246 -0.34139328672569536 0.47222103651729597
5.32 0.9109130008296937 0.5929391082351558 -0.27826129525553145 0.423567262984702
5.34 0.7618635534911787 0.5276663248530916 -0.1750475108335283 0.339663468138791
5.36 0.5552920771390192 0.4258593687271071 -0.019025112911117425 0.27118181101165006
5.38 0.31499003106841067 0.3104239200246372 0.10370667709392312 0.23452828788183602
5.4 0.018968777955997138 0.24730279777509864 0.2795488767495273 0.1975039306576247
5.42 -0.24776316845126167 0.2695727525282205 0.5499152617336215 0.14916801689729473
5.44 -0.4703921105528054 0.2988166989572665 0.8507679402607752 0.12125132102202757
5.46 -0.6665694507322651 0.31083759551041473 1.0446412202616244 0.11500548782548153
5.48 -0.8412912684500828 0.31424423421888487 1.153294496701373 0.11168095001578936
5.5 -0.99280076250068 0.3121025219907891 1.1949174275531838 0.10608947867295512
5.52 -1.1183596226699597 0.30396458274526894 1.1803561396930027 0.10192507584160165
5.54 -1.217595957425165 0.2923942287483901 1.1195629481547318 0.09649109831329565
5.56 -1.290913245652964 0.27864154615125075 1.0197296923188999 0.08868853415051924
5.58 -1.3384904303910068 0.2631021690176343 0.88654030538242 0.07988070604037831
5.6 -1.3610859724492719 0.2469058079350807 0.7258609646561482 0.07002444014233032
5.62 -1.3597108971254386 0.23090166836353954 0.5432125073160692 0.0593404043261892
5.64 -1.3354102293052224 0.21569868290017444 0.34399468690897306 0.0485794373199846
5.66 -1.2895639004029844 0.2019969903902545 0.13379536822538993 0.038098026470796145
5.68 -1.2306940358247571 0.19113611932841812 -0.008922459472728728 0.031740537231743915
5.7 -1.137564684640778 0.1847410791035766 -0.21627223322711997 0.022113008514417797
5.72 -1.0400098741318495 0.17653915393901215 -0.4588910916605268 0.009357234137314714
5.74 -0.9276344763601165 0.17038739842599335 -0.6778180926897859 0.005486756099279296
5.76 -0.8065449326699088 0.1692815532349038 -0.8691177237218587 0.0035771996477626357
5.78 -0.6789315477000041 0.17316282636929375 -1.0350954727372557 0.002686946977446345
5.8 -0.5478399638450646 0.18228571805936572 -1.1703088036880027 0.002203053354234704
5.82 -0.41821885431067973 0.19628510897935328 -1.2703834965164325 0.0009946131314880124
5.84 -0.2934740586321377 0.21598938875317625 -1.3078221419627196 -0.0019500832592647965
5.86 -0.16934939229027873 0.2352860940504568 -1.3290260213043315 -0.008660599588328764
5.88 -0.02540668203308933 0.25038137653215364 -1.1416899716427182 -0.04758622398871066
5.9 0.10069109675480348 0.2515437570547291 -0.7861481638079436 -0.14394334305255227
5.92 0.24443360405830689 0.19560604244098326 -0.49666571661908476 -0.279664952317725
5.94 0.22423439619269833 0.15699193083789736 -0.5014313493939953 -0.37531577901940705
5.96 0.2440127434740544 0.24070326885667093 -0.5279177986059086 -0.47644211984161156
5.98 0.2750940958888921 0.3321476744651023 -0.421186456626418 -0.5079390348264914
6.0 0.31083732759430277 0.4499746900262209 -0.16227344603315333 -0.4363966711012507
6.02 0.3983027002947054 0.6382790770658043 0.052164594059573716 -0.4246937527874477
6.04 0.46721286653171673 0.8086196043459863 0.2965545989706087 -0.4282082973629213
6.06 0.5595984172460408 0.9743314657416213 0.4800855156912658 -0.4151358822514038
6.08 0.6470476173045989 1.0980818148791003 0.573627438226262 -0.41449694819294386
6.1 0.6929675287124223 1.1243977812927546 0.5788867532587375 -0.3784332252923734
6.12 0.6827484572554604 1.0521169930597958 0.5109127344323476 -0.31996926821287475
6.14 0.6112864718945253 0.8863692926744297 0.4072525800111524 -0.20793797774922632
6.16 0.49245806247370827 0.6614811758034747 0.34036377653534294 -0.018322537804744986
6.18 0.3736487021245432 0.41638790277713134 0.2929729866127389 0.13129274632910945
6.2 0.3199551614219382 0.11248381142274301 0.1847748135560642 0.45129274790858737
6.22 0.31652415036949383 -0.10159187386424287 0.07679131445739634 0.7756848005822669
6.24 0.283265757240774 -0.3346560715199787 0.03767275232759116 1.0299015170501347
6.26 0.2541304928998658 -0.5659809094332632 0.02192371489064607 1.188488442481275
6.28 0.23677255337907327 -0.773478984788268 0.018452076949245316 1.2784796723681264
6.3 0.22987833440634822 -0.9529857312984662 0.02151446373231479 1.3072910228147825
6.32 0.23005823189135682 -1.1044828129414137 0.02601865161176046 1.2868481660838136
6.34 0.2326390360904522 -1.2262421559206045 0.033133005961889096 1.2202138231062403
6.36 0.23651370301632613 -1.3190947178821995 0.038124677963103246 1.1149989167165923
6.38 0.23954324853662468 -1.383415264283125 0.03960758154915046 0.9758594308538311
6.4 0.24000814080511007 -1.4198360115547024 0.03836061132459226 0.8087957294289454
6.42 0.23529402651236725 -1.4293927793243788 0.03985308665897508 0.6201449814572999
6.44 0.2263510969783898 -1.4110346225135575 0.04694745444404292 0.41261267161104287
6.46 0.21890995517353354 -1.369144591452418 0.04861620415226577 0.19442588018766588
6.48 0.21258681013302952 -1.31195422369442 0.0473978846236289 0.01839995086994612
6.5 0.20916275683860938 -1.22205949079072 0.044597290897021226 -0.16539143187793992
6.52 0.20342330138961934 -1.1214015809790607 0.031362428892397515 -0.4173121508899914
6.54 0.19678154776222143 -1.007106218269464 0.024350963095667044 -0.6486798746727402
6.56 0.19515120756065094 -0.8822556368104197 0.014182418526122034 -0.8511278913558601
6.58 0.1958214384729978 -0.7503091915841068 0.006336502022021973 -1.0250261406798813
6.6 0.19897481759946822 -0.6133420497433234 0.004254363466532151 -1.1676265420576941
6.62 0.20773944317148083 -0.47635608384642175 0.0021681120341711813 -1.2746096502003397
6.64 0.22219389699691014 -0.343510165850756 -0.00028038085236294433 -1.3416113620299919
6.66 0.242792685214312 -0.21804719520785837 -0.003528442530210206 -1.3627754987000729
6.68 0.2687981068037574 -0.09902804012045817 -0.01560955795960551 -1.299517148761316
6.7 0.3005707569941205 -0.004320623618650924 -0.03188405130323783 -1.1823513656633289
6.72 0.318115512017542 0.09479972192785668 -0.09095144594636435 -1.0425487736175503
6.74 0.36917973046372793 0.151124352795681 -0.13042105410095078 -0.786147093984275
6.76 0.4131863765149895 0.25264543508097537 -0.19575946903486163 -0.5342153260640972
6.78 0.4601599508525491 0.3432847238164095 -0.23909521231004646 -0.247750571164618
6.8 0.5416563575672728 0.36800236347394566 -0.3147692902161338 0.01696585517134209
6.82 0.6513580974169432 0.3757635926637032 -0.3652601088338517 0.22726352872763422
6.84 0.8221971816309689 0.42967017623332937 -0.43895944777422274 0.3923873013334239
6.86 0.9728778064202923 0.518063184426532 -0.4879661669536126 0.4902918056382897
6.88 1.0744399360228678 0.5983720856793435 -0.46989028090164686 0.5648363435074224
6.9 1.105234740166611 0.641368786923321 -0.4389825547035503 0.5766952988518218
6.92 1.0347878582091519 0.6318662813050415 -0.37746782312836247 0.5124061229408414
6.94 0.8702831620174689 0.5647303485627018 -0.2607962846453011 0.41210434544807945
6.96 0.6418449412345995 0.4587312981013939 -0.08431870375578368 0.33073972980136157
6.98 0.38305741770873974 0.33729310000876117 0.06213787317495653 0.28460722418347784
7.0 0.05044523959986316 0.2707989961230551 0.25887810374883025 0.2266582591098981
7.02 -0.22688033971237664 0.29411545522786 0.5435842996673947 0.16998189486200108
7.04 -0.45860566127533275 0.32321919951100136 0.8792279526177054 0.14018649892390336
7.06 -0.6688272175722318 0.3346635079800508 1.0955302970581238 0.12906780126682138
7.08 -0.8572456843264601 0.33691044721742436 1.2197941881228076 0.12218625610687633
7.1 -1.021094526028679 0.3334046899465588 1.2720430053721081 0.11447590447581911
7.12 -1.157680653337706 0.3240428172900687 1.264214000113332 0.10874632573429696
7.14 -1.266536234584644 0.31124864362962645 1.2067780468533265 0.10242247062470607
7.16 -1.3480469800645198 0.2963308239990853 1.1075281762729734 0.09418669910734591
7.18 -1.4025048352876122 0.2797322559565563 0.972641757319675 0.08505558114440996
7.2 -1.4306872118823122 0.26250344650188473 0.8083165842077582 0.07497325035936148
7.22 -1.433621125679181 0.24548180970532138 0.6204199043648058 0.06408271781903818
7.24 -1.4123859562314722 0.22926917836545718 0.4146593152755529 0.05305104935021892
7.26 -1.3683725244965925 0.2145424624221939 0.19689709459858096 0.042233820325885185
7.28 -1.3089868607087314 0.20206052489923854 0.01946014363649692 0.03397685048806764
7.3 -1.2182592802009014 0.194757290005447 -0.1621155073099075 0.02688485970301982
7.32 -1.1168888755659954 0.18700632558696145 -0.41398895686688936 0.011908284756431759
7.34 -1.0025880259336966 0.1792487173048969 -0.6455817865312216 0.006886730780275712
7.36 -0.8777603845017694 0.1768403138287426 -0.8482129237788989 0.0042060604479641946
7.38 -0.7459218516573048 0.17934919836198193 -1.0229254197947164 0.0031103677940489023
7.4 -0.6097432696755241 0.18738878914301282 -1.1664764633118778 0.0022454110795733233
7.42 -0.47434246447536693 0.20042076375548126 -1.2738295832779765 0.0011567224624526983
7.44 -0.34425705139953583 0.21927640511393542 -1.3228167473816657 -0.002070241079395354
7.46 -0.21327519480925897 0.23830355944762285 -1.3352344514299412 -0.008203464310550926
7.48 -0.0508546122742786 0.2546818851529722 -1.1501945351888294 -0.04953800653771664
7.5 0.0789855438720048 0.24870537712168628 -0.7747160308796168 -0.15076756101426805
7.52 0.22906501226817585 0.18624461932746691 -0.4954169943576561 -0.2910785273699231
7.54 0.2135500123865565 0.14299946846900669 -0.5261417132164727 -0.3834643385211139
7.56 0.23545637563231495 0.22878966252393643 -0.5534380028680832 -0.4849783538465218
7.58 0.26727426049024766 0.32128147825923653 -0.44372255909210245 -0.5148569342638625
7.6 0.3049546224842208 0.4398061741701496 -0.18051561516652406 -0.4400064287954153
7.62 0.3934900253468288 0.6308079740139605 0.0412867067754597 -0.4243201877390353
7.64 0.46629154648758997 0.8028896060683572 0.28713841679741925 -0.4248169625700749
7.66 0.5603818808002863 0.970717092717167 0.47368198229502956 -0.4101532575416655
7.68 0.6493306889848185 1.0961277864342471 0.5687889468038704 -0.40923302362100566
7.7 0.6962991951875146 1.1233037435829167 0.574554212382079 -0.3733940907414917
7.72 0.6850133673623869 1.0511239765508862 0.5048058791077518 -0.31461915348616215
7.74 0.6113355323464661 0.8865358677794478 0.4078240706780755 -0.19922220300617852
7.76 0.492588097373641 0.6663064748118738 0.34701665503336104 -0.012948687810694238
7.78 0.37197557638502166 0.4278905881839702 0.29973705412602397 0.14037285278396153
7.8 0.3070773840389032 0.12778009827608414 0.19445539071595846 0.4473991939765257
7.82 0.3012596100916459 -0.09047387010911728 0.07857093627997443 0.771602233706142
7.84 0.26934464749122916 -0.3259783363922353 0.028612505495107802 1.0295917801154317
7.86 0.237498818364171 -0.5577936410693191 0.01616013192441139 1.1883148431276271
7.88 0.22119507236271677 -0.7664276941713035 0.013084155121987136 1.2791134513948752
7.9 0.2166198930585594 -0.947325973776536 0.016371588387454714 1.3078826426886425
7.92 0.219400707865645 -1.1002175777136225 0.021585919880921206 1.2871991219763665
7.94 0.22490856096206507 -1.223348868729976 0.028671553507577732 1.2202865515448575
7.96 0.23066457030702875 -1.3170540414292609 0.03633081703177434 1.1150408930411975
7.98 0.2358382975278813 -1.3820734794576555 0.039662365028518096 0.9756919407629705
8.0 0.2386819504308868 -1.4191459093268282 0.03881427331160204 0.8083946995135178
8.02 0.2369061471027035 -1.429255581730203 0.03756385844775291 0.6191774566462216
8.04 0.22941448619649027 -1.4124379946021426 0.04171287189324265 0.41281643511300714
8.06 0.22036340759524597 -1.3698397688535144 0.04719607717756605 0.1937875874820174
8.08 0.21393225404913888 -1.3121786882368527 0.04736224719334341 0.018145777574874934
8.1 0.21067982340266375 -1.222566870677829 0.04419529803330371 -0.1654626784396721
8.12 0.2045390102637881 -1.121681979156701 0.03184127358630402 -0.41749731180233396
8.14 0.197831395614831 -1.0072950619011032 0.024918900944928313 -0.6487498584964755
8.16 0.19608749374373258 -0.8824744116428146 0.014583826558899796 -0.8511661849212215
8.18 0.19665238317470482 -0.7504397440577527 0.006475976920206493 -1.025108943048697
8.2 0.1997254528442401 -0.613446523242257 0.0039225955531588365 -1.1676496595750738
8.22 0.20794380933342546 -0.47645811555886264 0.0023556935502446227 -1.2745836793353136
8.24 0.22228304573008953 -0.34350286461017854 -0.0001845126523494311 -1.341597197864328
8.26 0.24280058173444133 -0.21774797460863035 -0.0034467321291235314 -1.363810951380209
8.28 0.2695198332957693 -0.09890927042467705 -0.014681100044430897 -1.2971720239753863
8.3 0.3010958713842513 -0.007155048279704998 -0.0355277860277081 -1.2087737581524116
8.32 0.318914630836196 0.1019342519494081 -0.08778489790718053 -1.0151383970364716
8.34 0.3673903544289539 0.14827886281030941 -0.13222508877980135 -0.7841582850345605
8.36 0.41109565834736367 0.25367925023289556 -0.19664001330662148 -0.5342750906361159
8.38 0.4581842179610217 0.3433504102062077 -0.239044552659787 -0.2480066930866588
8.4 0.5405142690114065 0.3674947901551283 -0.31351156451158 0.01386255457755515
8.42 0.6513205728881871 0.37608907786682494 -0.3650559618322317 0.2273750027138268
8.44 0.8219929488030907 0.42959641623803896 -0.43888900774292344 0.39193961349837747
8.46 0.9724992182590707 0.5179609111069968 -0.4874144658231019 0.4901096363486081
8.48 1.0746282333944326 0.5984158786059333 -0.47024681549013103 0.5647538835158702
8.5 1.106929592333445 0.6420345324187281 -0.44121540950017774 0.5768042879907358
8.52 1.0391596076732381 0.6337249817543594 -0.3824138795907739 0.5131378233295985
8.54 0.8783095850187628 0.5683343618781462 -0.26947158429568363 0.4134071590854441
8.56 0.6549448189956679 0.4645915817650363 -0.09725614885163424 0.3318390370260337
8.58 0.40431732462860154 0.3434961796305632 0.05034411817744819 0.2856314120366463
8.6 0.07605797905866851 0.27021837961249084 0.2470500594435646 0.23071016771619868
8.62 -0.19783944787998756 0.2909318034503705 0.5095956818795738 0.17223955250065967
8.64 -0.4205558479228286 0.321588399095032 0.8525027501372274 0.14086846798420485
8.66 -0.6265511887743094 0.33231979450749194 1.0723719409434318 0.12909064955103436
8.68 -0.8114450694791606 0.33382530017422957 1.2002669576097278 0.12201982918564445
8.7 -0.9726265906942844 0.33022632166907306 1.257400476677699 0.11290553214929043
8.72 -1.1070651037510106 0.3203288549021028 1.2550098740672462 0.1068575872562096
8.74 -1.2144273640009533 0.30704069035883746 1.203923247408543 0.1005642977131197
8.76 -1.2953258533419045 0.2918243569320138 1.1119988497075755 0.09213190502963237
8.78 -1.3500101780927678 0.2748406481456067 0.985100950413972 0.0831111808917692
8.8 -1.3793233657475907 0.2572304022199993 0.8293701219604864 0.07328013991429937
8.82 -1.3843792246787279 0.2398554095954136 0.6505333550250023 0.06261506465677737
8.84 -1.3662399826272777 0.22323913758915043 0.4540545792461611 0.05189500778612447
8.86 -1.326275141163471 0.20806097789346611 0.2455975617793146 0.041440417083889104
8.88 -1.2686864982024952 0.19478802804704068 0.04676124916394314 0.0321663178734643
8.9 -1.1910562914033767 0.1861695779812887 -0.09188298285537023 0.027464299108550295
8.92 -1.0912150553778108 0.17943959859745237 -0.328382419189796 0.013988545549745476
8.94 -0.9846145555973048 0.1710498786275651 -0.557191787665485 0.0069530794449539505
8.96 -0.8664770943461942 0.167137838045316 -0.7576442048304004 0.0045858984001869215
8.98 -0.7420087963226853 0.16829973725720165 -0.9291796660231337 0.003094421318792131
9.0 -0.6130717829754024 0.17450092804215053 -1.071172515751602 0.002226728402277345
9.02 -0.48383344376140186 0.18541337619464446 -1.17893782386901 0.001805156016113719
9.04 -0.35876685650142975 0.20158984173747466 -1.2422959164847156 -0.0006874615067351479
9.06 -0.23275988287760593 0.2194852880150241 -1.2488595298263365 -0.006059394329917565
9.08 -0.0683917261556943 0.2340657470453968 -1.0591113511299566 -0.035994208270750595
9.1 0.03863314671330133 0.22404160817417762 -0.778301136058599 -0.1269936617838649
9.12 0.20127792204538725 0.17215950330718563 -0.49585091263384357 -0.24979730095789404
9.14 0.19853447537262 0.12475973392024585 -0.46727783649097704 -0.33579155745552497
9.16 0.21337950952968535 0.19686322750008295 -0.5012812785208716 -0.42352001664076455
9.18 0.2513181660996239 0.28930068501527334 -0.44035445831130127 -0.47906848075323727
9.2 0.2858495209400389 0.3852861553880483 -0.22052883693773107 -0.4130540974119535
9.22 0.3655084070465174 0.5532977452375001 -0.009607769027433915 -0.3778756353725472
9.24 0.4478585308184251 0.7094150547778645 0.17954020603392365 -0.37536382724300255
9.26 0.5293748110866713 0.8543721411701506 0.35486391624037844 -0.3504085362997971
9.28 0.6104011770085472 0.9650209248477999 0.4478909828242106 -0.3322741863285089
9.3 0.6523981548756401 0.9881182980570832 0.46447331653254176 -0.2827778581822479
9.32 0.6415640925073806 0.9245321397050472 0.41684594240332196 -0.22119923303378766
9.34 0.5749046998710302 0.7764466179382823 0.33326929141138484 -0.12053136367277764
9.36 0.4622345751177812 0.5867235809615273 0.26825764516393524 0.0019135125144595238
9.38 0.3437335919304646 0.34610684208176495 0.23380633457420344 0.20322703552433136
9.4 0.2847795418660095 0.07708516405743239 0.15358585828650545 0.4929664708979358
9.42 0.2810258501224803 -0.1211899805541974 0.05230232585469387 0.7809408495431113
9.44 0.2478244486366859 -0.3411371347131859 0.020153360388208776 1.0040620996146723
9.46 0.2200105573353748 -0.5586857172646709 0.011987661706301826 1.1400280580634818
9.48 0.2071428621444711 -0.7539500130137743 0.010270872436868464 1.2133705511203126
9.5 0.20456719941954163 -0.9224601860470812 0.013476850582510313 1.2308125756589634
9.52 0.2079947077075773 -1.0640409450407062 0.018411461928234337 1.203212768996891
9.54 0.2133123644517064 -1.1769647825651164 0.02506733191340241 1.132841847352722
9.56 0.21854255039765924 -1.261880683685077 0.031712754222152126 1.027103558351093
9.58 0.2227623668872955 -1.3193205578507068 0.034932888779091016 0.8896115793178697
9.6 0.22483282508872623 -1.3501745049617782 0.034091793077738325 0.72606557779181
9.62 0.22271153873573327 -1.355482041014165 0.03276585797361045 0.542108156525102
9.64 0.2154703339789759 -1.3353036410425851 0.03648157376759625 0.34231534787461676
9.66 0.20697199415740836 -1.2907234728310377 0.0415915754151389 0.13092944684724273
9.68 0.20176693198115608 -1.2332804148730896 0.04336282985569951 -0.011166913746363381
9.7 0.19914482941529726 -1.1416196335018596 0.03773086225824516 -0.21912127002811552
9.72 0.1927808934494038 -1.0442668582977652 0.02726196273573852 -0.4619783982052472
9.74 0.18768697991139166 -0.9322510515835516 0.02156758444375043 -0.6808859293923504
9.76 0.18766581131654392 -0.8115083628229641 0.011149629972730429 -0.8725898168861851
9.78 0.1889116101011946 -0.6836545897623323 0.005795992927717616 -1.037279442741108
9.8 0.19364864765584547 -0.551534464400418 0.0037630536756124927 -1.171687434066336
9.82 0.2034391937366057 -0.42026861749772154 0.0020671172540216516 -1.2712682450675727
9.84 0.2189112553374311 -0.2931812184301771 -0.000420913287915188 -1.3321583887200874
9.86 0.24028949034689626 -0.17345163962975804 -0.0035426161864383627 -1.3481048446036183
9.88 0.26664566958211533 -0.060555032751020345 -0.01513218529853251 -1.2826599907014598
9.9 0.29466238936966194 0.006754872351390383 -0.030629774599687982 -1.1772798755452938
9.92 0.3206829863060524 0.12603982390896032 -0.08773867771788493 -1.0120135873543372
9.94 0.37081596969129577 0.16851143773468052 -0.12669966695088253 -0.7743466590184004
9.96 0.4162882371024288 0.2744077835649663 -0.19239291989432888 -0.527668636294909
9.98 0.46594245331403095 0.35830486512436815 -0.23717434659503797 -0.22730014689259895
10.0 0.5484174842864042 0.3750510301399925 -0.3092514603105694 0.006707677565214929
10.02 0.6589183264787032 0.38036008450087755 -0.36375349232347487 0.24394584757168233
10.04 0.8265482235507312 0.43090668874541715 -0.4326635377749519 0.4050792213419794
10.06 0.9782797005639123 0.5189831101828778 -0.48784863183074656 0.5004058990618951
10.08 1.0779148491336075 0.5979209724068526 -0.4731311286145937 0.5701499091680151
10.1 1.1083595057014657 0.6405118504775451 -0.4443390921854777 0.5799691280189059
10.12 1.0396356698820386 0.6323142926718923 -0.38539902722928737 0.5158343219438823
10.14 0.878122325748064 0.5668980714984738 -0.27408397526659245 0.4137337889183816
10.16 0.6529453472761534 0.46316431627696864 -0.1001400403598457 0.33069272360394586
10.18 0.39627795921788445 0.3443249658269652 0.045458983410050474 0.28281968033668725
10.2 0.06619770210748166 0.2774004710290433 0.24119612614939723 0.2286035084331039
10.22 -0.2029402611033425 0.3014635778951873 0.5150149928170737 0.1732182837589638
10.24 -0.42519248068218185 0.33087955085301096 0.8554368356800454 0.14552008318696705
10.26 -0.6303755148694702 0.3407564493638167 1.07358293672148 0.13533891980310858
10.28 -0.8147999614740811 0.3418281552149191 1.2010060504330324 0.1271607716228555
10.3 -0.9753339147362853 0.336897771642561 1.2576229875249565 0.11756902077628048
10.32 -1.1090999205030523 0.32562851692456696 1.255028342957806 0.11069095217701026
10.34 -1.2159416361059463 0.3111249294193336 1.2040112022940321 0.10293488730240474
10.36 -1.2963404433100623 0.29458750737985545 1.1121042459409303 0.09332328610585129
10.38 -1.350574404239082 0.2763990504894586 0.9852458027928354 0.08331308494469863
10.4 -1.3795512284447207 0.2578014293463089 0.8295879663279561 0.07257656520195224
10.42 -1.384345421352419 0.2396080163867163 0.6507842211420772 0.061293447326233645
10.44 -1.3660164853315688 0.22238524919330144 0.45432085204357003 0.05020529809566052
10.46 -1.3259416441757972 0.2068179573602351 0.24586799885129626 0.03957164022536907
10.48 -1.2682930979300373 0.1933354433662439 0.04695040991189593 0.030312967171846363
10.5 -1.1906743555701542 0.1846748093306068 -0.09158792037114308 0.025765768417690075
10.52 -1.0908543400608341 0.1780256355726397 -0.32819696643144985 0.012536615305892184
10.54 -0.9843020804362136 0.16972366564139055 -0.5570060733166307 0.006084276119902199
10.56 -0.8662068195716458 0.16595150831351207 -0.7575237996358234 0.004350967471855189
10.58 -0.7417851589590545 0.16746680210477805 -0.9291419279187345 0.003224182766143199
10.6 -0.6129561921683647 0.1741522803724445 -1.071173176755329 0.002171493721652254
10.62 -0.48382893343820554 0.18529636077403963 -1.1789653949656178 0.001843213065417888
10.64 -0.3589139125869007 0.20178819987244695 -1.2413009897901146 -0.0008816276431833573
10.66 -0.2328805527652776 0.2195529339380542 -1.2505494938417527 -0.006045592869492963
10.68 -0.06892001452382487 0.23433122122393446 -1.060876470061717 -0.03520606232264152
10.7 0.038206518373902695 0.22488666666916582 -0.7781096720426107 -0.1266744262112103
10.72 0.20135469826292923 0.17277606351265284 -0.49454881439983805 -0.2499005029957101
10.74 0.19843046202492734 0.12473667598940436 -0.4669011088783126 -0.3356813837323465
10.76 0.21330756394341502 0.19678139686512924 -0.5012196926146508 -0.4234413272741089
10.78 0.25123522244122076 0.2891397416706599 -0.4406498981616447 -0.479218467906861
10.8 0.2856610207057221 0.3849340872903676 -0.22072268316683397 -0.41298411509258015
10.82 0.3653216917458271 0.5529987650334202 -0.00980449807155032 -0.37779285754294656
10.84 0.4476266861194576 0.7090501806968277 0.1793339600719424 -0.37530649779727804
10.86 0.529072819288731 0.8539215350764041 0.3547862800316285 -0.35016533674001543
10.88 0.6102325454952129 0.9650890968522736 0.44786656202788594 -0.3327640008279276
10.9 0.6528112535669791 0.989642540484389 0.4646811865486158 -0.28505773328024386
10.92 0.6431831633161181 0.9285598584998549 0.41756185798264717 -0.22591262776912674
10.94 0.5782871565420705 0.7839074333310501 0.3344674428840891 -0.12882538626887724
10.96 0.46753692610731046 0.5952430299645077 0.27039582906430115 -0.0005989641023535268
10.98 0.34946828321787426 0.36630500186300113 0.23836582410479817 0.18412458959228023
11.0 0.28711156751730216 0.10415497460041749 0.15983983307607644 0.4695389385988252
11.02 0.28206723798812383 -0.09032778233691528 0.05597162309346672 0.7575630838985076
11.04 0.2485335766038053 -0.3053593141527699 0.01970104562668981 0.9831000248646724
11.06 0.21880611068691916 -0.5183709569803076 0.010998591703907901 1.1209704227249002
11.08 0.20444566686846152 -0.7098372885300459 0.008892701779501634 1.1978465832429404
11.1 0.20064510063507857 -0.8751249437477461 0.012304001126672591 1.2193914569507158
11.12 0.20360393847971564 -1.0143717050869687 0.01662824611499017 1.196916182671962
11.14 0.20842583376170665 -1.125811753018683 0.023063528086651998 1.1326098706867633
11.16 0.21326762705545474 -1.2100474636248952 0.02960002087769836 1.0337424807399234
11.18 0.21702411236314564 -1.267633323604803 0.0334483679797222 0.9039781998155871
11.2 0.21880945919015152 -1.2995719590589392 0.033176262269752316 0.7486706553183974
11.22 0.21693132091122688 -1.306858938350154 0.03136296448028744 0.5731531533728744
11.24 0.20990387872724967 -1.2901942642898714 0.03373929258156396 0.38263056953461555
11.26 0.2005339026499748 -1.2494988193551135 0.039737305830141935 0.1799693090039211
11.28 0.1940447447055945 -1.1952086119274816 0.04073676625026988 0.017023935458667025
11.3 0.19093398680994178 -1.1129478785141709 0.03864382575936362 -0.14439203868148273
11.32 0.18528158121681268 -1.0191742900877887 0.02768906083568635 -0.3791265699393191
11.34 0.1788890486055956 -0.9143023579705799 0.021804664964958646 -0.5953270433416814
11.36 0.17721158162082723 -0.8000265376469939 0.013091293265666812 -0.7840075946898947
11.38 0.17795077275621587 -0.6794106632587016 0.005910812498574073 -0.9459119179534323
11.4 0.1808619013330032 -0.5542999003630225 0.004160502851912067 -1.0786671144790494
11.42 0.18878242774370627 -0.429088309101849 0.002430573344255669 -1.1788111419349678
11.44 0.20140564711667092 -0.3074807017288154 0.0017338430459182558 -1.2422491169073562
11.46 0.22043566325208633 -0.1920605393343255 -0.001722667692014744 -1.2654599771099944
11.48 0.24409666385735637 -0.08178677161481335 -0.0072818676822212925 -1.204994611684193
11.5 0.2707542007721715 -0.0028000227736570365 -0.027076689996315708 -1.1818397183705975
11.52 0.2919290704406181 0.1128581448686297 -0.061688005744334834 -0.895666875282599
11.54 0.327671178466715 0.13043511246845693 -0.11189292799079624 -0.7922422228620752
11.56 0.36946878460669674 0.2566398005464062 -0.16833825429151972 -0.5380126520436428
11.58 0.4137171664804216 0.33428563362800245 -0.20770097965631254 -0.24820270941006178
11.6 0.4867508877258173 0.36025794654352006 -0.2626314819804114 -0.056301916922656986
11.62 0.5851185602055159 0.37378700610162896 -0.3096644420282524 0.16507266832364895
11.64 0.7270558220244168 0.41367714154374285 -0.34664030700763987 0.31784618601688414
11.66 0.8721920069921864 0.4962868651200855 -0.4036005074831099 0.40587042655691263
11.68 0.956306737012245 0.5669435722209079 -0.38551487115524424 0.46209118559897727
11.7 0.9773552664967146 0.602861894687347 -0.34405048642829933 0.47486885452277133
11.72 0.9113438524450733 0.5916470070349336 -0.2806675746493227 0.4251385432797898
11.74 0.7619323258407897 0.5267121250185121 -0.17819145218962182 0.34046422940944565
11.76 0.5534812648295062 0.4247675467734021 -0.020775377973651074 0.27032891352285476
11.78 0.3084700237474953 0.31124151626709734 0.09703324792847633 0.23284834513573163
11.8 0.012850058593764313 0.2544967043941808 0.2759267300240754 0.19538955659084206
11.82 -0.2537327940028625 0.2782969785373909 0.5547203215145613 0.14947037370798288
11.84 -0.4749143077114034 0.3063472157093633 0.853018375707245 0.1256501247912522
11.86 -0.670342378506822 0.318166811616252 1.0458767300319836 0.11975425321425441
11.88 -0.8444834167703966 0.32093946378274324 1.1539405673785077 0.11598024888740043
11.9 -0.9952716508617308 0.3176205198335008 1.1950750149219673 0.1102385843888645
11.92 -1.120251034275071 0.3084776672967368 1.18044784846986 0.10505919843354956
11.94 -1.219000465800649 0.2958270189726595 1.1196656575130064 0.09845464980869072
11.96 -1.291837647891887 0.2809325841846866 1.0198246426845392 0.08973594300944245
11.98 -1.339027785377359 0.264409741174595 0.8866926808060075 0.08001929079587472
12.0 -1.3613256723025662 0.24736868147082336 0.7260625826177638 0.06940941324058277
12.02 -1.3597126772467678 0.2306688172250187 0.5434359940489945 0.05822432345020727
12.04 -1.335249109182046 0.21496304293909838 0.34423472989036874 0.04714004690178748
12.06 -1.2893059049578528 0.20093365531460464 0.13403466726747046 0.03651272532906027
12.08 -1.2303728489138481 0.18988888392998526 -0.009221007964418465 0.03014098381297546
12.1 -1.1372816910077157 0.18346178239155944 -0.21590454732344566 0.020716668669986914
12.12 -1.039700128420197 0.17514157676587547 -0.458504600346902 0.008712563337629927
12.14 -0.9276399045710728 0.16916327245336585 -0.6779182807240653 0.0052898802022464594
12.16 -0.8067783475063268 0.16839145893893626 -0.8696986788017107 0.003593688369112149
12.18 -0.6792871827152405 0.17280129716790238 -1.0353504155131446 0.0024365634876422986
12.2 -0.5481555202775371 0.18221110709655444 -1.1705747304939242 0.0019963355737077733
12.22 -0.4184712386448867 0.19642187708335418 -1.2705572980391349 0.0007679217962182885
12.24 -0.2936225180422024 0.216209262460726 -1.3069551952393734 -0.0021573579660561183
12.26 -0.16972892601025039 0.23544380627934264 -1.3294257633153725 -0.00887779695857104
12.28 -0.025697777110285154 0.2504063505178236 -1.1436627776507433 -0.04722867623041014
12.3 0.10052003615828418 0.25196887095181947 -0.7858781918294695 -0.14374883272786312
12.32 0.24443214158132323 0.1959124205528752 -0.4958334531876144 -0.27976019463653384
12.34 0.22412027182679808 0.15690455828553948 -0.5013959915219162 -0.3752217015811909
12.36 0.24395059232763053 0.24060616649251196 -0.5280207771610292 -0.47643104509478496
12.38 0.27500181205361846 0.3319639544408812 -0.4214573973481715 -0.5080160598742349
12.4 0.31067731145147304 0.44966349132679406 -0.16247155968977164 -0.43630138471599733
12.42 0.3981336404984824 0.6379887145998954 0.0519598357440702 -0.4245907545763683
12.44 0.4669975109957666 0.8082526728174966 0.29636929701055637 -0.4280736968669453
12.46 0.5593257338471633 0.9738906101415037 0.47999395097860315 -0.41484624024186945
12.48 0.6469039221124063 1.0981584843916408 0.5735897574177534 -0.41497172322628795
12.5 0.6934198603956332 1.1260213636185112 0.5791037775121638 -0.38085418187691117
12.52 0.6844412150140622 1.056403412810772 0.5116765438308551 -0.3251144749635
12.54 0.6148223109232436 0.8942894374334291 0.40832682798113196 -0.2171649767303617
12.56 0.4979043673427766 0.6732756086067746 0.3416061745687811 -0.029737782073935574
12.58 0.3790505815347637 0.4370920248448584 0.2959382230385977 0.11496004751047838
12.6 0.32109471326780903 0.14022061564832647 0.1908712903865006 0.42684832782670235
12.62 0.31648065926511126 -0.07029733694521673 0.08101031178600238 0.7501023315131953
12.64 0.28352875305603187 -0.2983538390566602 0.037641599557798514 1.006431482839009
12.66 0.2528549127244849 -0.5251155784841317 0.0213266971613114 1.1666959052008172
12.68 0.2344656327369001 -0.7287815348477465 0.017081479214311877 1.2602106282518704
12.7 0.22642753555544717 -0.9050637205401122 0.020152511764477833 1.2931660972416137
12.72 0.22595034387869734 -1.0541301482266008 0.024453652353188745 1.2780473149469864
12.74 0.2281278538049559 -1.174354024477012 0.031042112633866213 1.2176440114355263
12.76 0.23139773563154264 -1.2664278195881982 0.03645856286593632 1.1196442493306613
12.78 0.23400606772975485 -1.3308691071104648 0.03837670386101878 0.98844115047376
12.8 0.23438133676542494 -1.3683744432413674 0.037070334339412286 0.8298606491939776
12.82 0.2297748611218775 -1.3801275390903205 0.037801374289568784 0.6502315242630836
12.84 0.22052269880741243 -1.3650651480601144 0.04460228495213107 0.45213290395333283
12.86 0.21229321622351102 -1.3270958649390516 0.047143614047910454 0.2431137305524124
12.88 0.2050800381871083 -1.2716509385713723 0.04513789383101756 0.045504917643901036
12.9 0.2004501970669152 -1.1947610270578306 0.044766157483660536 -0.09431451053606349
12.92 0.19571775280665676 -1.0957646495178193 0.032866244033858114 -0.33179899251501177
12.94 0.18832059265175932 -0.989132534231211 0.024234553250142392 -0.560421356600327
12.96 0.1846638565451815 -0.8708932119350028 0.016261844160024273 -0.760407299926368
12.98 0.18488495624905074 -0.7463158050288942 0.0066330050013095184 -0.9314588008419937
13.0 0.18632643074436037 -0.6166766688406301 0.004367335805500279 -1.0723182177546766
13.02 0.19289789477809013 -0.4860194817273702 0.0028553512690609835 -1.17968957298458
13.04 0.20471280118941668 -0.35876747866583253 0.0018195909438366664 -1.2491131981426273
13.06 0.22296157548630205 -0.2377816596787024 -0.0016866474014681472 -1.2772343595390132
13.08 0.24614015302307388 -0.1216091840666437 -0.007508850315563935 -1.219273187735016
13.1 0.27452134591433547 -0.026312691668324534 -0.027654871591978002 -1.1916895505285772
13.12 0.2896514855397832 0.08383963272837429 -0.06316751049563908 -0.9227523837081713
13.14 0.3284414561452564 0.1095497907318863 -0.11542935599828047 -0.7825104248898052
13.16 0.3668689043063735 0.2337313453533211 -0.17112184460696475 -0.5482440670127784
13.18 0.40852685890142915 0.32536313446446563 -0.20881260099559384 -0.2671456366072855
13.2 0.48018397607783575 0.3495850062277348 -0.2677823878504652 -0.05808022220166129
13.22 0.5767730902116859 0.3698385712059556 -0.3101676639823838 0.15442618486921791
13.24 0.723087196037019 0.4115815562933552 -0.35311828368506104 0.30745030765136905
13.26 0.8667722269719128 0.49471794123139795 -0.40598957944466796 0.3948017080699141
13.28 0.9521601871910029 0.5667007551382558 -0.38284953046143494 0.4565699918988632
13.3 0.9756469499697275 0.6036138848527339 -0.34134176894069534 0.4722080764765576
13.32 0.9108853865279027 0.592926526726335 -0.27821263138092217 0.42357895742908375
13.34 0.7618720770396601 0.5276781410270479 -0.17502530604674058 0.33968067951297465
13.36 0.5553060225009403 0.4258940517397328 -0.019006266926734294 0.27117979110679846
13.38 0.31500598016798764 0.3104720226460678 0.10365239150593845 0.23453503631965028
13.4 0.018999412200337514 0.2473671819523827 0.2795854603563954 0.1975763205558559
13.42 -0.24776565928125907 0.2696159840213148 0.5498569011072255 0.1492174541380686
13.44 -0.4704022788378149 0.2988299907133841 0.8507124849300663 0.12129298504069562
13.46 -0.6665753593958569 0.3108427474936285 1.0446152516820912 0.1150145935819523
13.48 -0.8412922621958804 0.3142417358654853 1.1532896453096673 0.11166019559081936
13.5 -0.992794326857328 0.312084311052269 1.1949188200768077 0.10606642802686003
13.52 -1.1183494750195808 0.3039393017463881 1.1803627801288687 0.10189667890215294
13.54 -1.2175860484450216 0.2923669859604643 1.1195729448961054 0.096455749798008
13.56 -1.290903374897469 0.27861241818109544 1.0197393327237119 0.08865672245112634
13.58 -1.3384814367564675 0.2630749600103118 0.8865495585611782 0.07985476202373362
13.6 -1.3610793194879116 0.2468835329476428 0.7258698761686992 0.0700037254670339
13.62 -1.3597064732301456 0.23088487157420384 0.5432201681990363 0.059327497977708046
13.64 -1.3354079885090429 0.2156882042651201 0.34400110349694507 0.04857443685419583
13.66 -1.2895640108932545 0.2019930944701334 0.13380060156171258 0.038099479362992954
13.68 -1.230686728961551 0.19113905241847726 -0.008927137129118877 0.031747627271764764
13.7 -1.137580956798409 0.1847428234075592 -0.2162785016360415 0.02212276961214673
13.72 -1.0400125839462155 0.1765513455547989 -0.4588805616581911 0.009372115626705172
13.74 -0.9279266931527266 0.17039945349864088 -0.6781610173984057 0.005433523065517862
13.76 -0.8070945807833246 0.16929645927268755 -0.8697283239534653 0.003485472243220064
13.78 -0.6793807123506297 0.17322572395116623 -1.0354785005194609 0.0026705074771791685
13.8 -0.5481886533789502 0.18239364034475053 -1.170520553774458 0.002208225501342866
13.82 -0.4184398838729814 0.19646069619563586 -1.270540437323819 0.000873936140072552
13.84 -0.29367582694411015 0.21615917404873863 -1.3080995507619186 -0.0021547139606275167
13.86 -0.16953068118456222 0.23528295738920807 -1.3292065066779504 -0.008582310520265033
13.88 -0.025507271776091182 0.25040181126175176 -1.14142480396355 -0.04740031455374944
13.9 0.10054513496369064 0.25154441881146067 -0.7864185092975964 -0.14386921876672198
13.92 0.24437768928416623 0.1955686037694942 -0.49684059648762935 -0.27956455409746295
13.94 0.2241872106932081 0.15688061380409135 -0.5013645921477942 -0.3752222462527336
13.96 0.2439166118502867 0.24052858143536773 -0.5279342731263302 -0.4763121143812882
13.98 0.2749961556990599 0.33196911821920766 -0.4213164838713972 -0.5078785594667743
14.0 0.3106985837698986 0.4497188623694622 -0.16243173416444037 -0.436321949959516
14.02 0.39812710386499445 0.6379727260198549 0.05202593320442537 -0.4245469219415881
14.04 0.4669991148538575 0.8082740067140907 0.2964186363186564 -0.4280438231741144
14.06 0.5593297005095214 0.9739064183558445 0.47999328354431703 -0.4148793054609734
14.08 0.6468984517578766 1.098147405718308 0.5735984763436507 -0.4149570733711249
14.1 0.693415857808495 1.1260223992699416 0.5791154673576289 -0.38085226856628046
14.12 0.6844395344808365 1.0564046092893578 0.5116832741878172 -0.3251153478121748
14.14 0.6148233641285651 0.8942907444534349 0.4083259700250336 -0.21717285758518748
14.16 0.4979050807046157 0.6732729316493294 0.341597068532607 -0.029746388042584754
14.18 0.37905149624478895 0.4370846576345918 0.29592948113143563 0.1149521437487781
14.2 0.3211013861760158 0.14021202073289216 0.19086303911697233 0.426848940188087
14.22 0.31648870331708556 -0.07030342879802831 0.08100738481016698 0.7501037831883943
14.24 0.28353600189614553 -0.2983581371448459 0.03764613498679975 1.0064309180949789
14.26 0.25286353091864777 -0.5251194529754675 0.021331329745263913 1.1666956040661913
14.28 0.23447425706482072 -0.728784875346161 0.017086066454126067 1.2602097847983853
14.3 0.22643569326385002 -0.9050665672181504 0.02015612586368243 1.2931653186045222
14.32 0.2259574424969738 -1.0541324435463049 0.024456107168319915 1.2780466517490658
14.34 0.22813351487327097 -1.1743557163997744 0.031043553571799446 1.21764351142562
14.36 0.2314018550978268 -1.2664289507548316 0.03645906293792629 1.119643961098421
14.38 0.23400866073781837 -1.3308697216484022 0.03837652973910258 0.9884410243596897
14.4 0.23438226851876764 -1.3683746760816478 0.037070424715650814 0.8298608301408567
14.42 0.22977414691940976 -1.380127242963657 0.037803124261290975 0.6502317678971613
14.44 0.22052151351196328 -1.3650643404269922 0.04460452591486365 0.4521328413300448
14.46 0.21229257730064222 -1.3270953855236562 0.047144076464703685 0.24311397885498853
14.48 0.20507933786675817 -1.2716506194801722 0.045137778843482995 0.04550501608194876
14.5 0.20044940871899 -1.1947606278406062 0.044766061842547895 -0.09431449672622032
14.52 0.19571709680711205 -1.0957643617121384 0.03286578154848545 -0.3317989123854994
14.54 0.18831995858864448 -0.9891322942951039 0.0242340855059197 -0.5604213210869806
14.56 0.18466329100892045 -0.870892987366758 0.016261466134299272 -0.7604072747483432
14.58 0.18488450450566726 -0.746315640467513 0.006632669129320028 -0.9314587743181771
14.6 0.18632607821795136 -0.6166765432645785 0.004367120943976853 -1.0723182081834413
14.62 0.19289765748885568 -0.4860193919242717 0.0028552385741776095 -1.179689567283161
14.64 0.20471267309610167 -0.3587674288972666 0.0018195526265881127 -1.249113195422478
14.66 0.2229615352998749 -0.23778163527524337 -0.0016866139708200615 -1.2772343589444857
14.68 0.24613992065191936 -0.12160914053462335 -0.007509667529758651 -1.2192733496771673
14.7 0.27452109069518266 -0.02631210364636868 -0.027652905734257282 -1.1916784958055815
14.72 0.28965010486285736 0.08383965238943031 -0.06316978524731887 -0.9227650956523691
14.74 0.3284418682192837 0.1095516383347063 -0.1154278933245095 -0.782503856021464
14.76 0.36686945606904126 0.2337293622410267 -0.17112184112266982 -0.5482466374470389
14.78 0.408527764859368 0.32534921437992376 -0.20881072484455726 -0.26717973725416966
14.8 0.48019239788628965 0.34958643478046164 -0.2677781288353426 -0.05805903623628615
14.82 0.5767763392166523 0.36983852122141614 -0.3101667031187967 0.15443117330476472
14.84 0.7230886432094793 0.4115815564074544 -0.3531172890995968 0.30745520649736285
14.86 0.8667732683965539 0.49471764527043194 -0.40599231048425755 0.3948019220443363
14.88 0.9521594943375508 0.566700065137039 -0.38285085855631934 0.4565689334567875
14.9 0.9756462378027091 0.6036130366532827 -0.34134254053073654 0.4722076823905185
14.92 0.91088491688901 0.5929258374709856 -0.2782130298388885 0.423579127989595
14.94 0.7618719591155565 0.5276777950891749 -0.1750264014589917 0.3396807968194142
14.96 0.5553055651056547 0.4258937060088387 -0.01900714869755347 0.2711792388246619
14.98 0.31500386668538366 0.3104723273753034 0.10364998261581046 0.2345338876739855
15.0 0.01899626100975614 0.24736908547346267 0.27958442479434936 0.1975752721695635
15.02 -0.2477674067766798 0.2696187087724239 0.5498580270393184 0.14921740290759763
15.04 -0.4704034009491403 0.29883247001615343 0.8507132535107327 0.1212941474546247
15.06 -0.6665762537282158 0.3108450095983375 1.044615596542157 0.1150161995501413
15.08 -0.8412930491477316 0.3142438555174671 1.1532898294214857 0.11166158829041807
15.1 -0.9927949653678989 0.31208609593599357 1.1949188639617232 0.10606769038116128
15.12 -1.1183499568289386 0.30394073758039813 1.1803627716227785 0.10189770852614016
15.14 -1.2175864051009158 0.2923680977994402 1.1195729479967689 0.09645640932234732
15.16 -1.290903610268852 0.2786131850287234 1.0197393424046501 0.08865706961503664
15.18 -1.3384815621618444 0.26307541051239897 0.886549582200786 0.07985484191165892
15.2 -1.3610793612446008 0.24688371910016246 0.7258699202185973 0.0700035669775381
15.22 -1.3597064498481826 0.23088483870326537 0.5432202239118983 0.059327172384013555
15.24 -1.3354079181908043 0.21568800749441894 0.34400116624727867 0.0485740082248001
15.26 -1.2895639132762513 0.20199278984267616 0.13380066747044034 0.038098999245013615
15.28 -1.230686618913813 0.19113868832796893 -0.008927073998608382 0.03174714588607042
15.3 -1.1375808461580827 0.18474244248695532 -0.21627844415271708 0.02212232510030757
15.32 -1.0400124820166183 0.1765509815245333 -0.4588805128683574 0.009371733118532108
15.34 -0.9279266058211354 0.17039913087135372 -0.6781609787615218 0.005433217940560303
15.36 -0.8070945108707729 0.16929618827967857 -0.8697282963393698 0.0034852647544230068
15.38 -0.679380657079905 0.17322552150925896 -1.035478482762198 0.0026703836017686992
15.4 -0.5481886213167129 0.18239350897570578 -1.170520543910807 0.0022081592920248317
15.42 -0.4184398672157238 0.1964606245584473 -1.270540436735181 0.0008739275537839075
15.44 -0.2936758261743983 0.21615914170355285 -1.3080997071605696 -0.0021546576071365137
15.46 -0.16953069632691548 0.23528297199850803 -1.329206903640864 -0.008582175847159002
15.48 -0.025507378338754896 0.2504019813670189 -1.1414245799522191 -0.047400125518649465
15.5 0.1005449718616101 0.25154462589959337 -0.7864187158953907 -0.14386914537352818
15.52 0.24437773411571775 0.19556877011121798 -0.49684050061255564 -0.2795644929694876
15.54 0.22418723288178147 0.1568806695608841 -0.5013643611998971 -0.3752221987044684
15.56 0.24391660177139107 0.24052858828728169 -0.5279341493266825 -0.47631204085654927
15.58 0.2749961624030696 0.33196914411512624 -0.4213164818369254 -0.5078785852043487
15.6 0.3106985729291118 0.44971883996072326 -0.16243174743480776 -0.4363219669142488
15.62 0.398127093092928 0.6379727089378143 0.05202593003083724 -0.42454691313756926
15.64 0.4669991096442747 0.8082740044164664 0.2964186118247678 -0.42804385307090037
15.66 0.5593296896442986 0.9739064002852534 0.4799932740943283 -0.4148793102945377
15.68 0.6468984416946393 1.0981473992415816 0.5735984817636021 -0.4149570743292049
15.7 0.6934158501425989 1.126022397139341 0.5791154739993257 -0.38085227335796806
15.72 0.6844395284542623 1.0564046093319266 0.5116832840789463 -0.3251153538211456
15.74 0.6148233633888579 0.8942907446559951 0.40832597323807285 -0.2171728687515111
15.76 0.4979050817839435 0.6732729253044173 0.3415970562595061 -0.02974640095091717
15.78 0.3790514987605448 0.43708463794304825 0.2959294693308959 0.11495212913313001
15.8 0.3211014069916377 0.1402119955965226 0.19086302404898625 0.4268489467553497
15.82 0.3164887288862281 -0.07030344780403479 0.08100738093486172 0.7501037903310016
15.84 0.28353602471395467 -0.29835815126565995 0.03764615073835231 1.0064309184840412
15.86 0.25286355710147107 -0.5251194657469906 0.02133134427179357 1.1666956045839811
15.88 0.23447428264836453 -0.7287848864421643 0.017086079444434698 1.2602097836585004
15.9 0.22643571660590825 -0.9050665765508499 0.020156135716046412 1.2931653173638782
15.92 0.22595746216403753 -1.0541324510187777 0.024456113354484693 1.278046650785462
15.94 0.22813352990293384 -1.1743557218851586 0.031043556798980427 1.2176435107966532
15.96 0.2314018654063845 -1.266428954443311 0.03645906350926824 1.11964396097883
15.98 0.23400866654617347 -1.3308697237277074 0.03837652849412908 0.9884410245983162
16.0 0.23438226952964847 -1.3683746769952139 0.03707042453887883 0.8298608311854704
16.02 0.2297741432531614 -1.3801272422815376 0.037803129358025794 0.6502317690113386
16.04 0.22052150878818164 -1.3650643382258212 0.044604532635873675 0.45213284141853743
16.06 0.21229257457550849 -1.3270953843615405 0.04714407789144753 0.24311397981056124
16.08 0.2050793352258296 -1.2716506188204455 0.04513777865511554 0.045505016510044155
16.1 0.20044940603716146 -1.1947606269428328 0.04476606181056571 -0.09431449660356392
16.12 0.19571709470128057 -1.0957643611497851 0.03286578046194483 -0.331798912097521
16.14 0.18831995667130755 -0.9891322938627864 0.024234084437255637 -0.5604213209622082
16.16 0.18466328937891807 -0.870892986958631 0.01626146533801852 -0.7604072746724745
16.18 0.1848845032651255 -0.7463156402145613 0.006632668428561909 -0.931458774248371
16.2 0.1863258226495383 -0.6166768100615985 0.004367325653552988 -1.0723184899945304
16.22 0.19289558008721422 -0.48602141613098737 0.0028568459933099115 -1.1796921537531155
16.24 0.20470560677295135 -0.35877378450500125 0.0018246190573499596 -1.2491226490103073
16.26 0.22294520732957615 -0.2377950762548711 -0.0016757915669066835 -1.277256804028701
16.28 0.24611009769983108 -0.12163155312184155 -0.007492040167596003 -1.2193151467385386
16.3 0.2744724037360162 -0.026346473119970387 -0.027626860817862527 -1.1917333020642975
16.32 0.2895764917325429 0.08379664991253605 -0.06313405112172675 -0.9228654322970106
16.34 0.32834591363802723 0.10950667511687556 -0.11539371500599314 -0.7825637078675753
16.36 0.3667326380242464 0.2336589914577335 -0.17107843123331712 -0.5483349353845296
16.38 0.4083406687694328 0.3252549257831977 -0.20874842145002703 -0.267366381250339
16.4 0.4799644747249961 0.34946299498972316 -0.26770895642219117 -0.05811870922376836
16.42 0.5764834338110563 0.369658975628564 -0.31004623499013745 0.15427544706994792
16.44 0.7227548003436669 0.4113759263813463 -0.35296041100853087 0.30733389978039105
16.46 0.866368871132148 0.4944653727234941 -0.4057556161171273 0.3946926615016219
16.48 0.9522041327654399 0.5665689520035414 -0.38324189349613325 0.4565442491662271
16.5 0.9772025870232443 0.6040743531257929 -0.34351912166507836 0.4724722624495912
16.52 0.9149759381063987 0.5945943222921973 -0.2828135429326147 0.4244637783512205
16.54 0.769444470630039 0.5311224172620604 -0.18315360959292604 0.3410325532254166
16.56 0.566342885315744 0.4314046087554355 -0.02762966694402088 0.27332218308948886
16.58 0.33615543998332503 0.316663109280258 0.0908156331382569 0.23630942535312957
16.6 0.038702288404731215 0.24729193367428173 0.26819485249440406 0.19921244532745225
16.62 -0.21633878391037795 0.2677677985982157 0.5202604625389389 0.15236228874347643
16.64 -0.4328822586966741 0.297902833677431 0.8273703063427433 0.12228549719703846
16.66 -0.6251133433716988 0.30900647718865343 1.024377030228996 0.11550660593483278
16.68 -0.7964457782094077 0.3117486640686029 1.1366654461944683 0.11156558092167032
16.7 -0.9453039799116175 0.30930633978752914 1.1829431138064403 0.10470151003868441
16.72 -1.0687065445067 0.300530899253976 1.173633821302093 0.10022235270275867
16.74 -1.1664625348337199 0.2884259461198706 1.119011685274359 0.09467790989133902
16.76 -1.2391507090879486 0.27427874483358483 1.026237600456113 0.08667879370249688
16.78 -1.2869286808833393 0.25829567716659896 0.9007560915905688 0.07796249127886211
16.8 -1.310631120260878 0.24168639770178518 0.7483705692819236 0.06830672310185025
16.82 -1.3113328574572642 0.2252941981440551 0.5744417433853617 0.05783865202524467
16.84 -1.2900625878985905 0.20966867708223527 0.38414757249035825 0.04738332258070546
16.86 -1.2481783521076428 0.19550823688775662 0.1828817471315625 0.03725499762221523
16.88 -1.1924820469024613 0.18353866078809644 0.01818828863748326 0.029595193320883017
16.9 -1.1090898732032572 0.17654066634450377 -0.14178343647136882 0.023622516818147955
16.92 -1.0148264349289235 0.16927665935006586 -0.37562517694041825 0.010141705406036672
16.94 -0.9100177874259218 0.16181300670699567 -0.5922200557147598 0.00573073559442094
16.96 -0.7956444985599066 0.15950473548935787 -0.7812081806836154 0.003775696212252105
16.98 -0.6751853698345964 0.16198194123713858 -0.9438259963599909 0.00281900545430354
17.0 -0.5508875077741712 0.1694409663714062 -1.0775199066522543 0.0022715457236536685
17.02 -0.4270945692352598 0.1814618622876147 -1.178040480828232 0.0015209388361473925
17.04 -0.3076470617515663 0.1985652965346613 -1.2333315247636978 -0.0011774310804907773
17.06 -0.18735158562574683 0.2165371777718439 -1.2415810585013043 -0.005847463053031338
17.08 -0.0400867403157365 0.2307150526290497 -1.052171993249436 -0.03287093069457144
17.1 0.062135721559956114 0.2261036485253022 -0.7938609775470041 -0.12162782782377969
17.12 0.22107578846372256 0.18078811708739617 -0.48962917780055454 -0.24190824013516235
17.14 0.20702422078882965 0.1371512121733088 -0.4511862962051054 -0.328803923181105
17.16 0.2223940477455708 0.20843731234376975 -0.4808521528208943 -0.4154621021834843
17.18 0.2598634807982139 0.2999498099575183 -0.42040834746625755 -0.47212755562852315
17.2 0.2922848498672391 0.3951520218603611 -0.203937260206586 -0.4087226918349146
17.22 0.37153018475808236 0.5608993874600011 -0.00040522922046067733 -0.3771298833168747
17.24 0.4487394027579986 0.7148560930270856 0.18870916423520767 -0.37807738717428807
17.26 0.5288272192448285 0.8581139876874065 0.3607220831873223 -0.35486520070342253
17.28 0.6085485056258655 0.9672830022664846 0.4524469902938947 -0.33734703350038264
17.3 0.6502473273986736 0.991107535475064 0.468909697443988 -0.28949797818789774
17.32 0.6401659219992237 0.9293885089612961 0.42150199674453637 -0.2302558991023125
17.34 0.5773301698496806 0.7846219185062097 0.3376139619531884 -0.13297969814619504
17.36 0.4689081210108163 0.590928189609282 0.26466892815131077 -0.0016906828897102508
17.38 0.3511276079650767 0.35653520265283517 0.23262586049872966 0.17398020386316845
17.4 0.29936682766540385 0.08892953001566388 0.1502830807873185 0.4711486853230684
17.42 0.29652376277959513 -0.10223963851786304 0.05418202880211527 0.759819524687758
17.44 0.26257418443680713 -0.3145323454632742 0.026892198354137628 0.9817889901219249
17.46 0.2351457000951585 -0.5269322871302407 0.016124764339975936 1.1210319346890347
17.48 0.21948280008525053 -0.7169042296404092 0.014165005536602491 1.1965368118502842
17.5 0.21369690346571651 -0.8808724393306346 0.017080526112425956 1.218826549421609
17.52 0.21386819578664507 -1.0186212791633775 0.02126069279091825 1.1964049690793177
17.54 0.21621386941599913 -1.128795082849596 0.026784310965457466 1.1324360382669183
17.56 0.21880083121442037 -1.2120494684501937 0.031968123754126526 1.033785036659384
17.58 0.22062351784986245 -1.2689131386543133 0.03384550679312063 0.9040790559875868
17.6 0.22047245498448917 -1.3002635284655344 0.032385267572692236 0.748956458835115
17.62 0.21586911068335124 -1.3072190957858265 0.03248160524913915 0.5741033940300574
17.64 0.20705841438754224 -1.2889609725269269 0.03818445501519844 0.38248207019757857
17.66 0.1989960063105595 -1.2487843362931799 0.041034335097249006 0.1805482293357123
17.68 0.19266175365027519 -1.1949404454033787 0.04067109145619571 0.01725187018604478
17.7 0.18941805197130696 -1.1124643203186253 0.03885601632916774 -0.1442612046280642
17.72 0.18412271115737366 -1.018879858551574 0.027182848902082567 -0.3789635412964432
17.74 0.1778291329736165 -0.9141074039769599 0.02121669272211297 -0.5952636095084686
17.76 0.176281172714409 -0.7998189183880874 0.012677701085138982 -0.7839815527057392
17.78 0.17706816490323707 -0.6792854324182183 0.006041169520943781 -0.9458064035635271
17.8 0.18040231721877478 -0.5541697267988837 0.004010537583748587 -1.0787517109961733
17.82 0.1884058793257429 -0.4290718535525919 0.0025790766540208327 -1.178791923962199
17.84 0.20140622686493398 -0.30754098013389347 0.0014395516103267668 -1.2422702375569232
17.86 0.22048522059006057 -0.19213824300200735 -0.0017874342323271908 -1.2651804774499114
17.88 0.24327760264838233 -0.08210083312469356 -0.00894553500866979 -1.206380356517659
17.9 0.2702821100015595 -0.0020083098346381704 -0.022744747366922394 -1.1569630564711744
17.92 0.2890803105571759 0.10968424281516827 -0.06642036720271238 -0.9260254238115911
17.94 0.32942632392943577 0.13307391281256004 -0.10838678112844109 -0.779090203645099
17.96 0.37140069533840353 0.25359787726217 -0.16776242571123604 -0.5440125875055839
17.98 0.4154641237514861 0.33618262072612093 -0.20638978037197436 -0.25047477845576754
18.0 0.4880219507801864 0.35964901350758405 -0.26392706627502904 -0.05531830502153322
18.02 0.5851167321727465 0.3738218052487319 -0.3101710522067413 0.1650867074610603
18.04 0.7270120538190605 0.4134596854125022 -0.3473001682903641 0.31793559281875616
18.06 0.8719315335084725 0.4961247070790924 -0.4035984953800378 0.4056087430221867
18.08 0.9562350664789159 0.5668367553678378 -0.3855301010925489 0.462174300346717
18.1 0.9773396662693213 0.6027741968817826 -0.3440873502555485 0.4749753186614411
18.12 0.9113545553970609 0.591570788681985 -0.2807250743773364 0.42526645458160495
18.14 0.7619523547903151 0.526666808610665 -0.17831130498511383 0.34055746929054787
18.16 0.5534271638804977 0.42472468869693614 -0.020903607684189113 0.27030152516012146
18.18 0.30812975875356313 0.3112960828445465 0.09669354665974128 0.23275339561624606
18.2 0.012367549695726465 0.2548342514892916 0.27580607832044324 0.19526035908797387
18.22 -0.2540254184353811 0.27874937084028223 0.5548910026724001 0.14948662128673246
18.24 -0.47509107757555286 0.30675020815319703 0.8531359108206737 0.12588086371359086
18.26 -0.6704859196791573 0.3185429540125159 1.0459354779373182 0.12002336803997371
18.28 -0.84460968568727 0.3212857307442551 1.1539711919591222 0.11621050403395071
18.3 -0.9953720479756621 0.3179070369374272 1.1950813335190376 0.11044801492964941
18.32 -1.1203271597289615 0.308708272161049 1.1804482910767486 0.10521945196006197
18.34 -1.219056385635721 0.29600217607510343 1.119667610814035 0.09855266063375008
18.36 -1.2918730101143445 0.2810493281830822 1.019826945146317 0.08978512591878672
18.38 -1.339045697159138 0.2644754233880092 0.8866978477401416 0.08002354022852845
18.4 -1.3613303532439962 0.24739146819967892 0.7260708101977731 0.06937558200600753
18.42 -1.3597069017320984 0.23065645827037298 0.5434457765198003 0.058165194352166445
18.44 -1.335236171214961 0.21492523998015045 0.34424558700967617 0.04706533615861411
18.46 -1.28928897288481 0.20087952150136362 0.13404580344160505 0.036431161367015366
18.48 -1.230354241688579 0.18982632480362865 -0.009210541853763483 0.03006081310489633
18.5 -1.137263350124692 0.1833977514033042 -0.21589513656679607 0.020643730754106557
18.52 -1.0396835062010417 0.17508139896369537 -0.4584967365988551 0.008650744794060593
18.54 -0.9276258745143512 0.1691107369001951 -0.6779121702587264 0.005241443243822821
18.56 -0.8067673111404298 0.16834805715338386 -0.8696944142905653 0.003561541797905044
18.58 -0.6792786447673635 0.172769499272396 -1.0353477833384557 0.0024182633002634603
18.6 -0.5481509057289656 0.18219153928251927 -1.1705734260518883 0.001986042349313985
18.62 -0.41846872912349325 0.19641154226991667 -1.2705574901178394 0.0007696523666843169
18.64 -0.2936234886003343 0.2162054748089953 -1.3069804841310786 -0.0021473388017047273
18.66 -0.16973190882056566 0.2354468374269831 -1.3294987834565481 -0.008853466537845191
18.68 -0.025715350777264275 0.2504361064824432 -1.143621041243756 -0.047196303372085746
18.7 0.10049307265099722 0.25200423584689713 -0.7859092366150255 -0.14373707567297106
18.72 0.24443938676534255 0.19593987040547353 -0.4958170973439103 -0.2797508944440876
18.74 0.22412361885397708 0.15691330892802294 -0.5013583425093825 -0.3752142282478493
18.76 0.2439488365951804 0.24060704957069867 -0.5280012083355796 -0.4764194426132265
18.78 0.275002788280792 0.33196783131053254 -0.42145767655952054 -0.5080205635855591
18.8 0.31067541067924864 0.4496595172984317 -0.16247394425361453 -0.43630408036378393
18.82 0.39813184412481534 0.6379858495080493 0.051959146081858705 -0.4245894196814555
18.84 0.46699659194265875 0.808252187535268 0.29636525466545366 -0.42807863737789525
18.86 0.5593238860318457 0.9738876144225378 0.47999251369572554 -0.41484698610672555
18.88 0.6469022211714904 1.0981574566937944 0.5735907168875156 -0.414971991703802
18.9 0.6934185369347574 1.1260210169926548 0.5791049299340837 -0.3808550505492683
18.92 0.6844401634647932 1.0564034207720305 0.511678250115163 -0.32511554228747214
18.94 0.6148221714241014 0.8942894662936763 0.40832739390411915 -0.21716690988189974
18.96 0.49790453903107 0.673274499271249 0.3416040787989107 -0.02974000162520837
18.98 0.37905102043659306 0.4370885911153969 0.295936207311555 0.11495752775837632
19.0 0.3210983581159971 0.14021622336831105 0.1908686760953736 0.4268494941846743
19.02 0.316485128432017 -0.07030065778253497 0.08100965948363155 0.7501035848636646
19.04 0.28353274597910555 -0.29835630904766863 0.03764436012172022 1.0064315578538117
19.06 0.25285949117946915 -0.5251178125459561 0.02132923923201625 1.1666959986248095
19.08 0.23447010472883129 -0.7287834759362383 0.017083748692418528 1.2602104319589527
19.1 0.226431613534909 -0.9050653528846483 0.020154231107428228 1.293165882719021
19.12 0.22595377768799757 -1.0541314548066085 0.02445473074295813 1.278047148509218
19.14 0.2281304760808614 -1.1743549833759321 0.031042673708738214 1.2176439033224
19.16 0.23139953222531062 -1.2664284641500603 0.03645866024296102 1.119644229929883
19.18 0.23400707784926805 -1.3308694703363326 0.038376484280345693 0.988441193454627
19.2 0.2343815085779755 -1.368374602765918 0.03707030265425997 0.8298608329017695
19.22 0.22977421573660095 -1.3801274196647022 0.03780226635788632 0.6502317198770146
19.24 0.22052186964113937 -1.3650647630661 0.044603461903915634 0.452132919817697
19.26 0.21229273798572798 -1.3270956620406928 0.04714386485803053 0.24311389799896144
19.28 0.20507957556169146 -1.2716508237506643 0.04513786231739628 0.04550499263792368
19.3 0.20044972792091137 -1.1947608706540513 0.04476615355506935 -0.09431448909152444
19.32 0.19571738490402457 -1.0957645518500276 0.03286605557893247 -0.33179894219362394
19.34 0.18832025797684046 -0.9891324593002793 0.024234367861096038 -0.5604213348762608
19.36 0.1846635722505 -0.8708931411829306 0.01626170626380278 -0.7604072867561348
19.38 0.18488474008945846 -0.7463157613555969 0.006632883564748461 -0.9314587887278022
19.4 0.18632626949740735 -0.6166766405295738 0.004367268914413199 -1.0723182155835485
19.42 0.19289779197317578 -0.4860194666860349 0.0028553287219559957 -1.1796895732573593
19.44 0.20471275095404096 -0.35876747864413167 0.0018195984038225225 -1.2491131999064147
19.46 0.22296156544179993 -0.23778166766395245 -0.001686611497809126 -1.2772343620824271
19.48 0.24614004534366707 -0.12160917943155815 -0.007509231808626432 -1.2192732872778815
19.5 0.2745212228686469 -0.026312419124994633 -0.02765389781070725 -1.1916842418075857
19.52 0.2896508321198386 0.08383961672691186 -0.06316859359418411 -0.9227585267803261
19.54 0.3284416649679565 0.10955066212880174 -0.11542864858144741 -0.7825072926929887
19.56 0.3668691797683629 0.23373038758789785 -0.17112184475856168 -0.5482452678935814
19.58 0.4085271194223202 0.32536321126446155 -0.20881217212650224 -0.26714682147847213
19.6 0.4801842977719376 0.34958496387787535 -0.2677826065287077 -0.05807952402068378
19.62 0.5767730759213462 0.3698385653109547 -0.31016764126541774 0.15442590580661417
19.64 0.7230872204401865 0.41158156612263547 -0.35311839419227403 0.3074503649598339
19.66 0.8667721877408562 0.494717919839719 -0.40598962170822 0.394801600977111
19.68 0.9521601508372735 0.566700748952893 -0.38284952210538664 0.45656994220562536
19.7 0.9756469310401106 0.6036138836619444 -0.3413417571312694 0.4722080511622035
19.72 0.9108853787400366 0.5929265300451113 -0.278212618011495 0.42357894493929904
19.74 0.7618720752585297 0.5276781453861261 -0.1750252934963511 0.33968067324183293
19.76 0.5553060295626033 0.4258940577874618 -0.019006260062704693 0.27117978817743427
19.78 0.31500600746042395 0.310472019956579 0.10365241080132337 0.23453503242186519
19.8 0.01899945645706356 0.24736715149062088 0.2795854701684651 0.1975763249654118
19.82 -0.24776563262633267 0.2696159406026507 0.5498568815985467 0.14921744766715184
19.84 -0.4704022624749558 0.2988299519885794 0.8507124721615132 0.12129295963396414
19.86 -0.6665753459041539 0.31084271111897166 1.0446152451780406 0.11501456597315342
19.88 -0.8412922502259421 0.3142417024246116 1.1532896418974365 0.11166017257161301
19.9 -0.9927943173538167 0.3120842835365026 1.1949188192128661 0.10606640742821366
19.92 -1.118349467863157 0.3039392797643996 1.1803627799354048 0.10189666327835871
19.94 -1.2175860432397867 0.29236696938738527 1.119572944610008 0.09645574039893551
19.96 -1.2909033716443965 0.2786124072517843 1.019739332409257 0.08865671798892043
19.98 -1.3384814351806191 0.2630749540443759 0.8865495580035464 0.07985476193163699
20.0 -1.3610793191800974 0.24688353111565933 0.725869875329101 0.0700037290443556
