0.0 0.0 0.0 0.0 0.0
0.02 -0.004894530952098401 -0.004894587108413909 0.01055190994960538 0.010551730169118449
0.04 -0.7886467598592024 -0.7887280580474729 1.7403759740824278 1.7403465478667952
0.06 -1.3252698071501177 -1.325607283782966 2.8479880263997415 2.8481658320607086
0.08 -1.7164527318235172 -1.7171296782267091 3.4597279659724167 3.460659199893562
0.1 -2.0288340648611993 -2.0301894520104344 3.7385635534112094 3.740547597162717
0.12 -2.2861727432909644 -2.288611577338033 3.81364489209229 3.8178678865848634
0.14 -2.49519075809974 -2.4993125584670874 3.778314257551748 3.786578737664596
0.16 -2.6569434973779096 -2.663523167026324 3.6898933488622983 3.7047955258599745
0.18 -2.775990898735831 -2.7860500554044516 3.586851599672462 3.6115636127342556
0.2 -2.855701246797378 -2.87024847274027 3.486589509429614 3.524728960181676
0.22 -2.9018328650374956 -2.9221349825233944 3.3916786038660844 3.4468607133804414
0.24 -2.920390629199096 -2.9474652872546723 3.303213495103058 3.3791043556913163
0.26 -2.9186870032924133 -2.953721253647665 3.217841149391325 3.3176490970484105
0.28 -2.9017666611716306 -2.9455094818519165 3.133572221248343 3.260438695332234
0.3 -2.875183659133433 -2.928446307687174 3.0473326868659107 3.203709317156868
0.32 -2.841702202253413 -2.9047691762097103 2.958313968927431 3.1466193545772283
0.34 -2.8046974934740496 -2.877847417110566 2.8653943222143305 3.0871975411644326
0.36 -2.764986644377058 -2.847979495528997 2.7690735335652126 3.0259695111595537
0.38 -2.7243955427676627 -2.81699368078644 2.6694210778464775 2.962061158521566
0.4 -2.6826713778011833 -2.7841890110847087 2.5674446619598092 2.896559787895279
0.42 -2.640798394179227 -2.750629215121924 2.4634284970450246 2.8288251302444642
0.44 -2.5981868586909265 -2.715341755074649 2.3584275883102723 2.759995096499168
0.46 -2.5553983575451626 -2.679068306408632 2.252382297366079 2.6891888870342893
0.48 -2.5119612051080678 -2.6409157757669472 2.146469705724595 2.6174263589902274
0.5 -2.4681648796528237 -2.601473113956189 2.040101331946251 2.5433225742330863
0.52 -2.423877169014669 -2.560011223319689 1.9349110580716071 2.4679387990660047
0.54 -2.378694980634331 -2.517151642182566 1.8288832413076812 2.390619587552178
0.56 -2.33276945125852 -2.4725336704903036 1.72361699349857 2.3125834209817655
0.58 -2.2855267005897826 -2.4265760599423576 1.6168858456687514 2.2330018670072556
0.6 -2.237458630229057 -2.3790353132544375 1.5105431561537015 2.152587604075445
0.62 -2.18792838081302 -2.330078727495391 1.4026867655226352 2.0706578082282774
0.64 -2.1374486387116436 -2.2796224380953154 1.2947919614920909 1.9875896828883812
0.66 -2.0854431377197775 -2.2276529313764546 1.1855383700412607 1.9030068841323624
0.68 -2.0322768767386274 -2.174200882741799 1.0757504429847022 1.8169899615589882
0.7 -1.9775369511811431 -2.1191488014650885 0.9647760486451508 1.7294432181136796
0.72 -1.9213602734369304 -2.06257944262428 0.852744943984608 1.640237158428412
0.74 -1.8635057462435671 -2.0043742568861704 0.7394677682887574 1.5495067162630827
0.76 -1.8039242333329628 -1.9445960417244765 0.6247164342645003 1.4570657219381677
0.78 -1.7425749090908695 -1.883040422382291 0.5088220710341651 1.3628585414192131
0.8 -1.6793822846056443 -1.8195917944584579 0.39156291269544696 1.266306723550822
0.82 -1.6143985839334123 -1.754163117013316 0.2732191217142405 1.1673005810357258
0.84 -1.5474286757444975 -1.6866354236216614 0.15356348788296376 1.065636458082627
0.86 -1.4784262247732756 -1.6169454418772942 0.03258291504734438 0.9611285731953251
0.88 -1.407215595156596 -1.5449669846931189 -0.08981176970319892 0.8537333045145301
0.9 -1.3336019643830486 -1.4706340212841238 -0.21394722034185576 0.7432980407720143
0.92 -1.2574599364258234 -1.3938319644860115 -0.33989769229406286 0.6296949560561527
0.94 -1.178585193191495 -1.3144204136649418 -0.46792150728671106 0.512703571307448
0.96 -1.096827945017845 -1.2322549938821152 -0.5981734224708309 0.392079807135163
0.98 -1.011975323654651 -1.1471505386547391 -0.7308658624255348 0.26757988119061415
1.0 -0.9237930133919378 -1.0588999126383574 -0.8662643645114424 0.13889007366676212
1.02 -0.8320472178982817 -0.9672800430187142 -1.0044127926105022 0.005890866130627492
1.04 -0.7501543138587309 -0.8856221589517707 -1.114282165403961 -0.10065524167966448
1.06 -0.6876483821543148 -0.8232397669911947 -1.1742862726837153 -0.15922521981808563
1.08 -0.6380759836682582 -0.773828632334913 -1.2033289750352694 -0.18765824663921685
1.1 -0.5985505093020729 -0.7345182818518388 -1.21545339091343 -0.1994708487857354
1.12 -0.5675696479388797 -0.7037066909207402 -1.219378159067508 -0.2032858847733392
1.14 -0.543795510370604 -0.6801345242317423 -1.2205801617679903 -0.20425945530903875
1.16 -0.5261382130991313 -0.6626481689985774 -1.221493067920818 -0.2049314740012609
1.18 -0.5134516409754477 -0.6500580676484959 -1.222701755332239 -0.20599540379737633
1.2 -0.5044326254388856 -0.6410845488957913 -1.22424362843637 -0.2074340662665559
1.22 -0.49796137202158947 -0.6346709819166301 -1.2261411051416444 -0.20916070703318518
1.24 -0.4925508485780097 -0.629307135224754 -1.2286478171246311 -0.21148438136254197
1.26 -0.4863613803420115 -0.6233966448921227 -1.2315240037655695 -0.2140362140310055
1.28 -0.4793917857961842 -0.6866800630762394 -1.2344506210343718 -0.13251830928161482
1.3 -0.4674601866004842 -0.8723950568185878 -1.2437444640792636 0.08515429643386095
1.32 -0.4387661527942464 -1.1526866508001112 -1.2775096976611797 0.39012537969014616
1.34 -0.38661278280236927 -1.503091954029444 -1.3477943747827368 0.7542577759017898
1.36 -0.31985543620390017 -1.8684886388623616 -1.4506946076854164 1.178802838203878
1.38 -0.27517416006129886 -2.2063522551697106 -1.5582024318174792 1.5876319971584814
1.4 -0.2580966323362262 -2.5159173159042094 -1.6553608565531548 1.8998641375542744
1.42 -0.24395864900866024 -2.800191088303039 -1.751824611726507 2.1276572309662787
1.44 -0.23143340533635018 -3.0633765518278544 -1.840086280291322 2.2758963264577914
1.46 -0.224441517702435 -3.2919937485809174 -1.8977106188725639 2.3453214369945634
1.48 -0.21768479360291487 -3.4812217089873165 -1.9312422478838542 2.3445463626749303
1.5 -0.20854761938054486 -3.627986659555698 -1.9507999136940652 2.277979866621371
1.52 -0.19645855668115306 -3.72751244854238 -1.9614427023609013 2.150653721695461
1.54 -0.18122924766464046 -3.7781568531259153 -1.9694133574300179 1.9691465015138767
1.56 -0.16426527345607256 -3.7789597213399433 -1.9772222858601176 1.739733582045125
1.58 -0.1477556248103824 -3.7297033390432346 -1.9845083502061889 1.469115472663535
1.6 -0.13287371834439773 -3.631200190574241 -1.9909357806367032 1.164676124140895
1.62 -0.11948191908581274 -3.485260333040495 -1.996909730984736 0.8339056997567195
1.64 -0.1068885474902715 -3.2943360671536244 -2.002755136165339 0.48100864589979897
1.66 -0.09618835110449168 -3.0578146834740014 -2.0092777829543484 0.05073086618346803
1.68 -0.08576323551867931 -2.792942509276854 -2.0165070766554254 -0.41550361426020466
1.7 -0.06737413613618355 -2.5000502931939232 -2.0245318085065027 -0.8353311686386788
1.72 -0.04129149339013367 -2.184985879843616 -2.0344994366120757 -1.2118404430045095
1.74 -0.007905316449482705 -1.8534722720831054 -2.0460733954693104 -1.5498110378843462
1.76 0.033923742784412 -1.5127083100448602 -2.059964940900701 -1.8464319608082553
1.78 0.08517997297842124 -1.1720755537520702 -2.0774181820076696 -2.0962672523108634
1.8 0.14829761367115304 -0.8352332099224968 -2.0991728308881146 -2.294299215655055
1.82 0.22954432385841422 -0.48960189144764404 -2.126560333562956 -2.4394780771365343
1.84 0.33062116885969883 -0.13215086901561846 -2.1592801163263253 -2.5074578058194996
1.86 0.444908109198757 0.1960531992839857 -2.1993788625413573 -2.495611638512815
1.88 0.5763947801495528 0.4766019498902393 -2.2508763964231027 -2.398549344901552
1.9 0.7322524242682349 0.706373890159562 -2.315852829970599 -2.219852195113432
1.92 0.9209038343197474 0.888705635542251 -2.384999182426295 -1.9555637727162276
1.94 1.1553944714253255 1.029195265964222 -2.4694402218751135 -1.6020706270867329
1.96 1.4468475423170082 1.103144649867191 -2.5464986863051036 -1.2536558670309104
1.98 1.813430790733847 1.1913250423619184 -2.6191711438997465 -0.8079229895068388
2.0 2.2473067345462563 1.2918346422998395 -2.6999220702696567 -0.3435241115900839
2.02 2.728494982409151 1.4587496519998444 -2.8031310829904506 0.14723246317727665
2.04 3.204174340148831 1.6975369483480918 -2.9673191625916746 0.5048090525151389
2.06 3.595007255377752 1.9384651819965257 -3.200849684608816 0.6366530883850067
2.08 3.720163693196351 2.1146301838494574 -3.330016242736436 0.581102635883108
2.1 3.456881996231947 2.2061079553793603 -3.1812921222098005 0.3932463863651282
2.12 2.8632544086534044 2.2326362559323445 -2.7454933807574093 0.1486168908337299
2.14 2.024984640653662 2.2330871070273854 -2.0506220276081457 -0.0899748635729785
2.16 1.0495006360703536 2.252199364088282 -1.1647227296118734 -0.28067147460236536
2.18 0.09143929542967351 2.3030472178700454 -0.10003940523131487 -0.43648975221759356
2.2 -0.8096843383872476 2.3289388038633074 0.9909860361888656 -0.5900445391895295
2.22 -1.6547679057347042 2.2734458140747305 1.9398326145524059 -0.7479025566903537
2.24 -2.435960957506092 2.1438537347266218 2.6154552284531825 -0.931054342774291
2.26 -3.149526649827528 1.9572628812268016 3.0575973766567417 -1.120326769960567
2.28 -3.7811058121035153 1.7384691082350046 3.316491830973635 -1.3038646741012136
2.3 -4.324899810605344 1.5097586719886718 3.4281215247978145 -1.4817347698431593
2.32 -4.7775912273998 1.2822044534402122 3.413264359657451 -1.6431876376852665
2.34 -5.13867280423031 1.0655123694527386 3.289067335574982 -1.783114187062738
2.36 -5.409760757763836 0.8672953704873835 3.070757141058221 -1.901747732773519
2.38 -5.592239801141412 0.691119881267317 2.771243354761678 -1.9978067040861682
2.4 -5.687731912132433 0.5390782564898173 2.403499980880599 -2.0719973855450537
2.42 -5.6984803955135295 0.41196085009399136 1.980683252125932 -2.126909471278859
2.44 -5.627161451633895 0.30909903985607723 1.5158667534051744 -2.1651285660426414
2.46 -5.477379987823057 0.22926837410369041 1.0223913162195069 -2.189915965648046
2.48 -5.251916827880499 0.17134804440454426 0.5003519366271573 -2.2064099088857843
2.5 -4.956526161446872 0.13092868229644938 -0.105268760984407 -2.220773043543322
2.52 -4.6093309395913815 0.1074114070212771 -0.6966053237244408 -2.2318214239385905
2.54 -4.211874290784977 0.10391999732360105 -1.225607778501758 -2.2423896591243153
2.56 -3.7761820655555254 0.11729033783199978 -1.6914495676292847 -2.2557333142091904
2.58 -3.312369351250177 0.14516746994162186 -2.094329573105966 -2.2719324717056164
2.6 -2.8330916254475658 0.1874034488715005 -2.4267268200123477 -2.2922176242940435
2.62 -2.3529499066666784 0.24443473113509417 -2.679267713134506 -2.3184395589052462
2.64 -1.8834776064833048 0.31750490204573 -2.8520197297860226 -2.3505342224788723
2.66 -1.4409762084133402 0.41277151666933504 -2.9459281808697044 -2.3886243072337185
2.68 -1.0573463467131337 0.5398844730266171 -3.0409524523478253 -2.4258972341461296
2.7 -0.7393334257165824 0.7268094006444631 -3.1841847896179605 -2.416604803897588
2.72 -0.5336299006090945 1.0195897327264212 -3.5403143034311104 -2.295681492369061
2.74 -0.3642899553226197 1.4883096221783467 -3.7948201222994715 -2.0762974584502167
2.76 -0.1315372719815849 2.0663684631789128 -3.6778214373050355 -1.8158233667010064
2.78 0.10433059260208954 2.6707691388526325 -3.18724189952434 -1.5147801248334192
2.8 0.3584796274511366 3.326972697583625 -2.5013350894666706 -1.317473311593433
2.82 0.6151511239866266 3.971833989803437 -1.7582246904437735 -1.3036084136474495
2.84 0.8436149086645898 4.538738672289443 -1.1023658227589075 -1.4139163800506458
2.86 1.0497760996636039 4.997169877979791 -0.7571091541860269 -1.6483105878839712
2.88 1.1753819499472575 5.160323788172943 -0.6821628127605766 -1.8327575794076951
2.9 1.20102169116145 4.905567300856718 -0.7907974414271304 -1.7675649845266361
2.92 1.1520016833286078 4.293648330684786 -0.9877934193490548 -1.4257175321889324
2.94 1.077658833502128 3.420696634727754 -1.1906744887259206 -0.8167242511655215
2.96 1.0348462682588513 2.381475653084874 -1.3595995712573206 0.006930349856455905
2.98 1.0674869973909613 1.271146417253095 -1.5184206725500982 0.925773491965987
3.0 1.1424835995870561 0.18591229880353077 -1.6506283988505053 1.8048622619951855
3.02 1.181663687521351 -0.8647751635051146 -1.686059055318926 2.4838209543127245
3.04 1.194124087233493 -1.886100427536199 -1.6732071412771143 2.9558429629274032
3.06 1.205941273969798 -2.8091954144488507 -1.6584352478447009 3.2637802888953233
3.08 1.2062233965499933 -3.614051741120933 -1.6440283929497388 3.4313934399761603
3.1 1.1892884011917326 -4.2978369808708425 -1.6403948386863687 3.4792136417910706
3.12 1.149614490646948 -4.859766148414118 -1.6474735783900893 3.4175152936269204
3.14 1.0871337466502 -5.302652189936603 -1.6664080577735663 3.2581157209547653
3.16 1.0042358951258918 -5.630468448528885 -1.696247685016062 3.011696548742455
3.18 0.9044993697153331 -5.847555286296268 -1.7323951030331697 2.6891605773735647
3.2 0.7934941092570006 -5.958657778411024 -1.7704744250031934 2.3019148056469856
3.22 0.6787195033528246 -5.968593438746175 -1.8088539954599983 1.8606970174055348
3.24 0.5697495201320786 -5.884738327618084 -1.8541405928188501 1.3790756238396489
3.26 0.4709756269710897 -5.714648391992321 -1.9066887049607715 0.8699475724492376
3.28 0.3836361457094377 -5.459994626075558 -1.9611088697934451 0.3134189766890584
3.3 0.3072423714469674 -5.135365401753386 -2.0166314541096653 -0.32371547558559555
3.32 0.24679205717337502 -4.75346473978043 -2.061105194516127 -0.9142260499482926
3.34 0.20844164529573367 -4.319746778857187 -2.098979811518197 -1.4439799949115113
3.36 0.1914410909880023 -3.847089990067731 -2.1302559805691104 -1.914720973688208
3.38 0.19723078564054342 -3.3477392953059204 -2.1574229803940908 -2.322110047225503
3.4 0.22734402014422625 -2.836937265774358 -2.18608125884988 -2.657054773354566
3.42 0.28209817715611946 -2.329098667494832 -2.2197406404759117 -2.909479430757747
3.44 0.3618789140701842 -1.8371916822912981 -2.2599629663469227 -3.068045530779674
3.46 0.4685296539525258 -1.373569198258607 -2.3098550423525586 -3.1222574947066546
3.48 0.6048029985030924 -0.9503813641434653 -2.3660989957730654 -3.099127562758154
3.5 0.7863026187843731 -0.5552069203528874 -2.4334608928264982 -2.916169957870744
3.52 1.0173273271632821 -0.23083617423602218 -2.495246895866773 -2.7542630654511435
3.54 1.3231666667286044 0.08498839796414581 -2.5356635181530804 -2.336567469796048
3.56 1.6952303106351594 0.3005154085193088 -2.581945982626241 -1.9494734093981045
3.58 2.171580594716435 0.46041730746687537 -2.6383009891981146 -1.4902764418210563
3.6 2.7448200557033986 0.612570112407723 -2.7295129490010033 -0.9332150364499373
3.62 3.3784364184662787 0.8185670270720452 -2.870388071438519 -0.3083650074571602
3.64 3.985020403855732 1.0920751137988687 -3.0887022735548504 0.21293833169105167
3.66 4.467971234892186 1.3512898187377684 -3.34780174228852 0.49308042865261426
3.68 4.661572535148697 1.537661335171751 -3.522505230042958 0.5396053712479638
3.7 4.415306473211797 1.6298603649916839 -3.421938169898798 0.38757637348672075
3.72 3.784253958114816 1.646340425058564 -3.0019740397526062 0.13837208989508937
3.74 2.874844299968124 1.6359991215439142 -2.2847132952839515 -0.11245442328828348
3.76 1.801349579952457 1.6534396009173216 -1.3618599801662623 -0.3289085009390363
3.78 0.6561044103598107 1.7361335713341406 -0.29561437846857574 -0.5300847164981196
3.8 -0.44110936769469533 1.8672616238982307 0.8323784412861063 -0.718897507462337
3.82 -1.4348846234258728 1.9508132290574116 1.904547966833447 -0.8653060798216208
3.84 -2.357544431176484 1.9421353204033394 2.681069851392154 -0.9893825836308717
3.86 -3.1987820086901877 1.865859952798967 3.1865094398748433 -1.1109321616923917
3.88 -3.9437560093055577 1.7448736501505504 3.484114923884368 -1.2356201577575865
3.9 -4.5835118957408545 1.5941134440127467 3.6139604318195055 -1.360069557198959
3.92 -5.115258524690776 1.426387858022835 3.6040412994594306 -1.4828570257193434
3.94 -5.5396289709076925 1.2516804617785124 3.4750256039082017 -1.6023261165442946
3.96 -5.858452817974142 1.0773021030480898 3.243312342598839 -1.715134544566649
3.98 -6.074294868836445 0.909387602499314 2.923808961711498 -1.8189116503150027
4.0 -6.190102400258031 0.7527323417130485 2.530690270078908 -1.9119984424259389
4.02 -6.209060064784843 0.6108047984129302 2.0778555068252222 -1.9930335823240042
4.04 -6.134961458966577 0.486152013823455 1.5793957064064128 -2.061518762626564
4.06 -5.97255554238702 0.3804743472892016 1.0496070738556391 -2.1176823279695522
4.08 -5.7253557802794015 0.2948871756878991 0.4875456697353159 -2.162984934027673
4.1 -5.401068464113967 0.2275742032387802 -0.1616572240231241 -2.2023739643799702
4.12 -5.018477942565874 0.17902069396779843 -0.788655305525869 -2.2294132652487217
4.14 -4.580321170217716 0.1543319893174325 -1.3516574393526382 -2.247286202234837
4.16 -4.09981051685406 0.15415771440611328 -1.8512270522091527 -2.266086539139371
4.18 -3.5895759429846765 0.17576971908018976 -2.284213466118692 -2.286632545259697
4.2 -3.0646433631743366 0.21810505523383927 -2.6413566106764246 -2.311793921976246
4.22 -2.539497600675116 0.28047460785645434 -2.912675716607036 -2.342860006430815
4.24 -2.0273450436451954 0.36381359307008504 -3.0897977202527898 -2.3811954901193615
4.26 -1.5452171045521523 0.4717917894359441 -3.1943129561336105 -2.426801424818586
4.28 -1.1347927855006132 0.6145744192485953 -3.2981432678192903 -2.463347591058543
4.3 -0.8053295437519864 0.8266476695953453 -3.479539335975289 -2.441606308840326
4.32 -0.605072230729036 1.1690683420420251 -3.8773453505579156 -2.295165109644913
4.34 -0.4333947394548606 1.708905619287551 -4.082367577601739 -2.0449088940692
4.36 -0.2060945987178402 2.3559855793735722 -3.8352625669983076 -1.7466021233283158
4.38 0.02331774833875638 3.0403691628149097 -3.1954678618074643 -1.4332948686448121
4.4 0.27171749937861445 3.781493188811855 -2.382109782245393 -1.2711849376085698
4.42 0.5158004637101553 4.497165383984284 -1.5112635266160575 -1.3091541030999592
4.44 0.749213547219188 5.12930024303595 -0.7811574520211583 -1.4854372614380404
4.46 0.9617811010921907 5.637197524793716 -0.4165308547660051 -1.8088426979255678
4.48 1.0895256499395076 5.824062385922658 -0.3578603582745562 -2.0745117992424826
4.5 1.112852883153228 5.566987106373002 -0.5045791003454551 -2.0612770358675108
4.52 1.0570957771837775 4.9330033241074895 -0.744393879387188 -1.7345966586556245
4.54 0.9786538389727639 4.02660483681374 -0.9842784084947703 -1.1113535609395984
4.56 0.9378735209339034 2.953586383475663 -1.2087029457275953 -0.28858388739546165
4.58 0.9707047787653613 1.7872139956064412 -1.440754536650022 0.6652950597360359
4.6 1.0557408453044104 0.623930712392043 -1.6292705211165346 1.6388557927514262
4.62 1.1203807569184887 -0.4938073575484145 -1.7062235480539354 2.4238926549727267
4.64 1.1520458910641107 -1.5770789577033433 -1.698333899622505 2.97353603834303
4.66 1.1850244168049597 -2.5586418942122604 -1.6733304821392179 3.339917297422718
4.68 1.2102064908560635 -3.418793543045661 -1.6492618828491548 3.552852985334101
4.7 1.2169685904932286 -4.153027747258455 -1.6352414048955797 3.6353662356914453
4.72 1.198047227837196 -4.760389141174284 -1.6341098887746615 3.602110403568102
4.74 1.1511256055754364 -5.243519765343372 -1.6462542383227916 3.4657518103442597
4.76 1.0786839533544974 -5.607134716581004 -1.6728015058725747 3.2386525236255483
4.78 0.9840764977314914 -5.856376470532239 -1.7095084548645092 2.932114596921803
4.8 0.8727595842622025 -5.996698408441563 -1.7509595547381107 2.5582619344520543
4.82 0.7519451227451357 -6.033580417909848 -1.7925558898498282 2.128517099338507
4.84 0.6312677182834041 -5.973603111023125 -1.8360079078256368 1.6550398859049684
4.86 0.5199146172341966 -5.825319098462626 -1.8877438807595635 1.1517399919697204
4.88 0.42070757586599783 -5.596076460830256 -1.9449927850157525 0.6279568658560831
4.9 0.3335526693497283 -5.287836599412028 -2.0026806115649465 0.030127547626560617
4.92 0.25967590851898076 -4.923033140007071 -2.055764128862018 -0.5860313972238154
4.94 0.20577830026589275 -4.5059264416682465 -2.0972561067791164 -1.138089251798173
4.96 0.175045900117304 -4.047486044512952 -2.132554772332182 -1.6248938711547982
4.98 0.16645866011058394 -3.5599931700350993 -2.1604343168004836 -2.046491413427984
5.0 0.18228667938873355 -3.0569512925261817 -2.1865374204528853 -2.3965424412351832
5.02 0.2232937700668337 -2.5531585429560035 -2.216065158270076 -2.666154235146178
5.04 0.2894090256308056 -2.061809959313752 -2.2514017991488853 -2.845346480082634
5.06 0.38137026480746444 -1.5945575326180674 -2.2943242681098353 -2.9237828231212
5.08 0.5015292761073357 -1.1619038048762251 -2.347389452967325 -2.9182073757392204
5.1 0.6555739743774522 -0.7742558330262345 -2.3983125067839675 -2.784568606992761
5.12 0.8596739071707659 -0.44701780006727837 -2.45353115898504 -2.6665712899642284
5.14 1.1459149201569725 -0.12359573305477417 -2.482605922381456 -2.346598951795404
5.16 1.4954080098258542 0.12156377856144017 -2.504342768620242 -2.034810134539936
5.18 1.9417848283816639 0.3088313203734218 -2.533408667467964 -1.6407601153799252
5.2 2.474701008564721 0.48176555436873514 -2.59507552177007 -1.1523559929733926
5.22 3.056549523317173 0.6920829533047754 -2.6975903625667677 -0.5966851843271188
5.24 3.6177080858767146 0.9583911675616049 -2.8740010748687883 -0.12450496381064444
5.26 4.060591713359885 1.206780135067113 -3.0866124633219663 0.12891929469611027
5.28 4.2306093829793125 1.380317738512959 -3.207020635781037 0.18624885250918397
5.3 3.9946830495687613 1.4616208901803975 -3.0815112422062425 0.07312727307196397
5.32 3.4011579281178865 1.4701467249909879 -2.6729953990466715 -0.1275526068151856
5.34 2.5466571206333604 1.452933827068601 -1.99932963039103 -0.33333640647238405
5.36 1.5348258043334795 1.4638908099039865 -1.136704602714695 -0.5108467641749305
5.38 0.45253349325840403 1.5390672924076059 -0.1502215296580908 -0.6771073626047991
5.4 -0.5941345237488086 1.6685473958878314 0.8959518009011832 -0.8418647129097924
5.42 -1.5484645712515765 1.760525648709352 1.8850605297559817 -0.9775286170858919
5.44 -2.416857213146047 1.7654410549906723 2.598019579292947 -1.084151599299835
5.46 -3.2027999883785685 1.7042590307126577 3.0556133449754452 -1.1860614759206227
5.48 -3.8965609142115216 1.59992147478047 3.317907689197256 -1.2947033337808138
5.5 -4.4901034323135836 1.4655310473825691 3.4225625059605265 -1.405588567452269
5.52 -4.980667994115988 1.3131317764551727 3.396135296255644 -1.5165833376343667
5.54 -5.368985108474964 1.1527559659098874 3.2583658841614156 -1.6266928178485947
5.56 -5.656640992131005 0.9913903604488579 3.024450330604292 -1.7320486663063994
5.58 -5.845947105973292 0.8350999141002842 2.708324673255749 -1.8298046646752122
5.6 -5.939793489441132 0.6888316130381792 2.323383545118479 -1.9182144607230525
5.62 -5.941334648950471 0.5561348907264897 1.8827259312190001 -1.9956129563560185
5.64 -5.854378007357115 0.4396818847632095 1.3997120008678712 -2.061226877257624
5.66 -5.683732217237161 0.34132968408280556 0.8879542233764756 -2.115131010618492
5.68 -5.430957463248923 0.2622142869470145 0.3290590140385134 -2.1593935908991795
5.7 -5.110065600244992 0.19982534301874888 -0.31118075054605887 -2.1979276441136264
5.72 -4.732895780851736 0.1569414266739879 -0.90521382952236 -2.221743753943841
5.74 -4.301818301375616 0.13773281876404786 -1.4366804569186786 -2.239072846023258
5.76 -3.834355039052452 0.14240914793478576 -1.9112013082818191 -2.2579222653052655
5.78 -3.340808351004688 0.16814343630806422 -2.3220355048352634 -2.2784386575518387
5.8 -2.835277506825209 0.21399106424568679 -2.6591005504666514 -2.303955858213213
5.82 -2.331003310533167 0.2793608946754373 -2.9129008154451657 -2.3354425091861986
5.84 -1.8406825518309589 0.36514677961907244 -3.0760242252752885 -2.3740209250112083
5.86 -1.381151134586725 0.47541060691074505 -3.165883238262639 -2.4196291440825455
5.88 -0.982431209155865 0.6217258504912752 -3.2566897835081186 -2.4566510779924373
5.9 -0.6603970182832721 0.8344452614124735 -3.3999108893312906 -2.4390799689854172
5.92 -0.4664246755975255 1.1689023148534314 -3.76074934051152 -2.3036891144195746
5.94 -0.29530896170020954 1.6931478581162533 -3.955818869503846 -2.065284035574017
5.96 -0.06890910085696894 2.32357666468738 -3.7159091384946117 -1.7772633433934337
5.98 0.1577022731929063 2.993525083043548 -3.091279285797882 -1.4739804728588046
6.0 0.40231688155042705 3.7207509891371284 -2.2950777018508606 -1.318933227313389
6.02 0.6406320952959877 4.424794016147682 -1.43889404521686 -1.3591085565180858
6.04 0.8712566710880318 5.04857620179473 -0.7237481363809469 -1.5332734040276688
6.06 1.0837875980049168 5.550323737036254 -0.36916886164633284 -1.8515218638522963
6.08 1.213519102767754 5.729784259304234 -0.31776857138416764 -2.109000520758985
6.1 1.2410268178726958 5.459509131573405 -0.4703898735573763 -2.0833846275707613
6.12 1.1912105356499456 4.806786090961255 -0.7155438531358849 -1.7411533509957908
6.14 1.1173823298759162 3.8770521654337755 -0.9597029441045849 -1.0977805551401294
6.16 1.0831777668319598 2.7806931170876954 -1.1774101166810624 -0.2513472992477178
6.18 1.1239324852440893 1.596553008894097 -1.3987357477488838 0.7219145850105058
6.2 1.2063502492388714 0.43162054664506877 -1.571609179763579 1.7063905295887403
6.22 1.2538779794103698 -0.6907813993656735 -1.632483352330239 2.482839320099166
6.24 1.2696930722055577 -1.7814246596484518 -1.6274727432016791 3.026589543589022
6.26 1.284576276779242 -2.7702932577904757 -1.612361707829964 3.3878252777193074
6.28 1.2892388611946666 -3.635887195135337 -1.5961394285480242 3.5935692717287875
6.3 1.2768546277012032 -4.3745046839393185 -1.59067239436109 3.667136680500036
6.32 1.2410910179966275 -4.9850141374351615 -1.5975837872075223 3.621929857201256
6.34 1.180712815713798 -5.469935765756569 -1.617852359976578 3.4708872531313126
6.36 1.0975303704716135 -5.833510313505415 -1.6505955349612986 3.226534875741344
6.38 0.9947651119332861 -6.080163970873497 -1.6905203182088184 2.9006268352721993
6.4 0.8782777519506962 -6.214907394467782 -1.733109829085411 2.5054355320032538
6.42 0.7561870879500947 -6.242904241876026 -1.7769447341801055 2.0524037320377335
6.44 0.6387473942050668 -6.171838502475713 -1.828840709535008 1.5558481445185999
6.46 0.5306711080161117 -6.009406157089958 -1.8885363084629025 1.0293239326244852
6.48 0.4336553694074576 -5.759254374945134 -1.9491320213573815 0.46994048571744684
6.5 0.3484725365169988 -5.430140119056401 -2.0107529333350977 -0.17708261176101728
6.52 0.278325648818723 -5.04170264395167 -2.062933431390618 -0.7994543643099301
6.54 0.23029957221278663 -4.597397663443192 -2.105227643869967 -1.3580472036443725
6.56 0.20549478700692936 -4.11088387472625 -2.140950432216602 -1.8536399635833283
6.58 0.2041128881429425 -3.5948398617526176 -2.1701814830362762 -2.283318223627332
6.6 0.2286309653868409 -3.064614623489959 -2.199855951528186 -2.6384112941373856
6.62 0.2793961869661779 -2.5357553807406394 -2.2342723762075116 -2.908643910710658
6.64 0.3561786950903805 -2.022131955438026 -2.2745900991728267 -3.0824550982081256
6.66 0.460983238314848 -1.536563938730929 -2.324638072816344 -3.147993591389264
6.68 0.5954214082079349 -1.0907683072197896 -2.3814484674415173 -3.1323040690762425
6.7 0.7718158320565789 -0.6875209530737654 -2.443792131084932 -2.9624502753374653
6.72 1.0031634636015083 -0.3634017528886425 -2.5010484588366175 -2.8188474035434217
6.74 1.3162530726660506 -0.03110307520437943 -2.53547040436744 -2.41683484127854
6.76 1.699007121565794 0.20095796372449357 -2.5730845423912765 -2.027903038296755
6.78 2.1866224490129995 0.3719407228204964 -2.6269141455678255 -1.5692133069006686
6.8 2.7705453101533726 0.5315692718195817 -2.7154390614292936 -1.0131897552847255
6.82 3.4143553326051004 0.7414784775051882 -2.8566321023726187 -0.3831360736377075
6.84 4.026910654277886 1.0168389728221308 -3.070034528896153 0.15432959296252927
6.86 4.516230419224849 1.2773754201289103 -3.325546042662358 0.45037583866730224
6.88 4.715537651390095 1.4636496130338192 -3.502986224034394 0.50709223096075
6.9 4.4724925861942015 1.5542770400123058 -3.406292222640542 0.36138957936523575
6.92 3.8428765283425923 1.568484377190906 -2.9903941746353215 0.11642891575970829
6.94 2.9342273770834577 1.5565244441376214 -2.2787644459616585 -0.13132473663087968
6.96 1.859558016332379 1.5717478138875964 -1.361478646549509 -0.34828172096726795
6.98 0.7083406418956615 1.6539734211354005 -0.30160301826627656 -0.5518136598226565
7.0 -0.4041126477262759 1.791317582904251 0.8173079852525518 -0.7447892814771425
7.02 -1.4056612002385374 1.8889746105241338 1.891237969279396 -0.891565625614865
7.04 -2.335685553686734 1.89441677878363 2.6740626206405382 -1.0113188145138374
7.06 -3.183037382527674 1.8306704116177643 3.1820193054698023 -1.1244370440947922
7.08 -3.933284329958431 1.7216837899379147 3.4809324137462703 -1.2411848736469369
7.1 -4.577422823272142 1.5814591560040514 3.6112844566499693 -1.3584997864693884
7.12 -5.112534949117499 1.422298664645613 3.6013843489702766 -1.4749662574629172
7.14 -5.539431720503072 1.2543974851615933 3.472385105687159 -1.5899837702401838
7.16 -5.860037365591188 1.0849697902031132 3.2407451451038907 -1.700214370308164
7.18 -6.076960090448278 0.9201744393067512 2.921361043040901 -1.8029415763434435
7.2 -6.193291974999128 0.7650795740432378 2.528470862060877 -1.8963971178699188
7.22 -6.212346091220254 0.6234020200621757 2.075944175424456 -1.9788969287460325
7.24 -6.138018594599805 0.4979664546284569 1.5778328872433414 -2.049550564996881
7.26 -5.975174961183212 0.39078998673107407 1.0484166279938352 -2.1082895582662755
7.28 -5.727413647296817 0.30326788307881297 0.4865710044090944 -2.1562939331317166
7.3 -5.402534444116642 0.23382620407353893 -0.16271602652357614 -2.1982753862028037
7.32 -5.019413091370541 0.18301266360915938 -0.789210840291311 -2.227166845643715
7.34 -4.580730081825926 0.15630227655546397 -1.3517486685317357 -2.246372583507832
7.36 -4.099729616118939 0.1544737663446715 -1.8511093936656302 -2.2660588777647463
7.38 -3.58917947820682 0.17493511526905486 -2.2839241884853467 -2.2873167929509224
7.4 -3.064088589185926 0.21656653475336554 -2.6409971450582064 -2.3130724718620126
7.42 -2.5388491007376546 0.27869987760886755 -2.9123515333765777 -2.3448204340348737
7.44 -2.0267539249743707 0.3618660455405947 -3.089013127185754 -2.3832352073046157
7.46 -1.544552522710606 0.4699131585702987 -3.194088966255523 -2.4290346903542317
7.48 -1.1343866320895588 0.6127731017966057 -3.2992598787883405 -2.4648364232968873
7.5 -0.8055628224164576 0.8256662725701 -3.4819805536964146 -2.4421627206165537
7.52 -0.605586842906306 1.1693997206506368 -3.8789712505455327 -2.295363161509505
7.54 -0.43372732857919244 1.7099555437264686 -4.082699216431394 -2.0448813131148023
7.56 -0.2063802824795175 2.3572739896071484 -3.834750945532341 -1.746296426717067
7.58 0.023145527825760487 3.0419536846305135 -3.1948930161217475 -1.4332102754770795
7.6 0.27158468809617736 3.7831418922857454 -2.3817204428901855 -1.2714414629786979
7.62 0.5157143982264178 4.498859939195714 -1.5109061252592357 -1.3095334936368266
7.64 0.7492714679547439 5.131218353576197 -0.7809529718698094 -1.486129060351588
7.66 0.9619691391432517 5.639278281079536 -0.4163881009081751 -1.8098410308833417
7.68 1.089966143971061 5.822478805698812 -0.3576384152459104 -2.073743650146637
7.7 1.1140702811577525 5.554426930517853 -0.5041518159171576 -2.054786098272522
7.72 1.06030934686524 4.903210981498354 -0.7433200146372937 -1.718853098969564
7.74 0.985891031046323 3.974804510681275 -0.9820579228759201 -1.0842441386117567
7.76 0.9516363293380624 2.875240688306858 -1.2052718035568923 -0.2464037350030009
7.78 0.9927345716599508 1.6831287871746325 -1.4345014600806223 0.7173265687433086
7.8 1.0840792074119614 0.49934012796193594 -1.6176029869704949 1.6969369894140889
7.82 1.1505558964693408 -0.6390386323049148 -1.6874023497496693 2.4798439732749693
7.84 1.184110408453575 -1.7416652121145426 -1.6765284648497414 3.025657390939263
7.86 1.2184856866803653 -2.740697132311691 -1.6522141723950199 3.3870640804291163
7.88 1.2434083164071499 -3.6156803067166305 -1.6291477518211022 3.592391420687111
7.9 1.2489875672281823 -4.362086418240997 -1.6168989290775926 3.6650066022708034
7.92 1.2281221241288076 -4.978689809155983 -1.6176548189026712 3.61918182683348
7.94 1.1789419585131418 -5.468010132478438 -1.6318664065490989 3.467796804726836
7.96 1.1043328846334743 -5.834560997977929 -1.660898042673364 3.2233528531845907
7.98 1.0075509876957691 -6.083246322294728 -1.699801775959305 2.897474306501032
8.0 0.8942537052195425 -6.219238026952056 -1.7429259272307704 2.5026865414093193
8.02 0.7720735594404934 -6.247752390799116 -1.7860377029059427 2.0505612449348147
8.04 0.6513520836861107 -6.175756558595677 -1.8326544357071475 1.5542737048198347
8.06 0.5404597514688113 -6.0118081559768 -1.887908364757005 1.0280034111385477
8.08 0.44191894703283013 -5.761214336734363 -1.9481016730871414 0.46928339376316336
8.1 0.35487706321530266 -5.431600066837567 -2.0093108861017077 -0.17760794390587095
8.12 0.2831201030765431 -5.042616073331259 -2.0615242353643763 -0.7998314317981581
8.14 0.23378968843876716 -4.598040689516802 -2.1045728237878087 -1.3582526319791444
8.16 0.207738447786693 -4.111246266133796 -2.140861955088755 -1.8537962425719179
8.18 0.20525359677247937 -3.5949782048431165 -2.170401887931304 -2.2833915550392105
8.2 0.2288261501474448 -3.0646128653812865 -2.2000143519279116 -2.638409158521421
8.22 0.2789617143839195 -2.5356088849894665 -2.234261728544009 -2.9086495015462503
8.24 0.35555250662791205 -2.0219376025279967 -2.274783771429644 -3.0825303853181145
8.26 0.4602417718220344 -1.536482224127756 -2.3249454704497854 -3.148069347170553
8.28 0.5945918928169621 -1.0905753975235235 -2.3831059703819033 -3.127174535463285
8.3 0.7691911082766778 -0.6875232569847269 -2.4422275105973235 -2.959716800956863
8.32 0.9989163204956385 -0.3634518624937993 -2.4997763610443977 -2.8160786617454057
8.34 1.3133988179729101 -0.035470816006875225 -2.5347372696948245 -2.421760959580122
8.36 1.6982043448766697 0.1962008973412481 -2.571248794644217 -2.035854704070013
8.38 2.188100004238186 0.3674979154249695 -2.6238453342248738 -1.575775322156085
8.4 2.7737112720245864 0.527579707861993 -2.7132637953833334 -1.016990015737817
8.42 3.4175692056602394 0.7372323415185802 -2.8550126200366863 -0.38618140203777257
8.44 4.0296496638284065 1.0121242637567895 -3.0680509838427024 0.1517565351431107
8.46 4.518706757728951 1.2723200831172703 -3.3234719491051847 0.44804509178440716
8.48 4.721580937646539 1.4581243346898674 -3.5028763978548985 0.5048638603191453
8.5 4.489502285636838 1.5477303954040014 -3.412130510501882 0.35918655402443145
8.52 3.8770834684999276 1.559710287222519 -3.005779645636069 0.11370342837362417
8.54 2.9903075144906537 1.5435287068931742 -2.305992094109625 -0.13533894289982634
8.56 1.9404420717954205 1.551922250957717 -1.4006638447507818 -0.35388182838577653
8.58 0.813733602452304 1.6251365916513236 -0.35276987828598694 -0.5583992859335812
8.6 -0.28031037197665026 1.7565439911453944 0.7507564172570718 -0.754530491643387
8.62 -1.2541606915583043 1.8566422493728842 1.8222891162458796 -0.9049480301119331
8.64 -2.1656420307380966 1.8634044462516814 2.615388175643143 -1.0272721298030727
8.66 -2.9975757804466787 1.800064013607662 3.1307085818151132 -1.1404252442625462
8.68 -3.734520333768972 1.6924182246025585 3.4386666707382934 -1.2572510652821347
8.7 -4.367473702851947 1.553588665762977 3.5799432579654678 -1.3734108712519564
8.72 -4.893749894266888 1.395815787301042 3.5830996843744685 -1.487539046516176
8.74 -5.314666984987624 1.22957615439836 3.469587372987799 -1.6001773119924056
8.76 -5.63242770246782 1.0617599606481374 3.255561922977138 -1.707852392733112
8.78 -5.849904850895298 0.8984026601188368 2.955662830407988 -1.8079066127525083
8.8 -5.970501262550298 0.7445517529018676 2.583859894100624 -1.8989026630094676
8.82 -5.997702080642141 0.603768344016232 2.1535713752504573 -1.9791620907232348
8.84 -5.935457791461761 0.4787657357990275 1.678368890581481 -2.047808785736092
8.86 -5.788567871155639 0.3714746719041394 1.172018688244769 -2.104841346588886
8.88 -5.5621747225655644 0.28312124675658334 0.6447389467355439 -2.1508794694339213
8.9 -5.258707888361167 0.213342132917482 0.044873008523224664 -2.190113820685786
8.92 -4.899711809029051 0.16023785407116833 -0.5753258768996424 -2.22072624106915
8.94 -4.488537812466659 0.12868018802943115 -1.1314775129067323 -2.2390501043247064
8.96 -4.035845924330033 0.12123728736833889 -1.6219954317200154 -2.2564451158379
8.98 -3.5539472604505677 0.13531463788466921 -2.046741831189721 -2.2752134181556105
9.0 -3.056060848905291 0.16930693220771562 -2.3989743660730327 -2.296990640036225
9.02 -2.55614788595207 0.22259237312794525 -2.669674043367887 -2.323910264798842
9.04 -2.0667449505318385 0.2954589338963059 -2.849860050948917 -2.3568547533066795
9.06 -1.602527309286586 0.3903710390246116 -2.9667615283261686 -2.3960287078688407
9.08 -1.2061986750809404 0.5160022693395375 -3.077153153516095 -2.4292947440001953
9.1 -0.8851813308168637 0.7078863138001041 -3.264811403697537 -2.4112779112149396
9.12 -0.6728443805361838 1.0161313046247367 -3.6410770767097635 -2.2830609398443062
9.14 -0.502901435340203 1.501938982927933 -3.9015251769319512 -2.0559483328401824
9.16 -0.2702463151815017 2.0972000922978404 -3.7791598150466355 -1.7872970545992282
9.18 -0.031221076539084097 2.7169941117808842 -3.2786995780340242 -1.4797539551980674
9.2 0.2268428975421908 3.386080946364403 -2.5792578134387565 -1.2763955514937857
9.22 0.48956212023556245 4.042562107687027 -1.822743992353955 -1.2595918144700557
9.24 0.7226412612323928 4.6182870279650565 -1.1556261409003028 -1.3722998381076572
9.26 0.9295342064901958 5.083015073740884 -0.8009872202810888 -1.6111052715023677
9.28 1.0541682166970316 5.250503564051563 -0.7192760634027138 -1.8014066525391548
9.3 1.0774061630774956 4.99842548630592 -0.8223549374465412 -1.742121941024579
9.32 1.0250909173535554 4.388385071874062 -1.0142735913720555 -1.4061577412646042
9.34 0.9480125187402586 3.5166099270062783 -1.2123067670357026 -0.8023944293865902
9.36 0.9060913032809449 2.476048246894793 -1.3829496886118162 0.016751412530241153
9.38 0.9402910669188895 1.3583684653365793 -1.549574194601259 0.9284911467584507
9.4 1.0237288439582521 0.2557386048249875 -1.6908020717720624 1.80189342398759
9.42 1.0808200544939908 -0.8119003980370656 -1.7351748348544036 2.4854430704886643
9.44 1.11031916034701 -1.8455285935134327 -1.7167075354939954 2.956766249448239
9.46 1.1413212546645584 -2.7793553988018425 -1.6941049278095275 3.2643089515801886
9.48 1.1613447998236677 -3.593692358620089 -1.6737840687205305 3.4308499934740087
9.5 1.161538434759916 -4.285216828918465 -1.663283168097077 3.4774515576856175
9.52 1.1361892497956438 -4.853150833772665 -1.6641758286747506 3.4151193972564964
9.54 1.084609146383084 -5.300337033022881 -1.6771663568392519 3.255239855830032
9.56 1.0099840233250559 -5.631132150920013 -1.7031133876732514 3.00874484715401
9.58 0.9160627828662077 -5.850194640736484 -1.737874783148737 2.6862053480108368
9.6 0.8083282481651092 -5.962530331390293 -1.7763403480408995 2.2992728899127552
9.62 0.6938669216951701 -5.97307941860125 -1.8144926426873313 1.8588817252673433
9.64 0.5821670141930002 -5.88849178807077 -1.8555986091491388 1.377515759184401
9.66 0.4808673426757957 -5.717035596212075 -1.9045969443687347 0.8686534223014654
9.68 0.3920300158149706 -5.461961529515492 -1.9590300899438788 0.3127390041173987
9.7 0.3137964851758999 -5.136831054453244 -2.0145567141103924 -0.32424158599193065
9.72 0.25169125675627113 -4.754391272010567 -2.0593830475088617 -0.9146019053996574
9.74 0.21195345068571375 -4.320380226493596 -2.0981838315424306 -1.444193764898472
9.76 0.19364569479197968 -3.847433017405649 -2.1301740421113604 -1.9148814228808004
9.78 0.19826900942252515 -3.3478568692832518 -2.1577116081137433 -2.3221881573911958
9.8 0.22755017925240767 -2.836899424062773 -2.1867167569488104 -2.657103304989968
9.82 0.2817718884113085 -2.3289523045005343 -2.2206627159457657 -2.90956428364507
9.84 0.3611539345039301 -1.8370747592797119 -2.260912780289165 -3.06813042888775
9.86 0.4676459294074249 -1.3737485350372716 -2.3108849597548575 -3.1209898306110353
9.88 0.6033800610616835 -0.9497819386987328 -2.368147763139145 -3.094806928444817
9.9 0.7832009182687311 -0.5557567561279305 -2.431853366438163 -2.9188097301397216
9.92 1.0149166377267056 -0.23460333096264763 -2.491295824240936 -2.765199529714411
9.94 1.3246925361619049 0.0767649785102443 -2.5294436657388597 -2.3557221118682303
9.96 1.7023169513128948 0.28965037712393554 -2.572831108317752 -1.9702645900516202
9.98 2.1838626296265597 0.44953975220124276 -2.6287503114205855 -1.5061530113562114
10.0 2.759527353913366 0.6027261321383324 -2.722539645256018 -0.9419308225602401
10.02 3.39212710605685 0.8068970736260036 -2.866275226698191 -0.3161047068902247
10.04 3.997047280532121 1.0786157041091735 -3.085185287436504 0.2051745849473993
10.06 4.478978728734146 1.3368839492575157 -3.344717623854958 0.4850711764049596
10.08 4.67563200641113 1.5222979667894136 -3.521211311823906 0.5319508382798314
10.1 4.440320609700572 1.6130306400596643 -3.426671325315689 0.3807308400027181
10.12 3.826564605113059 1.6268925687985896 -3.0165395716299774 0.13174658116276952
10.14 2.9391099805885315 1.6120122186781076 -2.3116734841041886 -0.11980317341756036
10.16 1.8902226039957546 1.6223038363598254 -1.401389761136038 -0.337767351554786
10.18 0.7681609649003167 1.6960054425324274 -0.3484347095841828 -0.540151239985865
10.2 -0.3122538219098517 1.822698254216138 0.7620648289157572 -0.732785732317705
10.22 -1.2783423698609888 1.910923545763158 1.8339388291835752 -0.8827001707586358
10.24 -2.1836777304918926 1.9050650281146893 2.6215279598993546 -1.008286700407883
10.26 -3.010562912888253 1.830776440182059 3.134630631846028 -1.1287295397608508
10.28 -3.7431780541091695 1.7127588200584376 3.441501119995282 -1.2526761964615394
10.3 -4.372457661945271 1.5646801579806868 3.582278637672469 -1.374889455619611
10.32 -4.895899627082048 1.3994381920475625 3.585403182451764 -1.4944126423652508
10.34 -5.31470439752416 1.2273070462832738 3.4718896099772794 -1.6109227419862588
10.36 -5.630964645994905 1.0551834275418401 3.257786865927955 -1.7207779161662682
10.38 -5.847533494941809 0.8891226126545603 2.9577793847176745 -1.821702465890202
10.4 -5.967700853462158 0.7339298702953394 2.58578031199913 -1.9123706193519074
10.42 -5.994832807457445 0.5929317687114598 2.155221218266665 -1.9913437489168584
10.44 -5.932795859551305 0.46860916910377176 1.6797159572015854 -2.0581024418166027
10.46 -5.786292541528365 0.36261707908075747 1.1730444452908417 -2.1129061057279914
10.48 -5.56038247537793 0.27593300995570363 0.6454623196347731 -2.1566124433615004
10.5 -5.257418981858585 0.20798393276166824 0.04530393536410637 -2.193628054312612
10.52 -4.8989172828219445 0.15668279886324613 -0.5751661909394736 -2.222280164396236
10.54 -4.488174007974112 0.12687135895662247 -1.1315404984179778 -2.239235927617533
10.56 -4.035845526116239 0.12100672420734289 -1.6222569495312609 -2.255999308682235
10.58 -3.554275705531906 0.13630098882656497 -2.047104305578337 -2.274675481733878
10.6 -3.0566249286684952 0.17098800952020657 -2.399356320970875 -2.2964467074527364
10.62 -2.5567903271342347 0.22457173240464434 -2.6700578323125024 -2.3234581474300406
10.64 -2.067366432805795 0.29728374088733817 -2.850307088537944 -2.356166924124587
10.66 -1.603166142615792 0.39192670063649787 -2.9670165305658895 -2.3951467410002736
10.68 -1.2063320385609415 0.517327651041484 -3.0754342373408656 -2.428970803180718
10.7 -0.8847385011994952 0.7083258500755493 -3.262229320987432 -2.4116874976422107
10.72 -0.672300655595787 1.0153652189868296 -3.639942008200434 -2.283508851701685
10.74 -0.502515240010622 1.5005916539398805 -3.901559182933202 -2.0562610691573964
10.76 -0.26985437464646805 2.095671175494141 -3.7797384225887583 -1.7877062522787728
10.78 -0.03093084671821752 2.7152359150076624 -3.279276543908906 -1.4799237162620473
10.8 0.2270790524940595 3.3842517874049265 -2.5797058414582907 -1.2762854871078333
10.82 0.4897424723181929 4.0406599353768735 -1.8231347337003083 -1.2593347084501931
10.84 0.7227050874430354 4.616203874994025 -1.1558631016124548 -1.3717220157663446
10.86 0.9294917561736595 5.080799927983495 -0.8011316489604381 -1.610240160234149
10.88 1.053906272660298 5.251917941442287 -0.7194060377070371 -1.8020603238725466
10.9 1.076414593399132 5.010666696206273 -0.8225888000541562 -1.7478171274417371
10.92 1.022174765729993 4.417588158617144 -1.0150680885581684 -1.4200427791744763
10.94 0.9411912894124052 3.5674659499708117 -1.2143431087667254 -0.8263373908300419
10.96 0.8929644167203606 2.5539506275334496 -1.386815782909381 -0.02337967229802296
10.98 0.9187456305107469 1.4626213864567381 -1.5576056329916421 0.8770778413366481
11.0 0.9958121299896271 0.380273376337362 -1.705654441723775 1.7499041064385048
11.02 1.0498198625991915 -0.6673234842360248 -1.7568450630347088 2.436787065594181
11.04 1.0763017954162875 -1.682137087717173 -1.739917614064484 2.911820108872001
11.06 1.1057966533830392 -2.599167660626151 -1.7163691871040967 3.224542602832861
11.08 1.1261333259042638 -3.399151675156145 -1.6945526690252664 3.3984144810900268
11.1 1.1279936702040532 -4.078951204866775 -1.6823921963047765 3.4545677182402903
11.12 1.104995514487666 -4.638036096308638 -1.6814071976721094 3.4043659987237214
11.14 1.0558924426836958 -5.079265412157736 -1.6918826388929988 3.25900671278935
11.16 0.9837149918725041 -5.407272533372537 -1.7149944913293858 3.0292683015628104
11.18 0.8922747336230872 -5.627004572866226 -1.7474039892790096 2.7253874072364837
11.2 0.7867827393885751 -5.743723059441236 -1.7841778942693685 2.3586360529058426
11.22 0.6738582630410405 -5.762600822728476 -1.8208496148159963 1.9398049761476104
11.24 0.5622815606049639 -5.689860718742546 -1.8588383516280302 1.4803803583611137
11.26 0.46052070786152244 -5.533745101701815 -1.904351201810002 0.9935945987373269
11.28 0.371111216669698 -5.299845581168756 -1.9556122959435738 0.47733046307294624
11.3 0.29255695212074917 -4.99442073831006 -2.008490785312464 -0.12432087824058359
11.32 0.22784799044863388 -4.636449540756286 -2.0538209061659547 -0.7080620147607612
11.34 0.1836865921476017 -4.228896045144724 -2.090827797720256 -1.2297013320303565
11.36 0.16085278169573922 -3.783530224986835 -2.1222150665612842 -1.6909999490992251
11.38 0.1591014387456248 -3.3117011204441296 -2.1474760088798517 -2.0903473267018926
11.4 0.1807219988059751 -2.8270944611211184 -2.1730261750625024 -2.4205534382261167
11.42 0.22587697339525117 -2.343495012025562 -2.202325591119914 -2.672774788945331
11.44 0.29491340016204937 -1.8731729962751624 -2.237673602974131 -2.8370960785915016
11.46 0.38878433959254255 -1.4273949304297344 -2.2807494431343223 -2.903223671898443
11.48 0.5101984710147447 -1.0161979672144543 -2.3339056201806674 -2.8899956328875867
11.5 0.6676739939551595 -0.6389036305957787 -2.386075159324743 -2.7484876692975324
11.52 0.871127523659757 -0.3263359338823672 -2.4420456016475645 -2.621683570074265
11.54 1.1551491376206338 -0.02161403204821136 -2.4728953376769702 -2.2940594921774657
11.56 1.500993481271706 0.20797911258809879 -2.499538421489719 -1.9811917874030183
11.58 1.9420053885600723 0.3859293632968658 -2.5312884006375005 -1.5784632016400806
11.6 2.4668402913413594 0.5522096494011298 -2.5975474183466023 -1.0879800627779819
11.62 3.038040250073845 0.7568749044832971 -2.702849423689187 -0.5345859903437462
11.64 3.59149330030178 1.0186248989244644 -2.883455681829391 -0.07591528728989196
11.66 4.028357800136589 1.264730020631555 -3.102577865796421 0.16231735963151092
11.68 4.1917259746030915 1.4370248706616429 -3.221985285076184 0.2092582929575937
11.7 3.9519855367187096 1.5185182889430737 -3.0930506052200832 0.09099575735818895
11.72 3.3569281296473377 1.5282205329053316 -2.681251618572395 -0.11235544662074101
11.74 2.501826364166395 1.512218608582338 -2.004051142199851 -0.3199802392859186
11.76 1.4907197950656257 1.524394024515467 -1.1384009096009746 -0.4973486254808533
11.78 0.4123960500915808 1.5999690266620448 -0.14706538551787343 -0.6624191649517212
11.8 -0.624611037251885 1.724482019900973 0.9080573600901962 -0.8242639146566795
11.82 -1.5723833328426031 1.8057494682788846 1.8947665524531734 -0.9587206632146149
11.84 -2.4344764730023223 1.8005200288064243 2.6035398083132963 -1.0685500677949036
11.86 -3.215470353465341 1.730070098628958 3.0592173179130873 -1.1764810158917556
11.88 -3.905008705272232 1.6168342539911467 3.320429151942711 -1.2906817288764518
11.9 -4.495139579699572 1.4747864031247595 3.4247100822167367 -1.4068881232266655
11.92 -4.983103516025404 1.316105153293235 3.398227751495462 -1.522494922694766
11.94 -5.3694505216811725 1.1507186262354347 3.2603903173363524 -1.6357482961494785
11.96 -5.655731069688237 0.9857585098654974 3.0264075737818525 -1.7429716902021226
11.98 -5.844198370097726 0.8272084090186099 2.710174482514491 -1.8414676496161397
12.0 -5.937618098105579 0.6798163572255268 2.325044388735925 -1.929558362770652
12.02 -5.9390591816914 0.5469642291851181 1.8841509032101553 -2.005863075464496
12.04 -5.852246973252918 0.4311055911097616 1.4008720644900896 -2.0698752167259475
12.06 -5.681899871308904 0.3338644194353869 0.8888337530653716 -2.1218835415976542
12.08 -5.429556606916185 0.25617294409069435 0.3300114645543223 -2.1641599016875936
12.1 -5.109015058895737 0.19535702173917777 -0.31027820842133474 -2.200809487592052
12.12 -4.732242064059835 0.154154979688282 -0.9047693781507862 -2.2234054475038074
12.14 -4.303895469753167 0.13708632156616113 -1.4383968554432587 -2.240407548743258
12.16 -3.836739103429403 0.1430894211056899 -1.9127157849774787 -2.2589383151058224
12.18 -3.342847843683732 0.16962988050397487 -2.3230552922080907 -2.279437068179244
12.2 -2.836884884956012 0.21568055410291065 -2.6597981903984085 -2.3045665955573917
12.22 -2.332297875235856 0.28096045910252515 -2.913328580342683 -2.3357303599985335
12.24 -1.8416563150282417 0.3664658455335657 -3.076748912767859 -2.3739996695205927
12.26 -1.3819483174017666 0.47649424468221613 -3.1659998207075337 -2.4194097994228803
12.28 -0.9829839620936329 0.6225921648442196 -3.2565418984906307 -2.4564770146079056
12.3 -0.6606146567575503 0.8348127615881608 -3.3989613501635487 -2.4392590939184378
12.32 -0.46657264591418474 1.1685740250579426 -3.7605916067069916 -2.303856759017169
12.34 -0.2955330100554515 1.692465301269477 -3.9563243132387567 -2.065344281234818
12.36 -0.06914593644974631 2.322723183382989 -3.7167161236909383 -1.777307849897583
12.38 0.1573863616666901 2.9924713319550755 -3.0920438123432565 -1.4737853648000192
12.4 0.40194418042584806 3.7196032106868047 -2.2957555453403113 -1.3185129723904097
12.42 0.6401769180507871 4.423523000119841 -1.4395076765025212 -1.3585196908677102
12.44 0.8706721147214586 5.047112800964913 -0.7242323598630598 -1.532390283303565
12.46 1.083068212924583 5.548699080613392 -0.3695728718365047 -1.8503763178610455
12.48 1.2125468441202758 5.731848887049707 -0.31813858284056457 -2.1095891349610265
12.5 1.2392837712455718 5.472636297684468 -0.47086035678016364 -2.089741006467032
12.52 1.1874749179007629 4.83721319930306 -0.7166068179457039 -1.756851618377299
12.54 1.1095937666978741 3.929490356094317 -0.9620238502044183 -1.124932623471491
12.56 1.0688200368550955 2.8591060602286382 -1.1810350552051114 -0.2920797551630176
12.58 1.101307150651927 1.7002910992694489 -1.404661448315253 0.6710082077287656
12.6 1.1782890300327882 0.555767142401763 -1.583286783049587 1.6500268073386675
12.62 1.2242616144799747 -0.545888482194153 -1.651348432372144 2.4282709292549587
12.64 1.2380070404673957 -1.6170132019055625 -1.6485139279141379 2.9750070154564985
12.66 1.2516440270378326 -2.5884736480047614 -1.6328800512000137 3.3410982612715547
12.68 1.256472840408334 -3.439181331223107 -1.6155210458822538 3.5542143931728485
12.7 1.2451849411329716 -4.165566397850879 -1.6082026441161443 3.6376137265166926
12.72 1.2112860272867254 -4.766780762516347 -1.6132376508115396 3.60494730042752
12.74 1.152897736826113 -5.245435204600438 -1.6309830210420173 3.468937178905114
12.76 1.0719306702382174 -5.605995566627554 -1.6613027568200156 3.241936262032885
12.78 0.9714053212153605 -5.8532148044971155 -1.6992654767666064 2.9353380363275052
12.8 0.856821601281481 -5.992354625606063 -1.7401976730928426 2.561212433209083
12.82 0.7357600042026781 -6.02856084464487 -1.7816808831347535 2.130387044821819
12.84 0.6185048090419264 -5.969475943540708 -1.830374729094714 1.6566709000048476
12.86 0.5102694537324056 -5.822830042257857 -1.8871441478385906 1.1531435871635027
12.88 0.4126725662756385 -5.59408866847809 -1.9451273823897894 0.6285769157798979
12.9 0.327380707306795 -5.286351356543369 -2.0034883746056993 0.030059805554147917
12.92 0.2551013081798521 -4.922146908003741 -2.0567566604060388 -0.5860722322863514
12.94 0.20246571016806889 -4.505301256325466 -2.097634774643889 -1.1381402849333346
12.96 0.17292734230195023 -4.047133001238348 -2.1324888147235117 -1.6249010278694849
12.98 0.16529973151883548 -3.5598610857616064 -2.159931711322419 -2.046518788669631
13.0 0.18197309964857833 -3.0569487241820896 -2.185898778762708 -2.396611985883707
13.02 0.22360536381912374 -2.5532704677050764 -2.215509961500254 -2.666242765567442
13.04 0.29017826414021053 -2.0620074659916723 -2.251249006451422 -2.8454500822836803
13.06 0.38223337419025916 -1.5947795737989212 -2.2943398083284166 -2.923881931865477
13.08 0.5023572523970254 -1.1623130153728416 -2.347285642360228 -2.9209119527517635
13.1 0.6567630672092563 -0.774386267787085 -2.39848934377285 -2.78396874368862
13.12 0.8612388402226719 -0.4498340096521069 -2.4535143938367936 -2.672157253534025
13.14 1.1478215663296563 -0.12382819604870834 -2.4824951392798433 -2.3459131490641467
13.16 1.4967547800700303 0.12119608692460739 -2.5047790007591515 -2.033145531064263
13.18 1.9423348064428456 0.308679469420125 -2.5342571393049047 -1.639791202052392
13.2 2.4745541969836604 0.48158312991319496 -2.595755890438742 -1.1520617080214217
13.22 3.056232272790208 0.6918166250099184 -2.6979317708767123 -0.5968942006159854
13.24 3.6173945457698706 0.9583309019486717 -2.8740989473034286 -0.12473464074416249
13.26 4.060362523027789 1.2067983621377578 -3.0865297367977935 0.128852522004638
13.28 4.230515250799429 1.3803942536728573 -3.206977499553397 0.18629040654357193
13.3 3.9946822293377284 1.461738136153391 -3.081547592359285 0.07320919341509012
13.32 3.401215497464712 1.470289920056061 -2.6731041070883723 -0.12746754405371893
13.34 2.5467304625994682 1.453076442590899 -1.9994889316063607 -0.3332680059011945
13.36 1.5348700050508008 1.4640063732863822 -1.136864665612266 -0.5107867195250342
13.38 0.4525723496547326 1.539130051089728 -0.15039685158731614 -0.6770421306719377
13.4 -0.5941146623796416 1.668537761538718 0.8958251401722614 -0.8418394918814908
13.42 -1.5484598122494038 1.7604463809236526 1.884912698588647 -0.9775852544477867
13.44 -2.4168381836508686 1.7653286183875918 2.5979467012819417 -1.0842632468299715
13.46 -3.202766365854233 1.704137687174925 3.05559483674176 -1.186205446247946
13.48 -3.8965183582127487 1.5997975252940078 3.3179093548276706 -1.294834609685506
13.5 -4.490060213974329 1.4654209171036694 3.4225700373428345 -1.4056896350998445
13.52 -4.9806319020682315 1.3130505184326862 3.3961430541920254 -1.5166519033594685
13.54 -5.368958210972728 1.1527082590543432 3.258368906331196 -1.6267196014556478
13.56 -5.656623400087275 0.9913788249655537 3.0244477639076126 -1.7320318345577461
13.58 -5.845939043994176 0.8351248829185351 2.708317872093217 -1.8297514341607712
13.6 -5.939793441682939 0.6888884819421733 2.3233731926827996 -1.918131658978588
13.62 -5.94134035411862 0.5562171078166657 1.8827132576316845 -1.9955089715541763
13.64 -5.854387520021326 0.4397821075860307 1.3996985971775135 -2.0611121662887197
13.66 -5.683743417429098 0.3414396753782022 0.887941251711841 -2.1150147524366694
13.68 -5.430973800804866 0.2623234837993243 0.32900105723922374 -2.1592857821347535
13.7 -5.110074545794958 0.1999339922546894 -0.31117086038188374 -2.19782558238606
13.72 -4.732899588314737 0.1570426198764011 -0.9052038267721899 -2.2216635178391377
13.74 -4.304180995049829 0.13826212758074788 -1.4384058483233715 -2.2389904111022947
13.76 -3.836612708595395 0.14304525267516086 -1.9125966085235167 -2.2577718589823803
13.78 -3.3424389799690446 0.16871211124234187 -2.322811102395739 -2.27819190746202
13.8 -2.836416211733503 0.21444044252594466 -2.6595229240109655 -2.3036878179945517
13.82 -2.3317903762651855 0.27966045531765577 -2.913118640647573 -2.335201281722279
13.84 -1.8412478624752702 0.3651162538276087 -3.076037544595489 -2.373403701110865
13.86 -1.3815093821287951 0.4752396754257465 -3.1659092464811596 -2.4190075678332685
13.88 -0.982568242927816 0.6214441426477686 -3.256511435624142 -2.456172812551317
13.9 -0.6605467876247628 0.8339992298443594 -3.3998576702681738 -2.438730605381667
13.92 -0.46652945895388775 1.1682739686833519 -3.760675036442631 -2.3033783507102843
13.94 -0.29545962742783927 1.6923635667903485 -3.9559284044446645 -2.0650089088667416
13.96 -0.06908953214380179 2.3226927299664597 -3.7162504931119162 -1.7770233971971892
13.98 0.15747139913206837 2.992505574653623 -3.0917604443558804 -1.473696857903283
14.0 0.40201149374895734 3.719578639671492 -2.295578731593541 -1.3184866843601701
14.02 0.640237381945265 4.42348177743926 -1.4393828900580308 -1.3584913880594562
14.04 0.8707385624871378 5.047076580264781 -0.7241904511440919 -1.5324298583484326
14.06 1.0831287552775324 5.548630838029215 -0.3695531088572848 -1.8503999891466467
14.08 1.212610005689989 5.731785668636132 -0.31811910645990044 -2.1096020062822816
14.1 1.239353941627747 5.472579543210819 -0.47085607500029253 -2.0897677561418853
14.12 1.1875489322931516 4.837156036222288 -0.7166113105621729 -1.756878761158919
14.14 1.109668412892307 3.9294321665703076 -0.9620330162964063 -1.124955088195524
14.16 1.0688939203036087 2.8590497242918587 -1.1810363064989773 -0.2920918812209796
14.18 1.1013808762940054 1.700241120392568 -1.404650989478377 0.6710054976213202
14.2 1.17835866929987 0.5557291789908586 -1.5832656134480658 1.6500288507701626
14.22 1.2243217249473524 -0.545916767895934 -1.6513190840358904 2.428270115090912
14.24 1.2380582883577214 -1.6170346195986764 -1.6484862429204592 2.975005508831895
14.26 1.2516856748718677 -2.588489554966428 -1.6328582927543918 3.3410968832193877
14.28 1.256503905300513 -3.439192308044444 -1.6155049024916996 3.554213369511267
14.3 1.2452057747942182 -4.165573180742672 -1.608191666664049 3.6376134919052374
14.32 1.2112975095290017 -4.766784022530988 -1.6132303579202165 3.604947708434892
14.34 1.1529014516463696 -5.245435724802709 -1.630978127482374 3.4689381377176507
14.36 1.0719284519621324 -5.6059941059438 -1.6612990183479517 3.2419375481775465
14.38 0.9713990781214028 -5.8532120702640125 -1.6992619001651241 2.935339454567365
14.4 0.8568132489251745 -5.992351155192211 -1.7401938336883287 2.5612136213747116
14.42 0.7357516853691273 -6.028557295848664 -1.7816781642836532 2.1303879474634697
14.44 0.618497918588456 -5.969473012919275 -1.8303747345308095 1.656671674763413
14.46 0.5102637685046068 -5.8228278604012225 -1.887145888282084 1.1531441938649944
14.48 0.4126677158623183 -5.594086833980466 -1.945129145027028 0.6285772321880504
14.5 0.32737688136754634 -5.286349907569129 -2.0034900572213514 0.030060064424440158
14.52 0.25509842582855746 -4.922145830683934 -2.056757986378643 -0.5860720579727469
14.54 0.2024636668531619 -4.505300439767764 -2.0976354810669897 -1.1381401980913823
14.56 0.17292609343793636 -4.047132433899278 -2.1324890065751623 -1.6249009784737194
14.58 0.16529914672896362 -3.559860722317889 -2.159931452003613 -2.0465187782999474
14.6 0.1819730436831559 -3.0569485069530136 -2.1858981717418264 -2.396611997733327
14.62 0.2236057007224453 -2.553270360736257 -2.2155091562662683 -2.666242782120682
14.64 0.2901788472217064 -2.062007424296715 -2.2512481068922443 -2.845450098822011
14.66 0.38223407860404474 -1.5947795605392263 -2.2943389073405416 -2.9238819421339146
14.68 0.5023578559494145 -1.1623132174652837 -2.34728402082938 -2.9209154115016727
14.7 0.6567646501977972 -0.7743862648306947 -2.3984889676417254 -2.7839686059060016
14.72 0.8612410037644637 -0.44983845239019254 -2.453513469663754 -2.6721658478516384
14.74 1.147824676286482 -0.12382897680998217 -2.48249413987469 -2.3459136321317566
14.76 1.4967574225227804 0.12119521006945902 -2.50477856822536 -2.033144143581582
14.78 1.94233673956962 0.30868291688504806 -2.534257817100054 -1.639778304955465
14.8 2.4745495150204087 0.4816006386328616 -2.5957611403372844 -1.1520353076778087
14.82 3.056220119911083 0.6918312857352058 -2.69793932140835 -0.5968832492321323
14.84 3.617379988354348 0.9583458891702614 -2.874108325246532 -0.1247312657542465
14.86 4.060346192965983 1.2068135221108234 -3.086537742311234 0.12885323360449835
14.88 4.230498846466892 1.3804100215526072 -3.2069827101750565 0.1862919742178427
14.9 3.994666766187399 1.4617549141599346 -3.0815516312277227 0.07321164685618692
14.92 3.401200810172009 1.4703076711814131 -2.6731074772598777 -0.12746490913010958
14.94 2.5467160843420693 1.453094777440252 -1.999491413938937 -0.33326572499659673
14.96 1.5348559418966787 1.464025202373101 -1.1368658424753004 -0.5107840861284746
14.98 0.4525595619449735 1.5391489968647307 -0.15039633371643876 -0.6770385245817441
15.0 -0.5941236403163028 1.668555363817089 0.8958284882988281 -0.8418343247640564
15.02 -1.54846578761196 1.7604609639213131 1.884915664180288 -0.977579375806575
15.04 -2.4168424479386488 1.7653399204885392 2.597948374701978 -1.0842580739681906
15.06 -3.202769399796834 1.704146074990266 3.0555958646124464 -1.186202108915405
15.08 -3.896520346964329 1.599803173262931 3.3179100592340562 -1.2948331454232491
15.1 -4.490061311032003 1.4654241268398203 3.4225706047818942 -1.4056898133659785
15.12 -4.98063230494019 1.3130517331303309 3.396143609117432 -1.5166535279757658
15.14 -5.368958093926842 1.1527078896703558 3.2583694656598605 -1.6267222771681347
15.16 -5.656622914254258 0.9913772880508758 3.024448314149393 -1.7320351271319863
15.18 -5.845938335927143 0.8351225954027498 2.7083184029408853 -1.8297549908318258
15.2 -5.939792631675216 0.6888858037883003 2.3233736806878915 -1.9181351613416842
15.22 -5.941339533934677 0.556214339670403 1.882713682565454 -1.9955121654975043
15.24 -5.854386759848652 0.4397794884137417 1.3996989480722697 -2.061114886291556
15.26 -5.683742763145095 0.3414373733254786 0.8879415219103797 -2.115016902539436
15.28 -5.4309732766444725 0.2623216021713582 0.32900124665029223 -2.1592873300938784
15.3 -5.110074159696896 0.19993257777632018 -0.3111707463759126 -2.1978265518857727
15.32 -4.732899334895922 0.15704167148033296 -0.9052037791103268 -2.221663971307005
15.34 -4.304180859533286 0.13826160810090687 -1.4384058551560266 -2.238990436079647
15.36 -3.836612668553247 0.14304510326938047 -1.9125966593472503 -2.2577715627513992
15.38 -3.3424390194313633 0.16871225792363734 -2.3228111795512616 -2.2781914100771328
15.4 -2.836416305373397 0.2144407954077661 -2.6595230183943914 -2.303687202547123
15.42 -2.3317904998660017 0.2796609334095651 -2.9131187402283687 -2.335200620808921
15.44 -1.8412480017189718 0.3651167903079926 -3.076037600508994 -2.373403061986871
15.46 -1.3815095052847617 0.4752402171286329 -3.1659091755105973 -2.4190070415297327
15.48 -0.9825681788050619 0.6214445902536743 -3.256510835539567 -2.456172518008871
15.5 -0.66054664997048 0.8339994349117121 -3.399857055909655 -2.4387304695643577
15.52 -0.4665292683649267 1.1682739213673277 -3.760674554065596 -2.303378292715106
15.54 -0.2954594816816345 1.6923633786377184 -3.9559281345930857 -2.065008903747676
15.56 -0.06908938429503024 2.322692523732513 -3.7162504174618816 -1.7770234890172458
15.58 0.15747154412197634 2.992505342261306 -3.0917604453850185 -1.4736969789934062
15.6 0.402011639994485 3.7195784031663535 -2.2955787145498316 -1.3184867633725383
15.62 0.6402375447790268 4.423481573245394 -1.4393828684089174 -1.3584914728890103
15.64 0.8707387334283948 5.047076382900462 -0.7241904108937308 -1.5324299284980551
15.66 1.0831289366243113 5.5486306547868995 -0.3695530434542364 -1.8504000322042702
15.68 1.212610200382543 5.731785501964445 -0.31811904100143557 -2.109602051354874
15.7 1.2393541471889766 5.472579380868211 -0.4708560174813522 -2.089767795464539
15.72 1.187549146825736 4.837155875236743 -0.7166112632372905 -1.7568787945990332
15.74 1.10966863142689 3.9294320048218982 -0.9620329791499816 -1.1249551112658167
15.76 1.0688941381946906 2.859049566124264 -1.1810362625951727 -0.2920918886582753
15.78 1.1013810930376562 1.7002409760259183 -1.4046509299186414 0.6710055065492412
15.8 1.1783588723301515 0.555729066350077 -1.5832655378711111 1.650028867295348
15.82 1.2243218967990726 -0.5459168532459199 -1.6513189933105792 2.428270120067879
15.84 1.2380584309928842 -1.6170346847474668 -1.6484861617551394 2.9750055101469632
15.86 1.251685787013881 -2.5884896035830227 -1.6328582314273632 3.3410968840667197
15.88 1.2565039848606745 -3.4391923417237815 -1.6155048580106186 3.5542133706406
15.9 1.2452058238916395 -4.165573201762855 -1.6081916367172457 3.637613494725359
15.92 1.2112975317214327 -4.766784033065056 -1.6132303378009965 3.6049477125675913
15.94 1.1529014522598477 -5.245435727300039 -1.6309781132168166 3.4689381428914867
15.96 1.0719284368317858 -5.605994102754166 -1.6612990063632498 3.2419375537988397
15.98 0.9713990530293044 -5.853212063515258 -1.6992618876864807 2.9353394601095624
16.0 0.8568132194976908 -5.992351146459428 -1.7401938197268567 2.5612136258248204
16.02 0.7357516578036625 -6.02855728705295 -1.7816781533473036 2.1303879507436867
16.04 0.6184978967230951 -5.969473006085952 -1.8303747317131007 1.6566716774358559
16.06 0.510263751244248 -5.8228278558193765 -1.8871458907079748 1.1531441958662365
16.08 0.4126677017357989 -5.594086830347651 -1.945129147647614 0.6285772332062329
16.1 0.32737687066928234 -5.286349904948911 -2.003490059874683 0.030060065212592958
16.12 0.25509841808593214 -4.922145828995989 -2.0567579883164715 -0.5860720574688498
16.14 0.20246366158593931 -4.505300438656313 -2.0976354815479947 -1.1381401978592214
16.16 0.17292609040404094 -4.047132433326685 -2.132489005938001 -1.6249009783480823
16.18 0.16529913589578313 -3.5598607291226783 -2.1599314496396547 -2.0465187835775427
16.2 0.18197121173327477 -3.0569498059763696 -2.185898153723357 -2.396612954011852
16.22 0.22359154612822363 -2.5532796675959895 -2.2155090276016725 -2.666250672184615
16.24 0.29013301001814373 -2.062035021039817 -2.2512478992402722 -2.8454765265909803
16.26 0.3821327043075062 -1.594835284816328 -2.2943387432231375 -2.9239413213686625
16.28 0.5021768673859985 -1.162404392498126 -2.3472831824322755 -2.9210211650239377
16.3 0.6564825925963921 -0.7745164644709446 -2.3984835165948506 -2.7841320953749427
16.32 0.8608419177193987 -0.45001599291727673 -2.4534979611250445 -2.672398367125088
16.34 1.1472917389993247 -0.12405511536047882 -2.4824502983028314 -2.3462201087329566
16.36 1.4960827936322278 0.12090388955446923 -2.504677479109874 -2.033517801564457
16.38 1.9415163124829524 0.3083055426284845 -2.5340713226769256 -1.6402178375652259
16.4 2.4735741373165046 0.4811319179970781 -2.5954470637559166 -1.1525317733196276
16.42 3.0550868911319293 0.6912527541055123 -2.6974559652176477 -0.5974053741048185
16.44 3.616062262702475 0.957640978222186 -2.873419413760071 -0.12520877428274005
16.46 4.058834129336523 1.205950261667259 -3.0856114816640576 0.12844510942090984
16.48 4.232611282992296 1.3792747186553604 -3.207618845438373 0.1859321817580158
16.5 4.007614692370257 1.4598384364251258 -3.0873712142008545 0.0727171014706251
16.52 3.4310494913242677 1.4664135204768238 -2.6872197466395153 -0.12865319976195905
16.54 2.598061516974616 1.4451791726931014 -2.0237738892657955 -0.33591000531769943
16.56 1.6122298427627737 1.4496788494670019 -1.1748753316812863 -0.5154546382740566
16.58 0.5538374643104599 1.5160503638261074 -0.1977122492205855 -0.6842820519751293
16.6 -0.471812630823616 1.6395393109801424 0.8350771666984318 -0.8516216128252503
16.62 -1.3985607083777634 1.7323278796351251 1.8251824356857336 -0.9896963772958274
16.64 -2.2499986581504627 1.7371809250788735 2.5467790119681597 -1.0992794745423242
16.66 -3.0209188047762967 1.6757357280923304 3.011589297194162 -1.2018888783526744
16.68 -3.7015124517248377 1.5720249485985773 3.2826921404716285 -1.3108872283804756
16.7 -4.28389146809277 1.4384180509357998 3.397935819275708 -1.4207296352209684
16.72 -4.765638421842317 1.287014534569517 3.3842102574121524 -1.529650470962692
16.74 -5.1479760063148605 1.1279714652804171 3.261438838551527 -1.6375134720341007
16.76 -5.432770178225139 0.9679784826244583 3.044550114440534 -1.7403600734935125
16.78 -5.622609557901576 0.8129900046198643 2.747252970640132 -1.8354954589980241
16.8 -5.72066294477427 0.667879125903794 2.382652558629747 -1.9214436700379725
16.82 -5.730228987203853 0.5360317911035187 1.9634139464060365 -1.9965620582694226
16.84 -5.655149318163625 0.4200014655492017 1.5024365616389264 -2.0601242919258045
16.86 -5.500140010998799 0.3215389082196374 1.0128308860380189 -2.112265351505202
16.88 -5.268685201667422 0.24174074954374988 0.49372127944054084 -2.154214894764988
16.9 -4.967446422251326 0.17897017331055234 -0.10953255359800063 -2.190679983910141
16.92 -4.614714773524433 0.1333232387166855 -0.6974027928786147 -2.2156741833526876
16.94 -4.212500548349101 0.10986211633269541 -1.2231388706352377 -2.2315115179487877
16.96 -3.7724688493613705 0.10934235316521553 -1.6881258592008013 -2.24818514874475
16.98 -3.305986336860995 0.12874702849711853 -2.090512801594914 -2.26602227857217
17.0 -2.8262710995588454 0.1670118719409175 -2.4227087150078814 -2.2877121648793817
17.02 -2.3461657969471927 0.22350687968112312 -2.676071925638271 -2.3146683166412303
17.04 -1.8776050453700501 0.29849995865454476 -2.8415687309322566 -2.3469786263561185
17.06 -1.4348068577101913 0.39534483483574834 -2.945109020726788 -2.3861768878453713
17.08 -1.0515337037009092 0.523489074320632 -3.036071245363485 -2.421763723919536
17.1 -0.7376712241687896 0.7146631210313902 -3.194433538515166 -2.4079914529562747
17.12 -0.5319570560862609 1.0146544934551154 -3.5399798490187964 -2.2880976181432837
17.14 -0.36245026117517315 1.4861939533124713 -3.7872650994306394 -2.070780475148007
17.16 -0.12992825029963115 2.0650528725167323 -3.6704540206263347 -1.811381206074462
17.18 0.10621715882378245 2.6699511625186236 -3.1828629933725576 -1.5131728434199923
17.2 0.3599267661542475 3.325101641676337 -2.498806001179672 -1.316776048469126
17.22 0.616264039059086 3.969470523533171 -1.7565354422137514 -1.302954767828593
17.24 0.8446745430873709 4.5361576087052216 -1.1017779298317332 -1.413817430387017
17.26 1.0506554851649574 4.993990282488717 -0.7567956027050293 -1.6476861915340573
17.28 1.1761154654919157 5.160875124058126 -0.6818618600502213 -1.833525080639666
17.3 1.2011566406729808 4.917089212586731 -0.7908589284401804 -1.7736554385903704
17.32 1.150270118912618 4.3221498936352 -0.9885689052366518 -1.4400772936185218
17.34 1.0720917732723547 3.4708412951596297 -1.1928326193639323 -0.8411502558582704
17.36 1.022973961704629 2.4589218198587086 -1.3639082463110261 -0.03465744768460221
17.38 1.0471363931996391 1.3746760477790465 -1.5271043151942658 0.8724377890906784
17.4 1.116095882515178 0.30962288801683374 -1.6663755700573528 1.7524701576623256
17.42 1.15180374596697 -0.7211051644314724 -1.7079602264942213 2.4351077309989417
17.44 1.160873300222061 -1.7233688324791396 -1.6957512867671363 2.9106567674829007
17.46 1.171247202386254 -2.6295394009152604 -1.68022810229285 3.2239464801005457
17.48 1.171786423678136 -3.419933029887681 -1.6645840458087715 3.398835298391343
17.5 1.1562100499978891 -4.091887005641286 -1.659092336959486 3.4562941742968967
17.52 1.1186329774936739 -4.644798835244185 -1.664020315969714 3.4067614983681187
17.54 1.0583757305361916 -5.081629137299235 -1.6800256532332112 3.2619032680750393
17.56 0.9779861072058893 -5.406588376644149 -1.7071060964800444 3.0322555123584998
17.58 0.8808089381995362 -5.6243555226350725 -1.7411149610080705 2.728331418654543
17.6 0.7720158341751453 -5.739902563266023 -1.7775559415148239 2.3613541937868274
17.62 0.6585503705315147 -5.75805906044509 -1.8138543079586769 1.9415759158227666
17.64 0.5497692964772769 -5.686016447682714 -1.8558704131920374 1.4819227076893546
17.66 0.4507591157258396 -5.531309538938615 -1.9052580494242661 0.9948682047967522
17.68 0.3629777025862077 -5.297922081678484 -1.9568591585641537 0.47799832854607593
17.7 0.2862856521044709 -4.992991874433638 -2.0099245626986315 -0.1238318252675939
17.72 0.2232207846538045 -4.635562565014927 -2.055093563092329 -0.7077192116745966
17.74 0.18040029611046537 -4.2282978987105455 -2.091330225446931 -1.2295117991699238
17.76 0.15881151626763007 -3.7832060461371158 -2.1221223612664866 -1.6908510543628865
17.78 0.15828013712358943 -3.3115902826243597 -2.1474246304913858 -2.090294569909001
17.8 0.18063905711946707 -2.8271464602173295 -2.1727660854212636 -2.420509385212966
17.82 0.2262661003683177 -2.3436672273807475 -2.2019938922154676 -2.672680030667747
17.84 0.29561226889577763 -1.8732948628620523 -2.2374695986334343 -2.8370491145458248
17.86 0.3893603384771709 -1.4274834901455251 -2.280139174999276 -2.9030739647409014
17.88 0.5105721149500105 -1.0166363927494102 -2.3313742595920313 -2.897628645971882
17.9 0.6704105816128572 -0.6384855248671135 -2.3868872433393586 -2.7479431908317
17.92 0.8753697349834297 -0.3311335571379447 -2.4417120133518746 -2.63673892342808
17.94 1.1603911168663843 -0.018067676883963334 -2.4727455358312005 -2.2901747980527967
17.96 1.5039988034543472 0.21074972464975772 -2.501261657461161 -1.9745463155444687
17.98 1.9422383209878424 0.38857589242987045 -2.5345279372920064 -1.5743218431859933
18.0 2.464869884420314 0.5542546622379483 -2.6003337118258427 -1.0857050621120568
18.02 3.0353759935447515 0.7587886751941706 -2.7044859621634134 -0.5339213483130844
18.04 3.5888108366880296 1.0209966391588936 -2.884234722548174 -0.07510980196834882
18.06 4.02592047873794 1.2672910186467252 -3.1029924055829086 0.1634083798019774
18.08 4.1894931104670805 1.4397454932507159 -3.2224368462907296 0.2103842062488946
18.1 3.9497950194990477 1.5213622627313976 -3.0934542934972886 0.0920092354805888
18.12 3.354737602941547 1.5311641910920792 -2.6816022130311383 -0.11149561046280076
18.14 2.4996135669897273 1.515236708068445 -2.0042943617128235 -0.3192677077089138
18.16 1.4885129170102513 1.5274685592175448 -1.1384825265352283 -0.496673464894176
18.18 0.41039401041903323 1.6030549205799114 -0.14689553751977938 -0.6616751102788949
18.2 -0.6260441476388025 1.7273254522217405 0.908620396969922 -0.823362794101978
18.22 -1.573316999154944 1.8080759685681655 1.8952395616673121 -0.9577270367177952
18.24 -2.4351349810651803 1.8023111814018618 2.6038179523495817 -1.067723648240699
18.26 -3.215934501130893 1.7313809219411709 3.059392860475665 -1.1759831980391082
18.28 -3.905305118178376 1.6176919317264842 3.320549664255763 -1.2904929107837093
18.3 -4.49529485888022 1.4752496394197052 3.424809205597617 -1.40697289683313
18.32 -4.98315009061114 1.316247765258301 3.3983246853327103 -1.5228131610456936
18.34 -5.369415346747432 1.1506082734571763 3.260485818579288 -1.636226028811132
18.36 -5.655639457230855 0.9854669030929657 3.0265006754199466 -1.7435399060509926
18.38 -5.8440743488112386 0.8268042721469294 2.710263305619727 -1.8420689475590006
18.4 -5.9374805360500735 0.6793578287841707 2.325124805765037 -1.9301400860370481
18.42 -5.938922739227317 0.5465000270479226 1.8842201033575479 -2.006385878403916
18.44 -5.852122654242542 0.43067347410151413 1.4009284415449812 -2.070314025078432
18.46 -5.6817944986668305 0.3334902091302143 0.8888763844004202 -2.122224348532736
18.48 -5.429473626195803 0.2558719519502963 0.33004062665146044 -2.164399487320759
18.5 -5.108955297887892 0.1951352783497345 -0.3102614426390614 -2.2009534582002726
18.52 -4.732204208669766 0.15401083877919036 -0.9047633791134271 -2.2234653541449165
18.54 -4.303876781128091 0.1370124964255626 -1.4383995535921053 -2.240398781382954
18.56 -3.8367357009554963 0.14307532533729558 -1.9127253662611412 -2.2588790850082416
18.58 -3.342856918177653 0.1696627419251416 -2.323068868835694 -2.2793472639019994
18.6 -2.83690231922206 0.21574571125676564 -2.659814421100107 -2.3044614178355856
18.62 -2.332319650212642 0.2810434960833969 -2.9133449322385108 -2.33561841913226
18.64 -1.8416799553846581 0.3665564529598203 -3.0767576607624854 -2.373892927924372
18.66 -1.3819686685635575 0.476584175554214 -3.1659867428567825 -2.41932324894797
18.68 -0.9829722202090511 0.6226651523380722 -3.2564397201399244 -2.4564310132822844
18.7 -0.6605908690027104 0.834844001411001 -3.398858766180625 -2.4392398670055524
18.72 -0.4665404826544415 1.1685628249758284 -3.76051357690506 -2.3038495665382106
18.74 -0.29550783933948455 1.6924312169652789 -3.9562813864426265 -2.065345047489683
18.76 -0.0691201335859625 2.322686531944299 -3.7167043613390143 -1.7773241051844082
18.78 0.1574118074078642 2.9924307344763945 -3.0920436920150802 -1.4738058836179777
18.8 0.40197000234607394 3.719562397245265 -2.2957519978535013 -1.3185265178959202
18.82 0.6402055424554765 4.4234876726293715 -1.439503173171233 -1.3585341976611665
18.84 0.8707021188951574 5.04707868012824 -0.7242246693058094 -1.5324022539867233
18.86 1.0831000108569113 5.548667379641092 -0.3695611427448586 -1.8503838888217339
18.88 1.2125808958690845 5.731819876508171 -0.31812697276016044 -2.1095969811609465
18.9 1.239319675254576 5.472607971860604 -0.47085012975931256 -2.0897477793674795
18.92 1.1875123763764244 4.837185088385001 -0.716598355898551 -1.756857323860035
18.94 1.109631928773794 3.9294621135894805 -0.9620171557010673 -1.124936516231768
18.96 1.068858101951899 2.859078443440276 -1.1810272147581347 -0.2920809491648661
18.98 1.1013450263090458 1.7002658853456223 -1.404650942287395 0.6710098302796134
19.0 1.1783244999221651 0.5557474640686579 -1.5832735140323007 1.6500297268370208
19.02 1.2242916302362936 -0.5459033949876865 -1.65133254594843 2.428271819996136
19.04 1.2380319449187014 -1.6170245861714871 -1.6484997336267957 2.975007261212507
19.06 1.2516635956503346 -2.588482142516231 -1.6328693300774932 3.34109842091777
19.08 1.256486711633277 -3.439187214874126 -1.6155132711266693 3.554214600406678
19.1 1.2451934876414572 -4.165570068792175 -1.6081974072014424 3.637614227204709
19.12 1.2112898738581122 -4.766782601163577 -1.6132341284505387 3.6049480290854556
19.14 1.1528978161370205 -5.245435639432217 -1.6309805182394619 3.468938088058175
19.16 1.0719280032131748 -5.605995008602187 -1.6613006493687121 3.2419372480880555
19.18 0.9714009188196477 -5.853213625548839 -1.6992632802775498 2.9353390074289187
19.2 0.8568164467532615 -5.992353100871497 -1.7401952156376155 2.5612132123544766
19.22 0.7357551805593094 -6.028559309845425 -1.7816789547658234 2.1303876186765116
19.24 0.6185009863948752 -5.969474752685117 -1.8303742221207424 1.656671367166591
19.26 0.5102664389540819 -5.8228292454919846 -1.8871445597180128 1.1531439367187692
19.28 0.41267010068018584 -5.594088037485952 -1.9451278299653003 0.6285770932907411
19.3 0.3273788415312228 -5.286350902286297 -2.0034888298805917 0.030059942900525174
19.32 0.25509995888487974 -4.9221466163140954 -2.0567569925869673 -0.5860721445640966
19.34 0.20246479292188688 -4.5053010648561616 -2.097634853951712 -1.1381402445973
19.36 0.17292681457064726 -4.047132903416756 -2.132488700288383 -1.6249010059887479
19.38 0.1652995133531678 -3.559861059085253 -2.159931432767373 -2.046518784977345
19.4 0.18197311549767559 -3.0569487409054137 -2.1858983809291592 -2.396611991282113
19.42 0.22360554397206145 -2.553270512416796 -2.2155095110189302 -2.666242771433767
19.44 0.29017853786389725 -2.06200751988686 -2.2512485466418246 -2.845450086780549
19.46 0.38223368418108117 -1.5947796224407669 -2.294339376332631 -2.9238819327898136
19.48 0.5023574961148197 -1.162313153953592 -2.347284881554905 -2.9209136210184643
19.5 0.6567637751080113 -0.7743862923467418 -2.3984892078274638 -2.783968648609121
19.52 0.8612398164472016 -0.44983615500664437 -2.4535140209874315 -2.6721613232495964
19.54 1.1478229768219101 -0.12382856092227586 -2.482494737829441 -2.3459133077772814
19.56 1.4967559482747541 0.1211956927103368 -2.504778873613867 -2.0331447922512953
19.58 1.9423355354720462 0.30867926688570413 -2.534257393013909 -1.639790649364439
19.6 2.474554452755119 0.4815828887743489 -2.5957561538074203 -1.1520616813186282
19.62 3.0562323758835435 0.6918162729349667 -2.6979319282136083 -0.5968945973193478
19.64 3.6173946255687315 0.9583305993028347 -2.8740990271224645 -0.12473502463030436
19.66 4.060362617847661 1.2067980707018822 -3.086529714966252 0.1288522439605157
19.68 4.230515397741329 1.3803939754598111 -3.2069774665161206 0.1862902137759187
19.7 3.9946824096618103 1.4617378641893535 -3.0815475706302715 0.07320904729718157
19.72 3.4012156939769835 1.4702896462250805 -2.6731041019914046 -0.12746766815106983
19.74 2.546730664617395 1.4530761638852834 -1.999488942826438 -0.33326811820684177
19.76 1.5348702047098888 1.4640060878186605 -1.136864689454209 -0.5107868273208651
19.78 0.45257253093144056 1.5391297616136308 -0.1503968868571123 -0.6770422328465385
19.8 -0.5941145311297656 1.6685374919089435 0.895825078525627 -0.8418395951033466
19.82 -1.5484597258211554 1.7604461600910155 1.8849126466741972 -0.9775853588526418
19.84 -2.416838122607467 1.7653284489685552 2.5979466709748467 -1.0842633304006113
19.86 -3.2027663229719834 1.7041375640261296 3.055594817705631 -1.1862054951490089
19.88 -3.8965183312264613 1.5997974459524216 3.3179093419350045 -1.2948346273547164
19.9 -4.490060200387433 1.465420875731275 3.422570026930586 -1.4056896256293931
19.92 -4.9806318987810885 1.313050507730045 3.3961430442861427 -1.516651871050521
19.94 -5.368958215359729 1.1527082723551936 3.2583688967227102 -1.6267195536814896
19.96 -5.656623409727067 0.9913788553310794 3.0244477546661863 -1.7320317782852754
19.98 -5.845939056590262 0.8351249236878046 2.7083178633706795 -1.8297513750853647
20.0 -5.939793455416694 0.6888885274829373 2.3233731848430694 -1.918131602183141
