0.0 -0.00269 -0.01614 -0.00269 -0.0
0.02 -0.00269 -0.01345 0.0 -0.0
0.04 -0.00269 -0.01614 0.0 -0.0
0.06 -0.02152 -0.048420000000000005 0.04573 0.05111
0.08 0.00807 -0.01614 -0.00807 -0.03497
0.1 0.0 -0.03497 0.03766 0.00269
0.12 0.03228 -0.03497 -0.06725 -0.056490000000000005
0.14 0.01345 -0.048420000000000005 -0.02152 -0.00269
0.16 0.03497 -0.01883 -0.09953000000000001 -0.06187
0.18 0.01883 -0.03228 -0.04304 0.00807
0.2 0.03497 -0.01614 -0.14257 -0.048420000000000005
0.22 0.01345 -0.01345 -0.04304 0.00538
0.24 0.02959 -0.00807 -0.18292 -0.04304
0.26 0.01883 -0.01345 -0.09146 0.01076
0.28 0.03766 -0.02152 -0.22327 -0.03497
0.3 0.024210000000000002 -0.01345 -0.1076 0.00538
0.32 0.040350000000000004 -0.024210000000000002 -0.25824 -0.02959
0.34 0.03228 -0.02152 -0.12105 0.00269
0.36 0.04304 -0.01614 -0.26093 -0.0538
0.38 0.0269 -0.01345 -0.1076 0.00807
0.4 0.040350000000000004 -0.0 -0.23134000000000002 -0.08339
0.42 0.024210000000000002 -0.00538 -0.10491 -0.01345
0.44 0.0269 -0.0 -0.24479 -0.10222
0.46 0.024210000000000002 -0.0 -0.08339 -0.024210000000000002
0.48 0.0269 -0.0 -0.23941 -0.11029
0.5 0.02152 -0.0 -0.09146 -0.03766
0.52 0.024210000000000002 -0.0 -0.24748 -0.12105
0.54 0.02152 -0.0 -0.09146 -0.05111
0.56 0.01883 -0.00538 -0.2421 -0.15064
0.58 0.02152 -0.00269 -0.08877 -0.06994
0.6 0.00807 -0.00269 -0.21251 -0.19637000000000002
0.62 0.00538 -0.00269 -0.08877 -0.07263
0.64 0.00269 -0.01076 -0.20444 -0.19637000000000002
0.66 0.0 -0.00807 -0.09953000000000001 -0.08339
0.68 0.0 -0.01345 -0.20444 -0.20713
0.7 0.0 -0.01883 -0.10491 -0.08070000000000001
0.72 0.0 -0.03228 -0.19906000000000001 -0.20444
0.74 0.0 -0.02959 -0.09684000000000001 -0.09684000000000001
0.76 0.0 -0.04573 -0.1883 -0.19637000000000002
0.78 0.0 -0.03766 -0.10491 -0.11298000000000001
0.8 -0.00269 -0.048420000000000005 -0.18023 -0.19099000000000002
0.82 -0.00269 -0.048420000000000005 -0.11567000000000001 -0.11567000000000001
0.84 -0.00538 -0.056490000000000005 -0.17754 -0.16947
0.86 -0.00269 -0.06187 -0.12643000000000001 -0.12374
0.88 -0.00538 -0.06994 -0.17485 -0.15602000000000002
0.9 -0.00538 -0.07801000000000001 -0.13719 -0.11029
0.92 -0.00538 -0.07801000000000001 -0.1883 -0.14795
0.94 -0.01345 -0.08608 -0.13181 -0.12105
0.96 -0.00538 -0.08070000000000001 -0.16678 -0.14526
0.98 -0.00538 -0.08339 -0.13181 -0.12374
1.0 -0.01345 -0.07801000000000001 -0.14795 -0.15333
1.02 -0.00538 -0.07532 -0.1345 -0.12643000000000001
1.04 -0.01345 -0.08339 -0.13719 -0.12643000000000001
1.06 -0.01345 -0.07532 -0.12912 -0.12643000000000001
1.08 -0.01076 -0.07801000000000001 -0.12912 -0.12912
1.1 -0.01345 -0.07801000000000001 -0.12912 -0.12374
1.12 -0.00807 -0.07801000000000001 -0.12912 -0.12643000000000001
1.14 -0.00538 -0.06187 -0.12643000000000001 -0.12374
1.16 -0.00269 -0.05918 -0.12643000000000001 -0.12374
1.18 0.0 -0.048420000000000005 -0.12643000000000001 -0.12374
1.2 0.0 -0.04573 -0.12374 -0.12912
1.22 0.0 -0.04304 -0.12374 -0.12912
1.24 0.0 -0.03497 -0.12374 -0.14526
1.26 0.0 -0.03228 -0.12643000000000001 -0.14526
1.28 0.0 -0.02959 -0.12643000000000001 -0.13988
1.3 0.0 -0.03497 -0.12643000000000001 -0.12643000000000001
1.32 0.0 -0.03228 -0.1345 -0.11836
1.34 0.0 -0.04573 -0.16140000000000002 -0.07263
1.36 0.00269 -0.04573 -0.19099000000000002 -0.05918
1.38 0.01614 -0.07263 -0.19637000000000002 -0.00538
1.4 0.02152 -0.07801000000000001 -0.23134000000000002 -0.00538
1.42 0.024210000000000002 -0.11836 -0.25017 0.0538
1.44 0.03766 -0.11567000000000001 -0.27169 0.00538
1.46 0.04304 -0.14257 -0.26093 0.024210000000000002
1.48 0.040350000000000004 -0.11567000000000001 -0.25286000000000003 -0.0
1.5 0.04304 -0.11298000000000001 -0.25017 0.03228
1.52 0.040350000000000004 -0.08339 -0.25286000000000003 0.01076
1.54 0.05111 -0.1076 -0.25017 0.06187
1.56 0.05918 -0.09415 -0.25286000000000003 0.01345
1.58 0.06187 -0.11029 -0.25286000000000003 0.02959
1.6 0.06187 -0.09684000000000001 -0.25286000000000003 0.00538
1.62 0.06994 -0.09415 -0.25286000000000003 0.024210000000000002
1.64 0.07263 -0.09415 -0.25017 0.03766
1.66 0.08070000000000001 -0.09684000000000001 -0.25286000000000003 0.01076
1.68 0.07532 -0.08877 -0.25555 0.01883
1.7 0.08339 -0.08070000000000001 -0.25286000000000003 -0.0
1.72 0.08877 -0.09684000000000001 -0.25555 0.03497
1.74 0.09684000000000001 -0.09953000000000001 -0.25286000000000003 -0.0
1.76 0.11298000000000001 -0.12912 -0.25286000000000003 0.048420000000000005
1.78 0.11029 -0.12374 -0.26362 0.00269
1.8 0.11567000000000001 -0.13719 -0.26631 0.05918
1.82 0.1076 -0.08608 -0.26362 0.00538
1.84 0.11567000000000001 -0.08608 -0.26093 0.06187
1.86 0.12374 -0.03497 -0.27438 0.00269
1.88 0.10222 -0.024210000000000002 -0.27438 -0.07801000000000001
1.9 0.11567000000000001 -0.02959 -0.27438 -0.12912
1.92 0.12912 -0.03497 -0.27976 -0.01345
1.94 0.16409 -0.048420000000000005 -0.30935 0.00538
1.96 0.14257 -0.04304 -0.31204000000000004 0.03228
1.98 0.15871000000000002 -0.03766 -0.36853 0.03228
2.0 0.12912 -0.04304 -0.36853 0.02152
2.02 0.13988 -0.03228 -0.44923 0.03497
2.04 0.13988 -0.040350000000000004 -0.45461 0.01076
2.06 0.18023 -0.03228 -0.53262 0.040350000000000004
2.08 0.17485 -0.04304 -0.48689000000000004 0.00807
2.1 0.19906000000000001 -0.03228 -0.49496 0.02959
2.12 0.18292 -0.048420000000000005 -0.40888 0.00538
2.14 0.16409 -0.040350000000000004 -0.33625 0.01614
2.16 0.16140000000000002 -0.04573 -0.34701000000000004 0.00269
2.18 0.1345 -0.03228 -0.19099000000000002 0.01076
2.2 0.12105 -0.04573 -0.22596000000000002 0.01883
2.22 0.04304 -0.0269 -0.13181 0.01076
2.24 0.01076 -0.01883 -0.23941 -0.11567000000000001
2.26 -0.02959 0.01345 -0.07532 -0.24748
2.28 0.0 -0.0 -0.02959 -0.36046
2.3 -0.03228 0.00269 0.07532 -0.41964
2.32 -0.07263 0.02959 -0.02152 -0.41964
2.34 -0.13181 0.07801000000000001 0.048420000000000005 -0.35777000000000003
2.36 -0.09953000000000001 0.0269 -0.05111 -0.35777000000000003
2.38 -0.09684000000000001 -0.00269 -0.01345 -0.35239000000000004
2.4 -0.02959 -0.01883 0.00538 -0.35508
2.42 0.0 -0.02152 0.056490000000000005 -0.3497
2.44 0.03497 -0.08339 0.04304 -0.3497
2.46 0.024210000000000002 -0.07532 0.06456 -0.3497
2.48 0.04573 -0.08608 0.07532 -0.3497
2.5 0.01614 -0.09146 0.01883 -0.3497
2.52 0.03497 -0.09146 0.04304 -0.3497
2.54 0.00269 -0.07532 0.01345 -0.35777000000000003
2.56 0.00807 -0.08339 0.05111 -0.35777000000000003
2.58 -0.00807 -0.07801000000000001 0.01345 -0.35777000000000003
2.6 -0.04573 -0.0538 0.07263 -0.35777000000000003
2.62 -0.08070000000000001 -0.04573 0.00269 -0.35777000000000003
2.64 -0.09684000000000001 -0.040350000000000004 0.07801000000000001 -0.35777000000000003
2.66 -0.08877 -0.01883 0.01076 -0.36853
2.68 -0.06994 -0.07801000000000001 -0.03228 -0.36853
2.7 -0.056490000000000005 -0.03497 -0.16678 -0.38736000000000004
2.72 -0.05918 -0.02152 -0.34163 -0.34432
2.74 -0.06456 -0.02152 -0.49496 -0.37122
2.76 -0.07263 -0.01614 -0.4842 -0.30397
2.78 -0.07263 -0.0 -0.51648 -0.30397
2.8 -0.08608 -0.00538 -0.44923 -0.269
2.82 -0.08339 0.02152 -0.39543 -0.33894
2.84 -0.09415 -0.0 -0.3766 -0.34432
2.86 -0.09415 0.05918 -0.22865000000000002 -0.4035
2.88 -0.11029 0.06994 -0.18023 -0.41426
2.9 -0.09415 0.11836 -0.07263 -0.44385
2.92 -0.10222 0.11567000000000001 -0.03497 -0.43847
2.94 -0.06994 0.11029 0.0 -0.39812000000000003
2.96 -0.06456 0.08070000000000001 0.0 -0.41695000000000004
2.98 -0.03228 0.06456 0.0 -0.23403000000000002
3.0 -0.024210000000000002 0.06187 0.0 -0.23403000000000002
3.02 0.0 -0.0 -0.01076 -0.12374
3.04 -0.00269 -0.0 -0.15064 -0.15064
3.06 0.0 -0.02959 -0.19099000000000002 -0.048420000000000005
3.08 0.0 -0.03766 -0.31742000000000004 -0.05111
3.1 0.02959 -0.09684000000000001 -0.36853 0.01076
3.12 0.08339 -0.10491 -0.40888 -0.02152
3.14 0.11567000000000001 -0.16678 -0.38198000000000004 0.01345
3.16 0.09684000000000001 -0.09415 -0.34701000000000004 -0.024210000000000002
3.18 0.0538 -0.09684000000000001 -0.34701000000000004 0.05111
3.2 0.024210000000000002 -0.04573 -0.34701000000000004 0.00538
3.22 0.01614 -0.0538 -0.34432 0.03497
3.24 0.0 -0.01614 -0.3497 0.02152
3.26 0.00269 -0.00807 -0.34701000000000004 0.048420000000000005
3.28 0.00538 -0.0 -0.34701000000000004 0.06187
3.3 0.048420000000000005 -0.05111 -0.34701000000000004 0.01076
3.32 0.07263 -0.048420000000000005 -0.34701000000000004 0.0269
3.34 0.08339 -0.09146 -0.34432 -0.00538
3.36 0.10222 -0.07263 -0.34432 0.06456
3.38 0.09684000000000001 -0.08608 -0.34432 0.00269
3.4 0.1345 -0.10222 -0.34432 0.0538
3.42 0.14257 -0.09684000000000001 -0.35239000000000004 0.01076
3.44 0.12912 -0.11029 -0.35508 0.06725
3.46 0.12105 -0.06994 -0.36315000000000003 -0.12912
3.48 0.11029 -0.10491 -0.25555 -0.29052
3.5 0.15871000000000002 -0.07263 -0.23941 -0.4035
3.52 0.24748 -0.09415 -0.28783000000000003 -0.08608
3.54 0.29321 -0.11836 -0.31742000000000004 -0.00269
3.56 0.27976 -0.08070000000000001 -0.32011 0.04304
3.58 0.19906000000000001 -0.02959 -0.39005 0.03766
3.6 0.15871000000000002 -0.00807 -0.39005 0.04304
3.62 0.14257 -0.00269 -0.48151 0.04573
3.64 0.13988 -0.01076 -0.47075 0.03766
3.66 0.20175 -0.0 -0.56221 0.06456
3.68 0.22327 -0.0269 -0.47882 0.024210000000000002
3.7 0.25286000000000003 -0.02152 -0.43847 0.03766
3.72 0.24748 -0.05111 -0.32280000000000003 0.00269
3.74 0.24479 -0.04573 -0.22865000000000002 0.00269
3.76 0.25017 -0.05918 -0.24748 -0.00269
3.78 0.22865000000000002 -0.04573 -0.13181 -0.0
3.8 0.20713 -0.05111 -0.1883 0.00807
3.82 0.09953000000000001 -0.03228 -0.10491 -0.0
3.84 0.08608 -0.048420000000000005 -0.26631 -0.0
3.86 0.024210000000000002 -0.01614 -0.18292 -0.12374
3.88 0.0 -0.0 -0.11298000000000001 -0.39812000000000003
3.9 -0.01614 0.024210000000000002 0.01614 -0.40081
3.92 -0.00269 0.00538 0.01076 -0.48689000000000004
3.94 -0.12912 0.056490000000000005 0.05111 -0.43309000000000003
3.96 -0.10491 0.08608 -0.04573 -0.39274000000000003
3.98 -0.16140000000000002 0.02959 -0.01883 -0.39005
4.0 -0.06994 -0.01076 -0.04573 -0.39005
4.02 -0.05918 -0.0269 0.00538 -0.38198000000000004
4.04 0.02152 -0.05111 0.01345 -0.38467
4.06 0.03228 -0.0538 0.0538 -0.38736000000000004
4.08 0.0538 -0.09953000000000001 0.06725 -0.39005
4.1 0.024210000000000002 -0.09415 0.0269 -0.39812000000000003
4.12 0.04304 -0.11298000000000001 0.040350000000000004 -0.39812000000000003
4.14 0.02152 -0.09415 0.01883 -0.39812000000000003
4.16 0.02959 -0.10222 0.056490000000000005 -0.39812000000000003
4.18 0.0 -0.09953000000000001 0.01883 -0.39812000000000003
4.2 0.00269 -0.10491 0.07532 -0.39812000000000003
4.22 -0.01076 -0.09146 0.01345 -0.40619
4.24 -0.056490000000000005 -0.06725 0.07801000000000001 -0.40888
4.26 -0.1076 -0.024210000000000002 -0.02959 -0.40888
4.28 -0.13719 -0.048420000000000005 -0.1883 -0.4035
4.3 -0.09684000000000001 -0.01883 -0.538 -0.30935
4.32 -0.09684000000000001 -0.01883 -0.538 -0.30935
4.34 -0.1076 -0.01345 -0.62946 -0.32280000000000003
4.36 -0.11029 -0.01614 -0.62677 -0.24748
4.38 -0.11836 -0.0 -0.64291 -0.2959
4.4 -0.13719 -0.00269 -0.5944900000000001 -0.26362
4.42 -0.12105 0.02959 -0.4842 -0.31204000000000004
4.44 -0.15602000000000002 0.02152 -0.45730000000000004 -0.3497
4.46 -0.14257 0.09684000000000001 -0.28245000000000003 -0.39005
4.48 -0.15871000000000002 0.09953000000000001 -0.20175 -0.41426
4.5 -0.12105 0.13181 -0.07801000000000001 -0.47882
4.52 -0.09953000000000001 0.08877 -0.00807 -0.47344
4.54 -0.048420000000000005 0.06725 0.00269 -0.46268000000000004
4.56 -0.03766 0.0538 0.056490000000000005 -0.47882
4.58 -0.00807 0.040350000000000004 0.05918 -0.2959
4.6 -0.01076 0.05111 0.056490000000000005 -0.2959
4.62 -0.00269 0.01076 0.02152 -0.18023
4.64 -0.00538 0.01076 -0.02152 -0.22058
4.66 0.0 -0.024210000000000002 -0.12105 -0.11567000000000001
4.68 0.00538 -0.02152 -0.29321 -0.07801000000000001
4.7 0.06725 -0.09953000000000001 -0.34432 -0.0
4.72 0.14257 -0.1345 -0.4035 -0.01883
4.74 0.15602000000000002 -0.18292 -0.40081 0.01614
4.76 0.12105 -0.08877 -0.38198000000000004 -0.03228
4.78 0.06994 -0.08070000000000001 -0.36584 0.04304
4.8 0.03497 -0.01614 -0.36853 0.01345
4.82 0.01614 -0.03766 -0.36315000000000003 0.05111
4.84 0.00269 -0.0 -0.36584 0.03228
4.86 0.0 -0.00269 -0.36584 0.048420000000000005
4.88 0.0 0.01076 -0.36584 0.06456
4.9 0.03228 -0.01345 -0.36584 0.03228
4.92 0.06456 -0.048420000000000005 -0.36584 0.01883
4.94 0.09953000000000001 -0.08070000000000001 -0.36315000000000003 -0.0
4.96 0.09415 -0.08608 -0.36315000000000003 0.03228
4.98 0.09415 -0.06994 -0.36315000000000003 -0.0
5.0 0.09146 -0.06725 -0.36315000000000003 0.07532
5.02 0.11298000000000001 -0.08608 -0.37122 0.00269
5.04 0.12912 -0.08877 -0.37391 0.09415
5.06 0.10491 -0.09146 -0.38198000000000004 -0.06994
5.08 0.1076 -0.08070000000000001 -0.31742000000000004 -0.24748
5.1 0.11567000000000001 -0.09415 -0.29321 -0.39274000000000003
5.12 0.20713 -0.09953000000000001 -0.35239000000000004 -0.07263
5.14 0.26093 -0.09415 -0.40081 -0.0
5.16 0.269 -0.09146 -0.40081 0.040350000000000004
5.18 0.23403000000000002 -0.01614 -0.45999 0.00269
5.2 0.16678 -0.01345 -0.46268000000000004 0.03766
5.22 0.16409 -0.00807 -0.48689000000000004 0.05111
5.24 0.14257 -0.01076 -0.48689000000000004 0.040350000000000004
5.26 0.19368000000000002 -0.0 -0.55952 0.06456
5.28 0.22327 -0.01614 -0.51917 0.02959
5.3 0.26631 -0.01614 -0.46268000000000004 0.03497
5.32 0.28514 -0.04304 -0.38198000000000004 0.01614
5.34 0.26362 -0.04304 -0.28245000000000003 0.01076
5.36 0.26631 -0.056490000000000005 -0.27976 -0.0
5.38 0.269 -0.04573 -0.13719 -0.0
5.4 0.269 -0.056490000000000005 -0.20982 0.00538
5.42 0.11836 -0.040350000000000004 -0.10491 0.00269
5.44 0.09953000000000001 -0.04304 -0.25286000000000003 -0.0
5.46 0.040350000000000004 -0.0 -0.12643000000000001 -0.14526
5.48 0.01345 0.00538 -0.08608 -0.3497
5.5 -0.024210000000000002 0.07263 0.0 -0.36046
5.52 0.01076 0.04573 0.0269 -0.42771000000000003
5.54 -0.06994 0.040350000000000004 0.07263 -0.42771000000000003
5.56 -0.07801000000000001 0.11567000000000001 -0.03497 -0.37122
5.58 -0.17485 0.14795 0.0 -0.36584
5.6 -0.11836 0.07263 -0.04304 -0.36853
5.62 -0.08608 0.00538 -0.00807 -0.35777000000000003
5.64 -0.024210000000000002 -0.00807 0.0538 -0.36315000000000003
5.66 0.0 -0.02152 0.0538 -0.36584
5.68 0.03228 -0.02152 0.056490000000000005 -0.36584
5.7 0.02152 -0.01614 0.0269 -0.3766
5.72 0.040350000000000004 -0.05918 0.048420000000000005 -0.37929
5.74 0.01345 -0.03228 0.00807 -0.3766
5.76 0.02152 -0.04304 0.06187 -0.3766
5.78 0.0 -0.01076 0.01883 -0.37391
5.8 -0.01345 -0.02959 0.07532 -0.3766
5.82 -0.05111 -0.00807 0.00538 -0.38467
5.84 -0.09684000000000001 -0.00269 0.07532 -0.38467
5.86 -0.09953000000000001 -0.0 -0.01883 -0.39543
5.88 -0.11298000000000001 -0.00269 -0.024210000000000002 -0.39274000000000003
5.9 -0.07263 -0.0 -0.20982 -0.4035
5.92 -0.06994 0.00269 -0.32280000000000003 -0.2959
5.94 -0.09953000000000001 0.02152 -0.50034 -0.32011
5.96 -0.08070000000000001 0.03497 -0.44923 -0.25555
5.98 -0.09146 0.06725 -0.49227000000000004 -0.28514
6.0 -0.12105 0.06725 -0.43309000000000003 -0.22865000000000002
6.02 -0.10222 0.12105 -0.33356 -0.29859
6.04 -0.12374 0.11298000000000001 -0.28514 -0.33087
6.06 -0.12374 0.18023 -0.11298000000000001 -0.41426
6.08 -0.13719 0.1883 -0.06725 -0.40619
6.1 -0.10222 0.20444 0.00538 -0.47075
6.12 -0.08608 0.16678 0.01345 -0.44923
6.14 -0.03766 0.14257 0.03766 -0.42771000000000003
6.16 -0.02959 0.12912 0.040350000000000004 -0.43578
6.18 -0.01076 0.12105 0.056490000000000005 -0.25017
6.2 -0.02152 0.13988 0.056490000000000005 -0.25286000000000003
6.22 -0.01614 0.05111 0.04573 -0.15064
6.24 -0.04304 0.04573 0.0 -0.22327
6.26 0.0 0.01345 -0.06994 -0.11836
6.28 -0.00269 0.00807 -0.2959 -0.09684000000000001
6.3 0.01614 -0.03228 -0.43578 -0.0
6.32 0.01614 -0.03228 -0.43578 -0.0
6.34 0.07801000000000001 -0.14257 -0.44116 0.02959
6.36 0.11298000000000001 -0.13719 -0.38198000000000004 -0.03497
6.38 0.08070000000000001 -0.13719 -0.37929 0.01345
6.4 0.04304 -0.08608 -0.38198000000000004 0.00538
6.42 0.01614 -0.08877 -0.37929 0.02959
6.44 -0.01076 -0.0538 -0.38198000000000004 0.00269
6.46 -0.00807 -0.056490000000000005 -0.38198000000000004 0.0269
6.48 -0.01883 0.00538 -0.38467 0.05918
6.5 -0.01883 -0.01345 -0.38198000000000004 0.07532
6.52 0.0 -0.02959 -0.38467 0.03766
6.54 0.01883 -0.040350000000000004 -0.37929 -0.0
6.56 0.01614 -0.09146 -0.38198000000000004 0.0269
6.58 0.048420000000000005 -0.07532 -0.37929 0.00807
6.6 0.04573 -0.08070000000000001 -0.37929 0.06725
6.62 0.048420000000000005 -0.08608 -0.38736000000000004 -0.0
6.64 0.06187 -0.08339 -0.39005 0.07532
6.66 0.05111 -0.09146 -0.39543 -0.19099000000000002
6.68 0.0538 -0.09953000000000001 -0.32818 -0.29321
6.7 0.10491 -0.09146 -0.37122 -0.19637000000000002
6.72 0.18023 -0.10491 -0.38467 0.02959
6.74 0.21789 -0.07801000000000001 -0.41426 -0.01883
6.76 0.16947 -0.056490000000000005 -0.38198000000000004 -0.1076
6.78 0.18292 -0.0269 -0.46268000000000004 -0.06994
6.8 0.15333 -0.01883 -0.46268000000000004 -0.0
6.82 0.16678 -0.0269 -0.5245500000000001 0.03766
6.84 0.16678 -0.0269 -0.54069 0.024210000000000002
6.86 0.19368000000000002 -0.00807 -0.61332 0.06456
6.88 0.22327 -0.02152 -0.5353100000000001 0.024210000000000002
6.9 0.23134000000000002 -0.01614 -0.47613 0.040350000000000004
6.92 0.22865000000000002 -0.03497 -0.35508 0.00807
6.94 0.23672 -0.03228 -0.28245000000000003 0.01076
6.96 0.2421 -0.0538 -0.27976 -0.0
6.98 0.26093 -0.040350000000000004 -0.16140000000000002 -0.0
7.0 0.26093 -0.056490000000000005 -0.18561 -0.0
7.02 0.1345 -0.04573 -0.09953000000000001 -0.0
7.04 0.11029 -0.05111 -0.269 -0.00807
7.06 0.048420000000000005 -0.01076 -0.17754 -0.11567000000000001
7.08 0.02152 0.00269 -0.13181 -0.36584
7.1 -0.02959 0.06725 0.00269 -0.36853
7.12 0.01614 0.06725 0.03228 -0.45461
7.14 -0.06994 0.06187 0.06725 -0.46537
7.16 -0.08608 0.13719 -0.04304 -0.39005
7.18 -0.15871000000000002 0.14795 0.0 -0.38198000000000004
7.2 -0.1076 0.08339 -0.04304 -0.38467
7.22 -0.07532 0.01614 -0.00807 -0.3766
7.24 -0.01076 -0.01614 0.01345 -0.3766
7.26 0.0 -0.01614 0.056490000000000005 -0.3766
7.28 0.040350000000000004 -0.01614 0.05918 -0.37929
7.3 0.02959 -0.01345 0.02959 -0.39005
7.32 0.040350000000000004 -0.048420000000000005 0.048420000000000005 -0.39005
7.34 0.00538 -0.01614 -0.01076 -0.39005
7.36 0.024210000000000002 -0.04304 0.06725 -0.39005
7.38 0.0 -0.01076 0.0269 -0.39005
7.4 0.0 -0.01076 0.07801000000000001 -0.39005
7.42 -0.048420000000000005 -0.00538 0.00807 -0.39812000000000003
7.44 -0.09415 -0.0 0.07532 -0.39812000000000003
7.46 -0.09684000000000001 0.00269 -0.00807 -0.39812000000000003
7.48 -0.11029 -0.0 -0.048420000000000005 -0.39543
7.5 -0.07532 0.0269 -0.08877 -0.41695000000000004
7.52 -0.07532 0.0269 -0.30935 -0.34701000000000004
7.54 -0.09415 0.048420000000000005 -0.45192000000000004 -0.31742000000000004
7.56 -0.08608 0.06994 -0.42233000000000004 -0.27169
7.58 -0.09953000000000001 0.09415 -0.4842 -0.29859
7.6 -0.12374 0.10222 -0.37391 -0.24748
7.62 -0.09953000000000001 0.15333 -0.30128 -0.32549
7.64 -0.13181 0.14795 -0.26631 -0.3497
7.66 -0.12105 0.19099000000000002 -0.08608 -0.41695000000000004
7.68 -0.12105 0.19099000000000002 -0.024210000000000002 -0.45461
7.7 -0.08608 0.19368000000000002 0.00538 -0.47882
7.72 -0.05918 0.17216 0.0538 -0.44654
7.74 -0.024210000000000002 0.14795 0.05111 -0.42771000000000003
7.76 -0.024210000000000002 0.13988 0.040350000000000004 -0.43578
7.78 -0.01076 0.15602000000000002 0.056490000000000005 -0.29052
7.8 -0.02959 0.16678 0.048420000000000005 -0.29052
7.82 -0.024210000000000002 0.06456 0.040350000000000004 -0.14526
7.84 -0.05918 0.06994 0.01614 -0.22596000000000002
7.86 -0.02152 0.040350000000000004 -0.040350000000000004 -0.11298000000000001
7.88 -0.00538 0.02152 -0.29052 -0.1883
7.9 0.00538 -0.01614 -0.33356 -0.03497
7.92 0.00538 -0.01883 -0.4304 -0.01076
7.94 0.04304 -0.12105 -0.45730000000000004 0.04573
7.96 0.09415 -0.12374 -0.38736000000000004 -0.0269
7.98 0.09146 -0.16140000000000002 -0.38198000000000004 0.00269
8.0 0.048420000000000005 -0.11029 -0.38198000000000004 0.01883
8.02 0.0269 -0.14526 -0.37929 0.024210000000000002
8.04 0.0 -0.07263 -0.38198000000000004 -0.0
8.06 -0.01076 -0.09415 -0.38467 -0.0
8.08 -0.01076 -0.00807 -0.38736000000000004 0.04304
8.1 -0.01614 -0.01883 -0.38736000000000004 0.06994
8.12 -0.00538 -0.040350000000000004 -0.38736000000000004 0.048420000000000005
8.14 0.00538 -0.00807 -0.38467 0.00269
8.16 -0.00269 -0.056490000000000005 -0.38467 0.03766
8.18 0.01076 -0.048420000000000005 -0.38467 0.00807
8.2 0.01345 -0.048420000000000005 -0.38467 0.06994
8.22 0.02152 -0.07801000000000001 -0.39274000000000003 0.00269
8.24 0.040350000000000004 -0.07263 -0.39274000000000003 0.06994
8.26 0.03766 -0.09415 -0.40081 -0.22327
8.28 0.03766 -0.11836 -0.33625 -0.20982
8.3 0.08877 -0.09146 -0.40081 -0.11567000000000001
8.32 0.16678 -0.10491 -0.4035 -0.024210000000000002
8.34 0.15064 -0.07263 -0.34432 -0.20444
8.36 0.13719 -0.056490000000000005 -0.35777000000000003 -0.2152
8.38 0.17485 -0.0269 -0.42771000000000003 -0.19906000000000001
8.4 0.12643000000000001 -0.04573 -0.41964 -0.16947
8.42 0.17754 -0.04573 -0.49765000000000004 -0.00538
8.44 0.17754 -0.03228 -0.51379 0.01076
8.46 0.19906000000000001 -0.024210000000000002 -0.6160100000000001 0.06456
8.48 0.20175 -0.0269 -0.5756600000000001 0.024210000000000002
8.5 0.19099000000000002 -0.01076 -0.52993 0.048420000000000005
8.52 0.19368000000000002 -0.02152 -0.40619 0.024210000000000002
8.54 0.19637000000000002 -0.01883 -0.33894 0.024210000000000002
8.56 0.21789 -0.03497 -0.31742000000000004 0.00807
8.58 0.23672 -0.02959 -0.20175 0.01076
8.6 0.25824 -0.05111 -0.21789 0.00538
8.62 0.12912 -0.048420000000000005 -0.11298000000000001 -0.0
8.64 0.11298000000000001 -0.048420000000000005 -0.27438 -0.01076
8.66 0.048420000000000005 -0.01883 -0.15602000000000002 -0.13181
8.68 0.024210000000000002 -0.0 -0.12643000000000001 -0.35777000000000003
8.7 -0.02959 0.05918 0.0 -0.36584
8.72 0.01076 0.06187 0.03497 -0.44923
8.74 -0.05918 0.0538 0.07263 -0.48689000000000004
8.76 -0.07801000000000001 0.12105 -0.03228 -0.40081
8.78 -0.15064 0.15333 0.01345 -0.39543
8.8 -0.11029 0.08070000000000001 -0.0538 -0.39543
8.82 -0.07263 0.024210000000000002 -0.00538 -0.38736000000000004
8.84 -0.01345 -0.0 0.04304 -0.38736000000000004
8.86 -0.00538 -0.01345 0.056490000000000005 -0.38736000000000004
8.88 0.0269 -0.01345 0.06187 -0.38736000000000004
8.9 0.02152 -0.01614 0.01614 -0.38736000000000004
8.92 0.040350000000000004 -0.02152 0.03766 -0.38736000000000004
8.94 0.01614 -0.02152 0.00269 -0.39812000000000003
8.96 0.024210000000000002 -0.03497 0.048420000000000005 -0.39812000000000003
8.98 0.0 -0.00807 0.01883 -0.39812000000000003
9.0 -0.00269 -0.01345 0.07263 -0.40081
9.02 -0.04573 -0.00807 0.00807 -0.40081
9.04 -0.08070000000000001 -0.0 0.07263 -0.40081
9.06 -0.09684000000000001 -0.0 0.00807 -0.40619
9.08 -0.08877 -0.0 -0.00269 -0.40888
9.1 -0.06456 0.01076 -0.06994 -0.42502
9.12 -0.06725 0.00807 -0.14795 -0.42771000000000003
9.14 -0.05918 0.04573 -0.34432 -0.37122
9.16 -0.08608 0.03228 -0.35239000000000004 -0.33894
9.18 -0.06994 0.08070000000000001 -0.36315000000000003 -0.35239000000000004
9.2 -0.1076 0.07532 -0.3497 -0.32280000000000003
9.22 -0.09146 0.11836 -0.25017 -0.32280000000000003
9.24 -0.10222 0.13181 -0.22596000000000002 -0.39812000000000003
9.26 -0.11029 0.16140000000000002 -0.09146 -0.42771000000000003
9.28 -0.11298000000000001 0.16678 -0.03766 -0.45461
9.3 -0.08070000000000001 0.18292 0.00538 -0.52993
9.32 -0.07532 0.16947 0.01883 -0.47613
9.34 -0.03497 0.17216 0.040350000000000004 -0.45192000000000004
9.36 -0.03497 0.14795 0.03497 -0.45999
9.38 -0.01883 0.13719 0.05111 -0.27438
9.4 -0.02959 0.14526 0.05111 -0.27707000000000004
9.42 -0.03497 0.056490000000000005 0.0269 -0.15871000000000002
9.44 -0.02152 0.05111 -0.02959 -0.20444
9.46 0.0 -0.0 -0.11836 -0.11836
9.48 0.0 0.00807 -0.28245000000000003 -0.11298000000000001
9.5 0.00538 -0.024210000000000002 -0.33894 -0.01883
9.52 0.01883 -0.05111 -0.41426 -0.01614
9.54 0.08070000000000001 -0.14795 -0.42233000000000004 0.01345
9.56 0.12643000000000001 -0.13719 -0.37929 -0.03497
9.58 0.08877 -0.14795 -0.37122 0.02152
9.6 0.0538 -0.09415 -0.37122 0.02152
9.62 0.02959 -0.1076 -0.37122 0.03497
9.64 0.0 -0.0538 -0.36584 0.00538
9.66 -0.00269 -0.0538 -0.37122 0.024210000000000002
9.68 -0.01345 0.00269 -0.37122 0.04304
9.7 -0.00538 -0.0269 -0.37122 0.06456
9.72 0.00538 -0.01883 -0.36853 0.05918
9.74 0.03228 -0.04573 -0.36853 0.00807
9.76 0.03497 -0.08877 -0.37122 0.03497
9.78 0.06456 -0.06187 -0.36853 0.01076
9.8 0.06187 -0.09415 -0.37122 0.06187
9.82 0.07532 -0.07263 -0.37391 0.00538
9.84 0.08070000000000001 -0.09146 -0.3766 0.00269
9.86 0.08070000000000001 -0.08608 -0.36046 -0.27438
9.88 0.1076 -0.12105 -0.30128 -0.34432
9.9 0.13988 -0.07801000000000001 -0.29052 -0.19637000000000002
9.92 0.22058 -0.08877 -0.34163 0.02152
9.94 0.27169 -0.07532 -0.37122 0.01345
9.96 0.20982 -0.06456 -0.3766 0.048420000000000005
9.98 0.19368000000000002 -0.01883 -0.44116 0.0538
10.0 0.13719 -0.01883 -0.43847 0.03766
10.02 0.14257 -0.0 -0.51648 0.056490000000000005
10.04 0.17754 -0.01076 -0.51379 0.03766
10.06 0.2421 -0.00807 -0.57835 0.06725
10.08 0.28783000000000003 -0.03497 -0.48689000000000004 0.01883
10.1 0.32011 -0.03228 -0.47075 0.03497
10.12 0.29859 -0.056490000000000005 -0.2959 0.00269
10.14 0.29859 -0.05111 -0.2152 -0.0
10.16 0.30397 -0.06187 -0.2152 -0.00269
10.18 0.30397 -0.048420000000000005 -0.11836 -0.0
10.2 0.28783000000000003 -0.056490000000000005 -0.17485 -0.0
10.22 0.17485 -0.040350000000000004 -0.08339 -0.0
10.24 0.17485 -0.04573 -0.25286000000000003 -0.00269
10.26 0.06994 -0.02959 -0.19637000000000002 -0.02152
10.28 0.04573 -0.0 -0.19906000000000001 -0.34432
10.3 -0.01883 0.05918 -0.01076 -0.34163
10.32 -0.02152 0.05111 0.08608 -0.47075
10.34 -0.02152 0.05111 0.08608 -0.47075
10.36 -0.06456 0.09146 -0.01076 -0.39274000000000003
10.38 -0.14526 0.13988 0.0 -0.38198000000000004
10.4 -0.13181 0.1076 -0.05111 -0.38467
10.42 -0.11029 0.03228 -0.01345 -0.37391
10.44 -0.040350000000000004 -0.0 0.01345 -0.37391
10.46 -0.03497 -0.01614 0.03228 -0.37929
10.48 0.02152 -0.01883 0.0538 -0.38198000000000004
10.5 0.01883 -0.0269 0.01883 -0.38198000000000004
10.52 0.04573 -0.06994 0.04304 -0.38467
10.54 0.024210000000000002 -0.06725 0.00807 -0.39005
10.56 0.0269 -0.06187 0.05111 -0.39005
10.58 0.00269 -0.02152 0.0269 -0.39274000000000003
10.6 0.00538 -0.048420000000000005 0.07263 -0.39274000000000003
10.62 -0.01076 -0.024210000000000002 0.01614 -0.39005
10.64 -0.04573 -0.02959 0.07532 -0.39274000000000003
10.66 -0.08608 -0.00807 0.01076 -0.4035
10.68 -0.09953000000000001 -0.01076 0.0 -0.40081
10.7 -0.07263 -0.0 -0.11836 -0.41964
10.72 -0.08339 -0.0 -0.23941 -0.41964
10.74 -0.06994 0.01345 -0.39005 -0.39274000000000003
10.76 -0.08608 0.00538 -0.43309000000000003 -0.34163
10.78 -0.08608 0.04304 -0.43847 -0.41426
10.8 -0.12105 0.040350000000000004 -0.44116 -0.35777000000000003
10.82 -0.09953000000000001 0.08608 -0.31473 -0.38467
10.84 -0.11836 0.08608 -0.2959 -0.39005
10.86 -0.11836 0.12643000000000001 -0.16140000000000002 -0.45461
10.88 -0.12912 0.12912 -0.1076 -0.48958
10.9 -0.09415 0.15871000000000002 -0.00538 -0.54069
10.92 -0.08608 0.1345 0.0 -0.52724
10.94 -0.04304 0.1345 0.03228 -0.47075
10.96 -0.03497 0.10491 0.040350000000000004 -0.49765000000000004
10.98 -0.01345 0.08070000000000001 0.05111 -0.31473
11.0 -0.024210000000000002 0.09146 0.05111 -0.31473
11.02 -0.00269 0.0269 0.01614 -0.17216
11.04 -0.00538 0.024210000000000002 -0.02152 -0.22596000000000002
11.06 0.0 -0.0 -0.11029 -0.12643000000000001
11.08 0.0 -0.0 -0.28245000000000003 -0.11567000000000001
11.1 0.024210000000000002 -0.056490000000000005 -0.34432 -0.0269
11.12 0.07263 -0.09146 -0.40888 -0.01883
11.14 0.15333 -0.16947 -0.42771000000000003 0.0269
11.16 0.12912 -0.13181 -0.38198000000000004 -0.02959
11.18 0.08608 -0.09684000000000001 -0.3766 0.03497
11.2 0.05111 -0.05111 -0.37391 0.03228
11.22 0.02959 -0.07263 -0.37391 0.04304
11.24 0.00807 -0.024210000000000002 -0.37391 0.01883
11.26 0.0 -0.03228 -0.37391 0.040350000000000004
11.28 0.0 0.01076 -0.37391 0.06456
11.3 0.01883 -0.01345 -0.37391 0.03766
11.32 0.05111 -0.03497 -0.37391 0.05111
11.34 0.08339 -0.08608 -0.37122 -0.0
11.36 0.09684000000000001 -0.09684000000000001 -0.37122 0.04573
11.38 0.10491 -0.08070000000000001 -0.37122 -0.0
11.4 0.11836 -0.08070000000000001 -0.37122 0.08877
11.42 0.12912 -0.08608 -0.37929 0.00538
11.44 0.14526 -0.09684000000000001 -0.38198000000000004 0.056490000000000005
11.46 0.11298000000000001 -0.09146 -0.38736000000000004 -0.21789
11.48 0.14526 -0.11029 -0.33087 -0.33087
11.5 0.16409 -0.07801000000000001 -0.35239000000000004 -0.41695000000000004
11.52 0.25017 -0.08877 -0.37122 -0.056490000000000005
11.54 0.33356 -0.08339 -0.40081 0.00538
11.56 0.27976 -0.07532 -0.40081 -0.06187
11.58 0.2152 -0.01883 -0.45192000000000004 -0.06187
11.6 0.18292 -0.01883 -0.45461 0.01076
11.62 0.19368000000000002 -0.01883 -0.51917 0.048420000000000005
11.64 0.18292 -0.02152 -0.51379 0.02959
11.66 0.23672 -0.00269 -0.57028 0.05918
11.68 0.25286000000000003 -0.024210000000000002 -0.53262 0.02152
11.7 0.27707000000000004 -0.02152 -0.52186 0.040350000000000004
11.72 0.28514 -0.04573 -0.36584 0.01076
11.74 0.25017 -0.03228 -0.25824 0.01614
11.76 0.26362 -0.048420000000000005 -0.30128 0.00269
11.78 0.27169 -0.040350000000000004 -0.16409 -0.0
11.8 0.27169 -0.0538 -0.21789 0.00538
11.82 0.11836 -0.04304 -0.11836 0.00538
11.84 0.10222 -0.040350000000000004 -0.26362 -0.056490000000000005
11.86 0.03228 -0.0 -0.11567000000000001 -0.19368000000000002
11.88 0.01614 0.01883 -0.06456 -0.35508
11.9 -0.02959 0.08608 0.00269 -0.36584
11.92 0.01076 0.048420000000000005 0.01883 -0.42233000000000004
11.94 -0.07263 0.04573 0.06187 -0.4304
11.96 -0.07801000000000001 0.12105 -0.040350000000000004 -0.3766
11.98 -0.17754 0.1345 0.0 -0.37122
12.0 -0.1076 0.07532 -0.040350000000000004 -0.37122
12.02 -0.07263 0.02152 -0.00538 -0.36046
12.04 -0.01614 -0.00538 0.04573 -0.36315000000000003
12.06 -0.00269 -0.01345 0.05918 -0.36315000000000003
12.08 0.01614 -0.01076 0.0538 -0.36584
12.1 0.01883 -0.01614 0.02959 -0.37391
12.12 0.03766 -0.01614 0.04573 -0.3766
12.14 0.01076 -0.01076 0.00807 -0.3766
12.16 0.01345 -0.02959 0.056490000000000005 -0.3766
12.18 -0.00269 -0.01345 0.01883 -0.3766
12.2 -0.03228 -0.00538 0.07532 -0.3766
12.22 -0.06187 -0.0 0.00538 -0.38467
12.24 -0.08608 -0.0 0.08070000000000001 -0.38467
12.26 -0.08070000000000001 -0.0 0.0 -0.39543
12.28 -0.08877 -0.0 -0.03497 -0.39274000000000003
12.3 -0.05918 0.024210000000000002 0.0 -0.4035
12.32 -0.06456 0.024210000000000002 -0.23941 -0.39274000000000003
12.34 -0.07801000000000001 0.05111 -0.36584 -0.31742000000000004
12.36 -0.08339 0.06456 -0.35777000000000003 -0.33625
12.38 -0.07801000000000001 0.10222 -0.37391 -0.32011
12.4 -0.11836 0.1076 -0.2959 -0.26631
12.42 -0.08608 0.15871000000000002 -0.21789 -0.34163
12.44 -0.11029 0.15871000000000002 -0.19099000000000002 -0.39543
12.46 -0.11029 0.20713 -0.04573 -0.47882
12.48 -0.11298000000000001 0.22058 -0.00538 -0.48151
12.5 -0.08877 0.22596000000000002 0.01076 -0.44923
12.52 -0.06725 0.2152 0.04304 -0.43847
12.54 -0.03228 0.19099000000000002 0.04573 -0.39543
12.56 -0.03766 0.16678 0.02959 -0.39274000000000003
12.58 -0.02152 0.19906000000000001 0.04304 -0.23941
12.6 -0.04304 0.21789 0.04304 -0.24479
12.62 -0.03228 0.10491 0.03497 -0.1345
12.64 -0.07532 0.09146 0.01345 -0.22596000000000002
12.66 -0.06187 0.07801000000000001 0.0 -0.12105
12.68 -0.040350000000000004 0.06994 -0.2421 -0.22327
12.7 0.0 -0.0 -0.28245000000000003 -0.048420000000000005
12.72 0.0 -0.0 -0.41964 -0.03228
12.74 0.01076 -0.06456 -0.43847 0.056490000000000005
12.76 0.06725 -0.14526 -0.38198000000000004 0.01076
12.78 0.06725 -0.14526 -0.38198000000000004 0.01076
12.8 0.048420000000000005 -0.14257 -0.38198000000000004 -0.00269
12.82 0.040350000000000004 -0.20444 -0.37929 0.01345
12.84 0.01614 -0.11029 -0.37929 -0.0
12.86 -0.00807 -0.12912 -0.37929 -0.0
12.88 -0.01076 -0.03766 -0.38198000000000004 0.03228
12.9 -0.01614 -0.02152 -0.38198000000000004 0.0269
12.92 -0.024210000000000002 -0.048420000000000005 -0.38736000000000004 0.04304
12.94 0.0 -0.024210000000000002 -0.38467 0.01076
12.96 -0.01345 -0.03497 -0.38467 0.048420000000000005
12.98 -0.00538 -0.04573 -0.38467 0.01076
13.0 -0.00269 -0.0 -0.38467 0.08070000000000001
13.02 0.0 -0.05111 -0.39274000000000003 0.01614
13.04 0.0 -0.06187 -0.39274000000000003 0.08070000000000001
13.06 0.00538 -0.08877 -0.40081 -0.08339
13.08 0.0 -0.11567000000000001 -0.36853 -0.26631
13.1 0.02152 -0.08877 -0.3766 -0.39812000000000003
13.12 0.04304 -0.08877 -0.39543 -0.02959
13.14 0.07532 -0.06187 -0.41426 -0.23403000000000002
13.16 0.07263 -0.06725 -0.24479 -0.30666
13.18 0.08608 -0.04304 -0.39274000000000003 -0.38198000000000004
13.2 0.08877 -0.08608 -0.39005 -0.36315000000000003
13.22 0.10222 -0.056490000000000005 -0.40081 -0.20444
13.24 0.11836 -0.0538 -0.44116 -0.10222
13.26 0.14526 -0.04573 -0.5756600000000001 -0.0
13.28 0.13181 -0.048420000000000005 -0.58104 0.01076
13.3 0.15064 -0.01345 -0.63753 0.03766
13.32 0.10491 -0.02152 -0.56759 0.02959
13.34 0.12374 -0.0 -0.47075 0.04304
13.36 0.14257 -0.00538 -0.48958 0.03228
13.38 0.13719 -0.00538 -0.32280000000000003 0.03766
13.4 0.17216 -0.0269 -0.32280000000000003 0.02959
13.42 0.06456 -0.01883 -0.15333 -0.00538
13.44 0.02959 -0.0 -0.16947 -0.10491
13.46 -0.00807 0.05111 -0.05918 -0.20175
13.48 0.0 0.07532 -0.040350000000000004 -0.34163
13.5 -0.01076 0.08339 0.01345 -0.3766
13.52 -0.024210000000000002 0.09953000000000001 0.0 -0.41695000000000004
13.54 -0.12105 0.16678 0.04573 -0.40619
13.56 -0.10491 0.18561 -0.0538 -0.38198000000000004
13.58 -0.12912 0.13988 -0.01614 -0.36853
13.6 -0.03497 0.1076 0.0 -0.36853
13.62 -0.040350000000000004 0.05918 0.040350000000000004 -0.36046
13.64 0.01076 0.0269 0.03497 -0.36315000000000003
13.66 0.0 0.01614 0.04304 -0.36315000000000003
13.68 0.01345 -0.0 0.06187 -0.36584
13.7 0.0 0.00807 0.024210000000000002 -0.37122
13.72 0.00269 0.02152 0.03497 -0.37122
13.74 -0.01345 0.03497 0.0 -0.37122
13.76 -0.01345 0.05918 0.06187 -0.37391
13.78 -0.048420000000000005 0.07263 0.01076 -0.37122
13.8 -0.06456 0.07532 0.07263 -0.37391
13.82 -0.056490000000000005 0.07532 0.01076 -0.38467
13.84 -0.06456 0.07801000000000001 0.07801000000000001 -0.38467
13.86 -0.04573 0.08070000000000001 -0.01883 -0.39005
13.88 -0.08877 0.07532 -0.06994 -0.36853
13.9 -0.07532 0.12912 -0.03497 -0.39274000000000003
13.92 -0.08070000000000001 0.16947 -0.06725 -0.39543
13.94 -0.06994 0.16947 -0.19906000000000001 -0.37122
13.96 -0.08070000000000001 0.16140000000000002 -0.28514 -0.33087
13.98 -0.06187 0.20175 -0.26093 -0.35239000000000004
14.0 -0.1076 0.1883 -0.23403000000000002 -0.31473
14.02 -0.09146 0.23134000000000002 -0.13181 -0.38198000000000004
14.04 -0.1076 0.25017 -0.13181 -0.43847
14.06 -0.1076 0.27707000000000004 -0.01345 -0.5245500000000001
14.08 -0.10222 0.27169 0.0 -0.54607
14.1 -0.07263 0.27976 0.06187 -0.54607
14.12 -0.056490000000000005 0.2421 0.01345 -0.45730000000000004
14.14 -0.024210000000000002 0.23403000000000002 0.03497 -0.37929
14.16 -0.03497 0.20175 0.02959 -0.35239000000000004
14.18 -0.0269 0.22596000000000002 0.03228 -0.2421
14.2 -0.056490000000000005 0.24748 0.02959 -0.25017
14.22 -0.04304 0.12643000000000001 0.0269 -0.14526
14.24 -0.08070000000000001 0.11567000000000001 0.00538 -0.23134000000000002
14.26 -0.06994 0.06994 0.0 -0.12374
14.28 -0.03766 0.056490000000000005 -0.22058 -0.24748
14.3 0.0 -0.01076 -0.28245000000000003 -0.05918
14.32 0.0 -0.0 -0.41695000000000004 -0.024210000000000002
14.34 0.01614 -0.07532 -0.49496 0.08339
14.36 0.024210000000000002 -0.10491 -0.40888 -0.03228
14.38 0.04304 -0.18023 -0.42771000000000003 0.024210000000000002
14.4 0.00269 -0.13181 -0.43309000000000003 -0.02959
14.42 -0.00807 -0.19099000000000002 -0.43847 0.03228
14.44 -0.01076 -0.09684000000000001 -0.4035 -0.00538
14.46 -0.01883 -0.12374 -0.43578 -0.0
14.48 -0.02152 -0.03497 -0.43847 0.03497
14.5 -0.05918 0.00538 -0.43847 0.0269
14.52 -0.08339 0.06456 -0.44654 0.06187
14.54 -0.08608 0.04304 -0.44116 0.0269
14.56 -0.08608 0.03228 -0.44923 0.06456
14.58 -0.06456 0.00538 -0.44385 0.02152
14.6 -0.0538 -0.01345 -0.44654 0.06725
14.62 -0.03497 -0.07263 -0.45192000000000004 0.00269
14.64 -0.0269 -0.12912 -0.44923 0.07263
14.66 -0.0269 -0.15333 -0.46537 -0.11029
14.68 -0.03228 -0.16678 -0.39812000000000003 -0.30128
14.7 -0.01614 -0.12105 -0.4035 -0.38736000000000004
14.72 -0.01076 -0.12105 -0.41157 -0.4035
14.74 -0.00269 -0.08877 -0.28245000000000003 -0.55683
14.76 -0.01614 -0.09415 -0.26362 -0.55952
14.78 0.00269 -0.07263 -0.269 -0.6160100000000001
14.8 -0.00807 -0.10222 -0.26362 -0.58104
14.82 0.0 -0.09146 -0.27438 -0.5111
14.84 -0.00807 -0.11836 -0.33625 -0.4842
14.86 0.01345 -0.06456 -0.45192000000000004 -0.33625
14.88 0.0 -0.09684000000000001 -0.44654 -0.33356
14.9 0.03497 -0.06187 -0.50841 -0.21789
14.92 0.0538 -0.09415 -0.52186 -0.21789
14.94 0.08608 -0.06187 -0.4842 -0.14257
14.96 0.09146 -0.06187 -0.4842 -0.14257
14.98 0.06456 -0.05918 -0.29052 -0.11567000000000001
15.0 0.05111 -0.03497 -0.29052 -0.11298000000000001
15.02 0.0 -0.00807 -0.10222 -0.12374
15.04 0.0 -0.0 -0.11029 -0.20444
15.06 -0.01883 0.01883 -0.01883 -0.23403000000000002
15.08 0.00538 0.02959 -0.02959 -0.33087
15.1 -0.01883 0.048420000000000005 0.02959 -0.37391
15.12 -0.040350000000000004 0.09953000000000001 -0.01614 -0.38467
15.14 -0.1076 0.17485 0.048420000000000005 -0.35777000000000003
15.16 -0.08339 0.17754 -0.04304 -0.34701000000000004
15.18 -0.10222 0.17485 -0.00269 -0.3497
15.2 -0.02152 0.16947 -0.00807 -0.35508
15.22 -0.04573 0.14526 0.04304 -0.35239000000000004
15.24 0.0 0.13181 0.0269 -0.3497
15.26 -0.01614 0.15064 0.05111 -0.39543
15.28 -0.00269 0.14795 0.05918 -0.36853
15.3 -0.0269 0.16678 0.02152 -0.37391
15.32 -0.02152 0.18292 0.0269 -0.37391
15.34 -0.048420000000000005 0.1883 0.0 -0.37391
15.36 -0.04573 0.19368000000000002 0.05111 -0.37391
15.38 -0.05918 0.19099000000000002 0.00538 -0.37391
15.4 -0.06725 0.19637000000000002 0.07532 -0.37391
15.42 -0.0538 0.19906000000000001 0.01076 -0.38198000000000004
15.44 -0.06187 0.20444 0.07801000000000001 -0.38467
15.46 -0.048420000000000005 0.19368000000000002 -0.048420000000000005 -0.39274000000000003
15.48 -0.1076 0.19906000000000001 -0.01883 -0.37391
15.5 -0.06994 0.25555 0.0 -0.39274000000000003
15.52 -0.08070000000000001 0.269 0.048420000000000005 -0.39812000000000003
15.54 -0.07532 0.25286000000000003 -0.06994 -0.39274000000000003
15.56 -0.07532 0.22058 -0.21789 -0.34701000000000004
15.58 -0.06456 0.26093 -0.23134000000000002 -0.36853
15.6 -0.11298000000000001 0.24479 -0.19906000000000001 -0.29859
15.62 -0.09415 0.27169 -0.08070000000000001 -0.33894
15.64 -0.1076 0.27169 -0.07801000000000001 -0.39812000000000003
15.66 -0.09684000000000001 0.30128 0.00538 -0.48689000000000004
15.68 -0.09415 0.27169 0.00807 -0.48958
15.7 -0.06187 0.27976 0.048420000000000005 -0.52186
15.72 -0.0538 0.23672 0.01883 -0.44116
15.74 -0.02959 0.23403000000000002 0.03497 -0.38198000000000004
15.76 -0.03766 0.20982 0.03228 -0.37122
15.78 -0.03228 0.22596000000000002 0.03228 -0.23941
15.8 -0.056490000000000005 0.25017 0.024210000000000002 -0.23941
15.82 -0.048420000000000005 0.12643000000000001 0.01883 -0.13719
15.84 -0.08070000000000001 0.11836 0.00269 -0.23134000000000002
15.86 -0.040350000000000004 0.0538 -0.040350000000000004 -0.12643000000000001
15.88 -0.0269 0.01614 -0.29052 -0.21789
15.9 0.00269 -0.03228 -0.32280000000000003 -0.01883
15.92 0.0 -0.01883 -0.47613 0.00807
15.94 0.024210000000000002 -0.11298000000000001 -0.47075 0.04304
15.96 0.024210000000000002 -0.1345 -0.39274000000000003 -0.03497
15.98 0.01614 -0.17216 -0.38736000000000004 -0.0
16.0 -0.01614 -0.13181 -0.39005 0.01883
16.02 -0.01883 -0.15602000000000002 -0.39005 0.00269
16.04 -0.01883 -0.09684000000000001 -0.39274000000000003 -0.00807
16.06 -0.03228 -0.08339 -0.39274000000000003 0.02152
16.08 -0.08339 0.03766 -0.39274000000000003 0.056490000000000005
16.1 -0.11029 0.0538 -0.39274000000000003 0.04573
16.12 -0.10491 0.05918 -0.39274000000000003 0.05918
16.14 -0.08877 0.01883 -0.39274000000000003 0.02152
16.16 -0.08339 0.00269 -0.39274000000000003 0.06187
16.18 -0.06994 -0.024210000000000002 -0.39274000000000003 0.01614
16.2 -0.056490000000000005 -0.06187 -0.39274000000000003 0.056490000000000005
16.22 -0.04304 -0.12105 -0.40081 -0.0
16.24 -0.048420000000000005 -0.13988 -0.4035 0.06456
16.26 -0.06187 -0.14257 -0.41157 -0.15871000000000002
16.28 -0.08608 -0.13719 -0.4035 -0.23941
16.3 -0.05918 -0.12374 -0.41964 -0.36046
16.32 -0.04304 -0.12374 -0.26093 -0.45461
16.34 -0.04573 -0.08608 -0.30397 -0.62139
16.36 -0.03228 -0.07532 -0.23134000000000002 -0.63753
16.38 -0.00807 -0.09146 -0.2959 -0.66174
16.4 -0.024210000000000002 -0.12374 -0.22058 -0.64022
16.42 0.0 -0.08608 -0.32549 -0.55683
16.44 -0.01345 -0.12643000000000001 -0.34701000000000004 -0.52993
16.46 0.0 -0.07263 -0.44654 -0.39274000000000003
16.48 -0.00538 -0.08877 -0.47344 -0.37391
16.5 0.01614 -0.06187 -0.51917 -0.26631
16.52 0.01076 -0.08070000000000001 -0.53262 -0.21789
16.54 0.048420000000000005 -0.06187 -0.48958 -0.17485
16.56 0.0538 -0.06187 -0.48958 -0.17754
16.58 0.04304 -0.056490000000000005 -0.30397 -0.14526
16.6 0.03766 -0.03766 -0.30397 -0.14526
16.62 -0.00538 -0.00538 -0.11567000000000001 -0.13719
16.64 -0.00269 -0.0 -0.12105 -0.21251
16.66 -0.0269 0.0269 -0.01345 -0.23403000000000002
16.68 0.00538 0.01883 -0.0269 -0.33087
16.7 -0.03228 0.048420000000000005 0.03497 -0.36853
16.72 -0.048420000000000005 0.11029 -0.024210000000000002 -0.38198000000000004
16.74 -0.11029 0.17754 0.05111 -0.38736000000000004
16.76 -0.07532 0.18023 -0.040350000000000004 -0.40081
16.78 -0.09146 0.16947 0.02959 -0.4035
16.8 -0.01614 0.16140000000000002 -0.01345 -0.40888
16.82 -0.04304 0.13988 0.04573 -0.39812000000000003
16.84 0.0 0.13719 0.02959 -0.37122
16.86 -0.01883 0.15333 0.056490000000000005 -0.41157
16.88 0.0 0.16678 0.05918 -0.41426
16.9 -0.02959 0.16678 0.01614 -0.41157
16.92 -0.03228 0.18561 0.02959 -0.41157
16.94 -0.05111 0.19368000000000002 0.0 -0.42233000000000004
16.96 -0.048420000000000005 0.19637000000000002 0.048420000000000005 -0.42233000000000004
16.98 -0.0538 0.19099000000000002 0.00269 -0.41964
17.0 -0.05918 0.19368000000000002 0.07263 -0.42233000000000004
17.02 -0.05918 0.19637000000000002 0.00807 -0.42233000000000004
17.04 -0.07532 0.19906000000000001 0.07801000000000001 -0.42233000000000004
17.06 -0.06187 0.19099000000000002 0.0 -0.43309000000000003
17.08 -0.07532 0.17485 -0.056490000000000005 -0.37929
17.1 -0.05918 0.21789 -0.040350000000000004 -0.39005
17.12 -0.08070000000000001 0.25824 0.056490000000000005 -0.40081
17.14 -0.07263 0.25824 -0.08070000000000001 -0.41426
17.16 -0.07263 0.21789 -0.18292 -0.35777000000000003
17.18 -0.06456 0.23134000000000002 -0.23941 -0.40081
17.2 -0.08339 0.22865000000000002 -0.20713 -0.32549
17.22 -0.08877 0.23941 -0.10222 -0.3497
17.24 -0.08877 0.23134000000000002 -0.09684000000000001 -0.40081
17.26 -0.09146 0.269 -0.02152 -0.46268000000000004
17.28 -0.09146 0.24479 0.0 -0.47613
17.3 -0.06994 0.25824 0.0269 -0.50841
17.32 -0.06994 0.23134000000000002 0.01614 -0.46268000000000004
17.34 -0.02959 0.22596000000000002 0.02959 -0.41426
17.36 -0.040350000000000004 0.21789 0.02959 -0.39005
17.38 -0.0269 0.20982 0.04573 -0.25017
17.4 -0.04573 0.20982 0.03766 -0.25017
17.42 -0.04304 0.08608 0.02152 -0.15871000000000002
17.44 -0.056490000000000005 0.08339 -0.01345 -0.2421
17.46 -0.01614 0.01345 -0.09415 -0.1345
17.48 -0.00538 0.00269 -0.28783000000000003 -0.12105
17.5 0.00269 -0.0269 -0.33356 -0.0269
17.52 0.0 -0.03497 -0.42771000000000003 -0.00807
17.54 0.024210000000000002 -0.12105 -0.46537 0.040350000000000004
17.56 0.040350000000000004 -0.12105 -0.38736000000000004 -0.01614
17.58 0.024210000000000002 -0.16409 -0.37929 0.03766
17.6 0.01076 -0.16409 -0.38198000000000004 -0.0
17.62 0.0 -0.13719 -0.37929 0.01076
17.64 -0.01076 -0.1076 -0.37929 -0.00269
17.66 -0.01614 -0.08877 -0.37929 0.02152
17.68 -0.01883 -0.01345 -0.38198000000000004 0.040350000000000004
17.7 -0.03766 -0.01883 -0.38198000000000004 0.024210000000000002
17.72 -0.048420000000000005 0.05111 -0.38198000000000004 0.056490000000000005
17.74 -0.0538 0.01345 -0.38198000000000004 0.02152
17.76 -0.0538 0.03497 -0.38736000000000004 0.07532
17.78 -0.04304 -0.0 -0.38467 0.02959
17.8 -0.03766 -0.040350000000000004 -0.38467 0.06456
17.82 -0.00269 -0.08608 -0.39274000000000003 0.00269
17.84 -0.00538 -0.1345 -0.39274000000000003 0.06187
17.86 -0.00269 -0.14526 -0.4035 -0.08608
17.88 -0.01076 -0.16140000000000002 -0.3766 -0.28514
17.9 0.0 -0.09953000000000001 -0.38736000000000004 -0.35239000000000004
17.92 0.0 -0.09953000000000001 -0.40081 -0.07801000000000001
17.94 0.00807 -0.06187 -0.33894 -0.41964
17.96 0.0 -0.07801000000000001 -0.27707000000000004 -0.45999
17.98 0.01345 -0.04573 -0.38467 -0.52993
18.0 0.0 -0.08877 -0.30128 -0.48689000000000004
18.02 0.02152 -0.08339 -0.31204000000000004 -0.35239000000000004
18.04 0.00807 -0.09953000000000001 -0.37391 -0.36584
18.06 0.05918 -0.06187 -0.46806000000000003 -0.22327
18.08 0.06187 -0.08608 -0.49227000000000004 -0.22058
18.1 0.11567000000000001 -0.07263 -0.50303 -0.1076
18.12 0.12105 -0.08877 -0.49765000000000004 -0.06725
18.14 0.10222 -0.05918 -0.47344 -0.01076
18.16 0.07263 -0.04304 -0.4842 -0.00269
18.18 0.03766 -0.00538 -0.29859 0.00807
18.2 0.024210000000000002 -0.0 -0.29321 -0.00269
18.22 0.0 0.03228 -0.16409 -0.01345
18.24 -0.00269 0.04304 -0.17754 -0.1345
18.26 -0.02152 0.09415 -0.05111 -0.19637000000000002
18.28 0.00538 0.09415 -0.04573 -0.33087
18.3 -0.0538 0.12643000000000001 0.0 -0.36584
18.32 -0.08070000000000001 0.19637000000000002 -0.00807 -0.39005
18.34 -0.13988 0.23672 0.02959 -0.3766
18.36 -0.07532 0.22865000000000002 -0.040350000000000004 -0.3497
18.38 -0.06725 0.18561 0.0538 -0.34163
18.4 -0.00269 0.14526 -0.01345 -0.34432
18.42 -0.01614 0.13988 0.03497 -0.33625
18.44 0.01076 0.13719 0.03766 -0.33894
18.46 -0.00269 0.15064 0.056490000000000005 -0.33894
18.48 0.0 0.15333 0.06187 -0.33894
18.5 -0.0269 0.17216 0.02152 -0.34701000000000004
18.52 -0.024210000000000002 0.19099000000000002 0.0269 -0.34701000000000004
18.54 -0.056490000000000005 0.20713 0.0 -0.3497
18.56 -0.04573 0.22596000000000002 0.056490000000000005 -0.34701000000000004
18.58 -0.06456 0.22596000000000002 0.00538 -0.34432
18.6 -0.07532 0.22596000000000002 0.07532 -0.34432
18.62 -0.05918 0.22865000000000002 0.00807 -0.35777000000000003
18.64 -0.07263 0.25555 0.08339 -0.36046
18.66 -0.06187 0.23672 -0.00269 -0.36584
18.68 -0.08877 0.23134000000000002 -0.04304 -0.35508
18.7 -0.06994 0.27438 -0.02959 -0.36584
18.72 -0.08070000000000001 0.34163 0.07532 -0.37122
18.74 -0.08339 0.33087 0.024210000000000002 -0.39812000000000003
18.76 -0.06187 0.269 0.024210000000000002 -0.40081
18.78 -0.040350000000000004 0.26362 0.0 -0.45999
18.8 -0.056490000000000005 0.25286000000000003 -0.00807 -0.45999
18.82 -0.056490000000000005 0.26362 0.00269 -0.49765000000000004
18.84 -0.06994 0.269 0.0 -0.4842
18.86 -0.06725 0.31473 0.0269 -0.54607
18.88 -0.07532 0.28245000000000003 0.0 -0.50034
18.9 -0.06456 0.30128 0.02152 -0.48151
18.92 -0.06994 0.27976 0.0 -0.38736000000000004
18.94 -0.06187 0.2959 0.01345 -0.30935
18.96 -0.06725 0.26093 0.00538 -0.31204000000000004
18.98 -0.056490000000000005 0.25555 0.00807 -0.19099000000000002
19.0 -0.07263 0.24748 0.01614 -0.22058
19.02 -0.05111 0.15602000000000002 0.01883 -0.11298000000000001
19.04 -0.06994 0.15602000000000002 0.00807 -0.25017
19.06 -0.03497 0.03766 -0.03228 -0.15871000000000002
19.08 -0.0269 0.00807 -0.32549 -0.20982
19.1 0.0 -0.05111 -0.35239000000000004 -0.024210000000000002
19.12 0.0 -0.04304 -0.51379 0.01345
19.14 0.01883 -0.13181 -0.45461 0.04573
19.16 0.0 -0.13181 -0.45999 -0.03766
19.18 -0.00807 -0.15871000000000002 -0.45461 0.01614
19.2 -0.0269 -0.12912 -0.43847 -0.0
19.22 -0.01345 -0.13988 -0.44385 0.01076
19.24 -0.06456 -0.06994 -0.44923 -0.00807
19.26 -0.12374 0.01076 -0.45192000000000004 0.06187
19.28 -0.12374 0.07801000000000001 -0.45192000000000004 0.07532
19.3 -0.14257 0.056490000000000005 -0.45192000000000004 0.05111
19.32 -0.12374 0.05111 -0.40888 0.04304
19.34 -0.10222 -0.0 -0.40619 0.01883
19.36 -0.11029 -0.01345 -0.40619 0.04573
19.38 -0.08070000000000001 -0.056490000000000005 -0.40619 0.00269
19.4 -0.07801000000000001 -0.09146 -0.40619 0.05918
19.42 -0.08070000000000001 -0.10491 -0.41426 -0.0
19.44 -0.09146 -0.11298000000000001 -0.41426 0.05111
19.46 -0.1345 -0.1076 -0.42233000000000004 -0.30128
19.48 -0.1076 -0.13181 -0.41426 -0.39543
19.5 -0.08608 -0.11029 -0.38198000000000004 -0.6644300000000001
19.52 -0.08339 -0.11298000000000001 -0.32011 -0.66981
19.54 -0.05918 -0.07801000000000001 -0.35239000000000004 -0.73168
19.56 -0.05918 -0.08339 -0.2421 -0.75858
19.58 -0.03228 -0.09146 -0.26093 -0.7639600000000001
19.6 -0.03766 -0.12374 -0.25555 -0.7236100000000001
19.62 -0.00538 -0.09953000000000001 -0.29321 -0.65098
19.64 -0.024210000000000002 -0.12912 -0.32549 -0.55952
19.66 0.00269 -0.07532 -0.38198000000000004 -0.47613
19.68 -0.01345 -0.09415 -0.43309000000000003 -0.40619
19.7 0.0 -0.06187 -0.47344 -0.32818
19.72 0.0 -0.07801000000000001 -0.47882 -0.26631
19.74 0.02152 -0.06187 -0.45192000000000004 -0.22058
19.76 0.024210000000000002 -0.056490000000000005 -0.45461 -0.22327
19.78 0.02959 -0.048420000000000005 -0.2959 -0.1883
19.8 0.0269 -0.03497 -0.2959 -0.1883
19.82 -0.01345 -0.00269 -0.1345 -0.17216
19.84 -0.00807 -0.0 -0.1345 -0.24479
19.86 -0.02152 0.03228 -0.00807 -0.24479
19.88 0.00538 0.0269 -0.01883 -0.32818
19.9 -0.040350000000000004 0.07532 0.06994 -0.37122
19.92 -0.048420000000000005 0.13988 -0.02959 -0.36584
19.94 -0.11836 0.1883 0.03497 -0.34701000000000004
19.96 -0.07532 0.19099000000000002 -0.040350000000000004 -0.3497
19.98 -0.08877 0.18292 0.03497 -0.34701000000000004
20.0 -0.01883 0.17216 -0.01076 -0.3497
