0.0 0.000383588846592283 0.0042194773125136245 0.003452299619329555 0.005753832698882261
0.02 -0.0011507665397763529 0.0042194773125136245 0.004986655005698191 0.0042194773125136245
0.04 -0.0011507665397763529 0.0026851219261449888 0.011124076551172734 0.010356898857988168
0.06 -0.005753832698882261 -0.001917944232960919 0.018795853483015913 0.02109738656256862
0.08 -0.014959965017094077 -0.008055365778435462 0.03874247350580843 0.04411271735809841
0.1 -0.02416609733530589 -0.018795853483015913 0.0632921596877066 0.07326546969910248
0.12 -0.03797529581262386 -0.029536341187596366 0.09704797818781659 0.10241822204010682
0.14 -0.04871578351720431 -0.04027682889217706 0.13233815207429547 0.13463968515384817
0.16 -0.06405933738089067 -0.05408602736949479 0.1676283259607741 0.1622580821084836
0.18 -0.0778685358582084 -0.06636087046044388 0.20138414446088432 0.19447954522222521
0.2 -0.09167773433552612 -0.0801700689377616 0.23207125218825705 0.22209794217686066
0.22 -0.10548693281284409 -0.09397926741507932 0.26275835991563 0.251250694517865
0.24 -0.12083048667653044 -0.1077884658923973 0.29497982302937137 0.2804034468588691
0.26 -0.13463968515384817 -0.12006330898334638 0.32259821998400706 0.3064874884271359
0.28 -0.1484488836311659 -0.1338725074606641 0.3548196830977484 0.33717459615450884
0.3 -0.1622580821084836 -0.14614735055161318 0.3824380800523841 0.3647929931091443
0.32 -0.1760672805858016 -0.15995654902893092 0.4100564770070196 0.39087703467741136
0.34 -0.1898764790631193 -0.17069703673351136 0.43614051857528635 0.41542672085930954
0.36 -0.20368567754043704 -0.18143752443809205 0.4652932709162907 0.4445794732003139
0.38 -0.21596052063138613 -0.19371236752904114 0.48984295709818887 0.4706635147685807
0.4 -0.22976971910870383 -0.2044528552336216 0.515926998666456 0.4967475563368476
0.42 -0.24051020681328455 -0.2136589875518334 0.5420110402347228 0.5212972425187458
0.44 -0.2527850499042336 -0.2259338306427825 0.5680950818029895 0.5458469287006441
0.46 -0.2635255376088141 -0.23820867373373159 0.592644767984888 0.5734653256552796
0.48 -0.27580038069976315 -0.2489491614383123 0.6156600987804175 0.5949463010644406
0.5 -0.28500651301797497 -0.2596896491428927 0.6371410741895784 0.6210303426327075
0.52 -0.29574700072255544 -0.2704301368474732 0.6601564049851082 0.6425113180418686
0.54 -0.30495313304076727 -0.28117062455205366 0.6816373803942689 0.6670610042237668
0.56 -0.31569362074534796 -0.2919111122566341 0.7015840004170616 0.687007624246559
0.58 -0.3248997530635598 -0.3011172445748459 0.7215306204398539 0.7084885996557201
0.6 -0.3341058853817716 -0.310323376893058 0.7399428850762775 0.7284352196785123
0.62 -0.3433120176999834 -0.3179951538249012 0.7583551497127011 0.7499161950876734
0.64 -0.34944943924545796 -0.32720128614311295 0.7767674143491248 0.7667941043377284
0.66 -0.35712121617730114 -0.33640741846132477 0.7951796789855484 0.7852063689741522
0.68 -0.36632734849551296 -0.3456135507795366 0.8120575882356034 0.803618633610576
0.7 -0.3724647700409875 -0.3517509723250111 0.8289354974856589 0.8204965428606309
0.72 -0.3801365469728309 -0.3594227492568543 0.8458134067357139 0.8389088074970547
0.74 -0.3862739685183055 -0.3655601708023289 0.8596226052130316 0.854252361360741
0.76 -0.39241139006378 -0.3716975923478034 0.8734318036903493 0.8665272044516901
0.78 -0.3970144562228859 -0.3763006585069096 0.8887753575540357 0.8803364029290079
0.8 -0.4031518777683604 -0.3824380800523841 0.9010502006449848 0.8941456014063257
0.82 -0.40775494392746636 -0.38704114621149 0.9117906883495652 0.9064204444972749
0.84 -0.41235801008657225 -0.39164421237059593 0.9240655314405143 0.9171609322018554
0.86 -0.4169610762456782 -0.3962472785297018 0.9332716637587262 0.9279014199064358
0.88 -0.42156414240478407 -0.40085034468880776 0.9440121514633066 0.9386419076110163
0.9 -0.4230984977911527 -0.403919055461545 0.9501495730087811 0.9478480399292282
0.92 -0.4277015639502586 -0.4069877662342823 0.9593557053269934 0.9555198168610713
0.94 -0.42923591933662725 -0.4100564770070196 0.9639587714860993 0.9631915937929145
0.96 -0.43230463010936454 -0.4131251877797568 0.9700961930315739 0.9693290153383891
0.98 -0.4338389854957332 -0.41465954316612547 0.9746992591906798 0.9739320814974951
1.0 -0.4353733408821018 -0.41465954316612547 0.9777679699634171 0.9770007922702324
1.02 -0.4353733408821018 -0.4161938985524941 0.9808366807361544 0.9800695030429697
1.04 -0.4353733408821018 -0.4161938985524941 0.982371036122523 0.9816038584293383
1.06 -0.4369076962684704 -0.4161938985524941 0.982371036122523 0.9816038584293383
1.08 -0.4369076962684704 -0.4161938985524941 0.982371036122523 0.9816038584293383
1.1 -0.4369076962684704 -0.4161938985524941 0.982371036122523 0.9816038584293383
1.12 -0.4369076962684704 -0.41772825393886276 0.982371036122523 0.9816038584293383
1.14 -0.4369076962684704 -0.41772825393886276 0.982371036122523 0.9816038584293383
1.16 -0.43844205165483907 -0.41772825393886276 0.982371036122523 0.9816038584293383
1.18 -0.43844205165483907 -0.41772825393886276 0.982371036122523 0.9816038584293383
1.2 -0.43844205165483907 -0.41926260932523135 0.982371036122523 0.9816038584293383
1.22 -0.44151076242757636 -0.4207969647116 0.982371036122523 0.9816038584293383
1.24 -0.44304511781394496 -0.42233132009796864 0.9808366807361544 0.9816038584293383
1.26 -0.4445794732003139 -0.4238656754843373 0.982371036122523 0.9816038584293383
1.28 -0.4461138285866825 -0.4238656754843373 0.982371036122523 0.9816038584293383
1.3 -0.4461138285866825 -0.42540003087070594 0.982371036122523 0.9816038584293383
1.32 -0.4461138285866825 -0.4269343862570745 0.982371036122523 0.9846725692020756
1.34 -0.4461138285866825 -0.4284687416434432 0.9854397468952603 0.9862069245884442
1.36 -0.4476481839730511 -0.43153745241618047 0.9885084576679976 0.9923443461339188
1.38 -0.4476481839730511 -0.43614051857528635 0.9931115238271034 0.9984817676793933
1.4 -0.4476481839730511 -0.44381229550712953 0.9961802345998407 1.004619189224868
1.42 -0.44918253935941976 -0.44994971705260434 0.999248945372578 1.0153596769294484
1.44 -0.44918253935941976 -0.46222456014355345 1.0023176561453153 1.029168875406766
1.46 -0.44918253935941976 -0.4744994032345025 1.0023176561453153 1.042978073884084
1.48 -0.44918253935941976 -0.4883086017118202 1.0023176561453153 1.059855983134139
1.5 -0.44918253935941976 -0.5036521555755066 1.0038520115316838 1.0751995369978256
1.52 -0.44918253935941976 -0.5205300648255619 1.0023176561453153 1.0890087354751432
1.54 -0.44918253935941976 -0.5374079740756168 1.0023176561453153 1.1012835785660922
1.56 -0.44918253935941976 -0.5558202387120404 1.0023176561453153 1.1135584216570413
1.58 -0.44918253935941976 -0.5696294371893582 1.0023176561453153 1.1227645539752533
1.6 -0.44918253935941976 -0.5849729910530448 1.0023176561453153 1.1304363309070966
1.62 -0.44918253935941976 -0.5987821895303626 1.0023176561453153 1.1350393970662025
1.64 -0.44918253935941976 -0.6141257433940489 1.0023176561453153 1.1365737524525712
1.66 -0.4476481839730511 -0.626400586484998 1.0023176561453153 1.1365737524525712
1.68 -0.4476481839730511 -0.6371410741895784 1.0023176561453153 1.1319706862934653
1.7 -0.4461138285866825 -0.6478815618941589 1.0038520115316838 1.1258332647479907
1.72 -0.4445794732003139 -0.6555533388260023 1.0038520115316838 1.11509277704341
1.74 -0.44304511781394496 -0.6616907603714769 1.0023176561453153 1.1043522893388296
1.76 -0.44151076242757636 -0.6662938265305824 1.0023176561453153 1.0874743800887745
1.78 -0.4399764070412077 -0.6678281819169511 1.0038520115316838 1.0705964708387194
1.8 -0.4369076962684704 -0.6693625373033197 1.0023176561453153 1.0491154954295585
1.82 -0.4353733408821018 -0.6693625373033197 1.0038520115316838 1.029168875406766
1.84 -0.43230463010936454 -0.6678281819169511 1.0023176561453153 1.0076878999976053
1.86 -0.42923591933662725 -0.6678281819169511 1.0038520115316838 0.9846725692020756
1.88 -0.42463285317752136 -0.6647594711442139 1.0023176561453153 0.9631915937929145
1.9 -0.42156414240478407 -0.6616907603714769 1.0023176561453153 0.9539854614747028
1.92 -0.4138923654729409 -0.6540189834396336 1.0007833007589466 0.9447793291564909
1.94 -0.41082365470020366 -0.6463472065077902 1.0007833007589466 0.9309701306791731
1.96 -0.4031518777683604 -0.6371410741895784 1.0023176561453153 0.9125578660427495
1.98 -0.3970144562228859 -0.6294692972577353 1.0023176561453153 0.897214312179063
2.0 -0.38780832390467407 -0.6187288095531548 1.0023176561453153 0.8895425352472198
2.02 -0.375533480813725 -0.6110570326213116 1.0007833007589466 0.8880081798608511
2.04 -0.3601899269500384 -0.6003165449167311 0.999248945372578 0.8941456014063257
2.06 -0.344846373086352 -0.5911104125985194 0.9961802345998407 0.9018173783381689
2.08 -0.327968463836297 -0.5803699248939387 0.9900428130543661 0.9094891552700122
2.1 -0.3095561991998734 -0.5696294371893582 0.982371036122523 0.9186952875882239
2.12 -0.2942126453361868 -0.5573545940984092 0.9716305484179425 0.9279014199064358
2.14 -0.27886909147250044 -0.5466141063938287 0.9624244160997307 0.9340388414519103
2.16 -0.26812860376791997 -0.5328049079165109 0.9578213499406248 0.9417106183837536
2.18 -0.2604568268360768 -0.5220644202119304 0.9578213499406248 0.9463136845428596
2.2 -0.25738811606333956 -0.5113239325073498 0.965493126872468 0.9509167507019655
2.22 -0.2558537606769709 -0.502117800189138 0.9716305484179425 0.952451106088334
2.24 -0.2589224714497082 -0.4944460232572948 0.9900428130543661 0.9539854614747028
2.26 -0.2635255376088141 -0.48984295709818887 1.0099894330771584 0.9693290153383891
2.28 -0.26812860376791997 -0.4883086017118202 1.0284016977135821 0.983138213815707
2.3 -0.28193780224523773 -0.4821711801663457 1.040676540804531 0.9969474122930246
2.32 -0.29881571149529274 -0.4775681140072398 1.0560200946682174 1.0076878999976053
2.34 -0.3172279761317166 -0.4744994032345025 1.079035425463747 1.0138253215430797
2.36 -0.3387089515408775 -0.4714306924617652 1.1020507562592772 1.0153596769294484
2.38 -0.3586555715636698 -0.46375891552992204 1.1266004424411753 1.0138253215430797
2.4 -0.38780832390467407 -0.45608713859807887 1.1419439963048617 1.0138253215430797
2.42 -0.41542672085930954 -0.44994971705260434 1.1496157732367047 1.0153596769294484
2.44 -0.44918253935941976 -0.44534665089349845 1.1557531947821793 1.0153596769294484
2.46 -0.47680093631405523 -0.4407435847343923 1.1603562609412852 1.0153596769294484
2.48 -0.5090223994277967 -0.43614051857528635 1.1603562609412852 1.0153596769294484
2.5 -0.5320377302233263 -0.4330718078025491 1.1588219055549167 1.0153596769294484
2.52 -0.5550530610188559 -0.4284687416434432 1.1526844840094421 1.0153596769294484
2.54 -0.5749996810416483 -0.42540003087070594 1.1434783516912304 1.0153596769294484
2.56 -0.5872745241325974 -0.42233132009796864 1.128134797827544 1.0153596769294484
2.58 -0.6026180779962839 -0.41926260932523135 1.111256888577489 1.0153596769294484
2.6 -0.6133585657008643 -0.4161938985524941 1.0897759131683276 1.016894032315817
2.62 -0.6210303426327075 -0.4131251877797568 1.066760582372798 1.0153596769294484
2.64 -0.6256334087918134 -0.4115908323933882 1.0437452515772685 1.0153596769294484
2.66 -0.627167764178182 -0.40852212162065094 1.0222642761681076 1.0153596769294484
2.68 -0.6287021195645507 -0.403919055461545 1.0053863669180525 1.0153596769294484
2.7 -0.6287021195645507 -0.3993159893024391 0.9961802345998407 1.0138253215430797
2.72 -0.627167764178182 -0.3931785677569646 0.9915771684407348 1.0107566107703425
2.74 -0.6240990534054448 -0.38857550159785864 0.9885084576679976 1.0076878999976053
2.76 -0.6210303426327075 -0.38090372466601546 0.9839053915088917 1.0015504784521305
2.78 -0.6148929210872329 -0.37323194773417206 0.9793023253497857 0.9969474122930246
2.8 -0.6087554995417584 -0.3655601708023289 0.9762336145770485 0.9908099907475502
2.82 -0.5995493672235466 -0.3548196830977484 0.9716305484179425 0.9862069245884442
2.84 -0.5903432349053347 -0.3410104846204307 0.9700961930315739 0.9816038584293383
2.86 -0.5811371025871228 -0.32566693075674435 0.9685618376452053 0.9770007922702324
2.88 -0.5688622594961737 -0.310323376893058 0.9670274822588366 0.9723977261111264
2.9 -0.5565874164052246 -0.2934454676430027 0.9639587714860993 0.9677946599520204
2.92 -0.5443125733142754 -0.279636269165685 0.9624244160997307 0.9631915937929145
2.94 -0.5351064409960636 -0.2673614260747359 0.9593557053269934 0.9601228830201772
2.96 -0.5243659532914831 -0.2566209383701555 0.9578213499406248 0.9601228830201772
2.98 -0.5166941763596399 -0.2489491614383123 0.9593557053269934 0.9601228830201772
3.0 -0.5090223994277967 -0.245880450665575 0.9608900607133621 0.9647259491792832
3.02 -0.5028849778823221 -0.2443460952792064 0.965493126872468 0.9708633707247577
3.04 -0.5013506224959535 -0.25048351682468095 0.9716305484179425 0.9846725692020756
3.06 -0.4967475563368476 -0.25508658298378684 0.9808366807361544 0.9984817676793933
3.08 -0.49061013479137294 -0.2658270706883673 0.9900428130543661 1.0138253215430797
3.1 -0.48600706863226706 -0.279636269165685 0.999248945372578 1.033771941565872
3.12 -0.48293835785952977 -0.29804853380210866 1.0069207223044212 1.0567872723614018
3.14 -0.4814040024731611 -0.3149264430521639 1.0130581438498958 1.0890087354751432
3.16 -0.4814040024731611 -0.3348730630749562 1.0145924992362643 1.1043522893388296
3.18 -0.4798696470867925 -0.3594227492568543 1.0145924992362643 1.124298909361622
3.2 -0.47680093631405523 -0.38704114621149 1.0145924992362643 1.141176818611677
3.22 -0.46912915938221206 -0.41772825393886276 1.0130581438498958 1.153451661702626
3.24 -0.4645260932231061 -0.4484153616662357 1.0145924992362643 1.1595890832481006
3.26 -0.4583886716776315 -0.4775681140072398 1.0130581438498958 1.1611234386344693
3.28 -0.4553199609048942 -0.5067208663482439 1.0145924992362643 1.1595890832481006
3.3 -0.45225125013215706 -0.5328049079165109 1.0130581438498958 1.1595890832481006
3.32 -0.4507168947457884 -0.5558202387120404 1.0145924992362643 1.1519173063162575
3.34 -0.4476481839730511 -0.5757668587348327 1.0130581438498958 1.141176818611677
3.36 -0.4476481839730511 -0.592644767984888 1.0130581438498958 1.1227645539752533
3.38 -0.4476481839730511 -0.6064539664622057 1.0130581438498958 1.1043522893388296
3.4 -0.4461138285866825 -0.6187288095531548 1.0130581438498958 1.0828713139296686
3.42 -0.44304511781394496 -0.626400586484998 1.0130581438498958 1.0583216277477703
3.44 -0.4399764070412077 -0.6325380080304726 1.0130581438498958 1.0307032307931348
3.46 -0.4369076962684704 -0.6371410741895784 1.0130581438498958 1.0107566107703425
3.48 -0.4307702747229959 -0.6402097849623157 1.011523788463527 0.9923443461339188
3.5 -0.42616720856389 -0.6402097849623157 1.0038520115316838 0.9862069245884442
3.52 -0.42156414240478407 -0.6371410741895784 0.9977145899862093 0.9754664368838637
3.54 -0.4169610762456782 -0.6356067188032097 0.9931115238271034 0.9509167507019655
3.56 -0.41235801008657225 -0.6310036526441039 0.9931115238271034 0.9186952875882239
3.58 -0.40468623315472907 -0.6248662310986294 0.9931115238271034 0.892611246019957
3.6 -0.39087703467741136 -0.6202631649395234 0.9931115238271034 0.8772676921562707
3.62 -0.375533480813725 -0.6156600987804175 0.9931115238271034 0.8741989813835334
3.64 -0.3555868607909325 -0.609522677234943 0.9915771684407348 0.8788020475426394
3.66 -0.33717459615450884 -0.6033852556894684 0.9885084576679976 0.8864738244744825
3.68 -0.3141592653589793 -0.592644767984888 0.9808366807361544 0.897214312179063
3.7 -0.29574700072255544 -0.5834386356666762 0.9700961930315739 0.9079547998836435
3.72 -0.27580038069976315 -0.5696294371893582 0.9562869945542557 0.9186952875882239
3.74 -0.26199118222244544 -0.5558202387120404 0.9440121514633066 0.9294357752928044
3.76 -0.24971633913149635 -0.5420110402347228 0.9363403745314635 0.9386419076110163
3.78 -0.24204456219965317 -0.5297361971437736 0.9363403745314635 0.9463136845428596
3.8 -0.2389758514269159 -0.5174613540528246 0.9424777960769379 0.9509167507019655
3.82 -0.23744149604054704 -0.5067208663482439 0.9516839283951498 0.952451106088334
3.84 -0.24204456219965317 -0.49751473403003205 0.9731649038043112 0.9555198168610713
3.86 -0.24511327297239047 -0.48984295709818887 0.9977145899862093 0.9693290153383891
3.88 -0.24971633913149635 -0.48984295709818887 1.0191955653953702 0.983138213815707
3.9 -0.26199118222244544 -0.48370553555271434 1.0299360530999506 0.9984817676793933
3.92 -0.2804034468588691 -0.4791024693936084 1.0468139623500057 1.0122909661567112
3.94 -0.29881571149529274 -0.4775681140072398 1.0698292931455353 1.0199627430885543
3.96 -0.3218310422908225 -0.4744994032345025 1.0943789793274339 1.021497098474923
3.98 -0.344846373086352 -0.46682762630265934 1.123531731668438 1.0199627430885543
4.0 -0.37399912542735614 -0.4576214939844475 1.140409640918493 1.021497098474923
4.02 -0.4031518777683604 -0.451484072438973 1.1465470624639675 1.021497098474923
4.04 -0.43844205165483907 -0.44534665089349845 1.1557531947821793 1.021497098474923
4.06 -0.4721978701549493 -0.43920922934802364 1.1603562609412852 1.021497098474923
4.08 -0.5059536886550594 -0.43614051857528635 1.1588219055549167 1.021497098474923
4.1 -0.533572085609695 -0.43153745241618047 1.1588219055549167 1.021497098474923
4.12 -0.5565874164052246 -0.4269343862570745 1.1526844840094421 1.021497098474923
4.14 -0.5780683918143855 -0.4238656754843373 1.1419439963048617 1.021497098474923
4.16 -0.5949463010644406 -0.4207969647116 1.1250660870548066 1.021497098474923
4.18 -0.6087554995417584 -0.4161938985524941 1.1051194670320144 1.021497098474923
4.2 -0.6225646980190761 -0.4131251877797568 1.0805697808501158 1.021497098474923
4.22 -0.6333051857236567 -0.4100564770070196 1.0560200946682174 1.021497098474923
4.24 -0.6379082518827626 -0.40545341084791364 1.0299360530999506 1.021497098474923
4.26 -0.6409769626554999 -0.403919055461545 1.0130581438498958 1.021497098474923
4.28 -0.6409769626554999 -0.3993159893024391 0.9961802345998407 1.0199627430885543
4.3 -0.6409769626554999 -0.3947129231433332 0.9915771684407348 1.016894032315817
4.32 -0.6379082518827626 -0.38857550159785864 0.9869741022816289 1.0138253215430797
4.34 -0.6348395411100254 -0.3824380800523841 0.982371036122523 1.0076878999976053
4.36 -0.6302364749509193 -0.3747663031205407 0.9762336145770485 1.0015504784521305
4.38 -0.6240990534054448 -0.3655601708023289 0.9700961930315739 0.9969474122930246
4.4 -0.6164272764736016 -0.3578883938704857 0.9670274822588366 0.9892756353611815
4.42 -0.6087554995417584 -0.34714790616590524 0.9608900607133621 0.9846725692020756
4.44 -0.5995493672235466 -0.33026999691585024 0.9593557053269934 0.9754664368838637
4.46 -0.588808879518966 -0.3149264430521639 0.9562869945542557 0.9739320814974951
4.48 -0.5765340364280169 -0.29497982302937137 0.954752639167887 0.9677946599520204
4.5 -0.5642591933370679 -0.27810191377931637 0.9501495730087811 0.9631915937929145
4.52 -0.5535187056324873 -0.2596896491428927 0.9470808622360438 0.9585885276338086
4.54 -0.5443125733142754 -0.2412773845064691 0.9455465068496752 0.9555198168610713
4.56 -0.5351064409960636 -0.22746818602915114 0.9424777960769379 0.9555198168610713
4.58 -0.5274346640642203 -0.2167276983245707 0.9409434406905693 0.9555198168610713
4.6 -0.5182285317460085 -0.2136589875518334 0.9440121514633066 0.9601228830201772
4.62 -0.5151598209732713 -0.2136589875518334 0.9501495730087811 0.9631915937929145
4.64 -0.5074880440414281 -0.21979640909730797 0.9578213499406248 0.9770007922702324
4.66 -0.5013506224959535 -0.22286511987004523 0.9700961930315739 0.9938787015202873
4.68 -0.495213200950479 -0.23360560757462567 0.982371036122523 1.0138253215430797
4.7 -0.49061013479137294 -0.24741480605194366 0.994645879213472 1.029168875406766
4.72 -0.4890757794050043 -0.26275835991563 1.0069207223044212 1.046046784656821
4.74 -0.4890757794050043 -0.279636269165685 1.0145924992362643 1.0705964708387194
4.76 -0.48600706863226706 -0.3041859553475832 1.016126854622633 1.090543090861512
4.78 -0.48293835785952977 -0.33026999691585024 1.016126854622633 1.1104897108843041
4.8 -0.47680093631405523 -0.3624914600295916 1.016126854622633 1.1273676201343594
4.82 -0.4706635147685807 -0.39164421237059593 1.016126854622633 1.1427111739980458
4.84 -0.4645260932231061 -0.42233132009796864 1.0176612100090017 1.1519173063162575
4.86 -0.4583886716776315 -0.451484072438973 1.016126854622633 1.1595890832481006
4.88 -0.4553199609048942 -0.48063682477997705 1.016126854622633 1.1595890832481006
4.9 -0.45225125013215706 -0.5051865109618753 1.016126854622633 1.1595890832481006
4.92 -0.4507168947457884 -0.5266674863710363 1.016126854622633 1.1549860170889947
4.94 -0.4507168947457884 -0.5481484617801973 1.016126854622633 1.1488485955435201
4.96 -0.44918253935941976 -0.5650263710302523 1.016126854622633 1.1365737524525712
4.98 -0.4476481839730511 -0.5803699248939387 1.016126854622633 1.1166271324297787
5.0 -0.4445794732003139 -0.5941791233712566 1.016126854622633 1.0951461570206178
5.02 -0.44304511781394496 -0.604919611075837 1.016126854622633 1.0721308262250882
5.04 -0.44151076242757636 -0.6125913880076802 1.016126854622633 1.0475811400431898
5.06 -0.43844205165483907 -0.6187288095531548 1.016126854622633 1.029168875406766
5.08 -0.43230463010936454 -0.6217975203258921 1.0145924992362643 1.0107566107703425
5.1 -0.42616720856389 -0.6233318757122607 1.00845507769079 1.004619189224868
5.12 -0.4230984977911527 -0.6233318757122607 1.0023176561453153 0.995413056906656
5.14 -0.4200297870184154 -0.6233318757122607 0.994645879213472 0.983138213815707
5.16 -0.4138923654729409 -0.6171944541667862 0.9931115238271034 0.9555198168610713
5.18 -0.41082365470020366 -0.6125913880076802 0.994645879213472 0.9232983537473299
5.2 -0.40161752238199183 -0.6064539664622057 0.994645879213472 0.9033517337245375
5.22 -0.38780832390467407 -0.6018509003030998 0.994645879213472 0.892611246019957
5.24 -0.3693960592682502 -0.5957134787576253 0.994645879213472 0.8956799567926943
5.26 -0.34944943924545796 -0.5895760572121507 0.994645879213472 0.9002830229518002
5.28 -0.3310371746090343 -0.5819042802803075 0.9885084576679976 0.9079547998836435
5.3 -0.31569362074534796 -0.5711637925757268 0.9839053915088917 0.9171609322018554
5.32 -0.29881571149529274 -0.5604233048711463 0.9746992591906798 0.9248327091336985
5.34 -0.2865408684043436 -0.5481484617801973 0.9670274822588366 0.9325044860655417
5.36 -0.27580038069976315 -0.5343392633028796 0.9624244160997307 0.9417106183837536
5.38 -0.2696629591542886 -0.5220644202119304 0.9593557053269934 0.9478480399292282
5.4 -0.26812860376791997 -0.5113239325073498 0.965493126872468 0.9509167507019655
5.42 -0.2696629591542886 -0.5005834448027693 0.9746992591906798 0.9539854614747028
5.44 -0.2727316699270259 -0.49291166787092616 0.994645879213472 0.9555198168610713
5.46 -0.27580038069976315 -0.4867742463254516 1.0130581438498958 0.9723977261111264
5.48 -0.28193780224523773 -0.4867742463254516 1.0314704084863193 0.9862069245884442
5.5 -0.29114393456344956 -0.48370553555271434 1.0422108961908998 0.9984817676793933
5.52 -0.3110905545862421 -0.4791024693936084 1.0590888054409549 1.0092222553839738
5.54 -0.32950281922266567 -0.47603375862087116 1.079035425463747 1.016894032315817
5.56 -0.34944943924545796 -0.4744994032345025 1.1035851116456457 1.016894032315817
5.58 -0.37093041465461885 -0.47296504784813387 1.128134797827544 1.016894032315817
5.6 -0.3970144562228859 -0.468361981689028 1.1450127070775988 1.016894032315817
5.62 -0.42463285317752136 -0.4606902047571848 1.1557531947821793 1.016894032315817
5.64 -0.4537856055185257 -0.451484072438973 1.1603562609412852 1.016894032315817
5.66 -0.4844727132458984 -0.44534665089349845 1.1634249717140226 1.016894032315817
5.68 -0.5151598209732713 -0.4407435847343923 1.1603562609412852 1.016894032315817
5.7 -0.5443125733142754 -0.43614051857528635 1.1588219055549167 1.0184283877021856
5.72 -0.5688622594961737 -0.43153745241618047 1.1496157732367047 1.016894032315817
5.74 -0.5903432349053347 -0.4284687416434432 1.1388752855321242 1.0184283877021856
5.76 -0.6026180779962839 -0.4238656754843373 1.1204630208957007 1.016894032315817
5.78 -0.6179616318599702 -0.42233132009796864 1.1005164008729085 1.016894032315817
5.8 -0.6287021195645507 -0.41926260932523135 1.0759667146910097 1.016894032315817
5.82 -0.6379082518827626 -0.41772825393886276 1.0529513838954803 1.016894032315817
5.84 -0.6409769626554999 -0.41465954316612547 1.0268673423272134 1.0184283877021856
5.86 -0.6425113180418686 -0.4115908323933882 1.00845507769079 1.016894032315817
5.88 -0.6440456734282372 -0.4069877662342823 0.9839053915088917 1.016894032315817
5.9 -0.6425113180418686 -0.4023847000751764 0.9670274822588366 1.016894032315817
5.92 -0.6425113180418686 -0.3993159893024391 0.9608900607133621 1.0138253215430797
5.94 -0.6394426072691313 -0.3931785677569646 0.954752639167887 1.0061535446112364
5.96 -0.6348395411100254 -0.3855067908251214 0.9501495730087811 1.0015504784521305
5.98 -0.6287021195645507 -0.3778350138932782 0.9455465068496752 0.995413056906656
6.0 -0.6210303426327075 -0.3655601708023289 0.9409434406905693 0.9877412799748129
6.02 -0.6118242103144956 -0.3548196830977484 0.9363403745314635 0.983138213815707
6.04 -0.6026180779962839 -0.33947612923406206 0.9348060191450948 0.9770007922702324
6.06 -0.5918775902917033 -0.3241325753703757 0.9332716637587262 0.9739320814974951
6.08 -0.5780683918143855 -0.30572031073395184 0.9317373083723575 0.9677946599520204
6.1 -0.5688622594961737 -0.2873080460975282 0.9286685975996203 0.9631915937929145
6.12 -0.5565874164052246 -0.2704301368474732 0.9286685975996203 0.9555198168610713
6.14 -0.5473812840870127 -0.2535522275974182 0.9302029529859889 0.9509167507019655
6.16 -0.5381751517688009 -0.23974302912010048 0.9348060191450948 0.9509167507019655
6.18 -0.5289690194505889 -0.2305368968018884 0.9394090853042006 0.9509167507019655
6.2 -0.5182285317460085 -0.22746818602915114 0.9440121514633066 0.95705417224744
6.22 -0.5090223994277967 -0.22746818602915114 0.9455465068496752 0.9616572384065459
6.24 -0.5013506224959535 -0.23360560757462567 0.9516839283951498 0.9770007922702324
6.26 -0.495213200950479 -0.23974302912010048 0.965493126872468 0.995413056906656
6.28 -0.49367884556411024 -0.25201787221104954 0.9793023253497857 1.016894032315817
6.3 -0.4890757794050043 -0.26275835991563 0.9915771684407348 1.0322375861795035
6.32 -0.4844727132458984 -0.279636269165685 1.0053863669180525 1.0491154954295585
6.34 -0.4814040024731611 -0.29651417841574 1.0145924992362643 1.0736651816114569
6.36 -0.4798696470867925 -0.3179951538249012 1.0191955653953702 1.0951461570206178
6.38 -0.4783352917004239 -0.3410104846204307 1.0176612100090017 1.1181614878161472
6.4 -0.47373222554131794 -0.37016323696143477 1.0176612100090017 1.1335050416798338
6.42 -0.46912915938221206 -0.39778163391607047 1.0176612100090017 1.1473142401571517
6.44 -0.4614573824503689 -0.4269343862570745 1.0176612100090017 1.1565203724753634
6.46 -0.4553199609048942 -0.4576214939844475 1.0176612100090017 1.1641921494072065
6.48 -0.4476481839730511 -0.48984295709818887 1.0176612100090017 1.1641921494072065
6.5 -0.44151076242757636 -0.5174613540528246 1.0191955653953702 1.1611234386344693
6.52 -0.4461138285866825 -0.5389423294619855 1.0191955653953702 1.153451661702626
6.54 -0.4445794732003139 -0.5604233048711463 1.0176612100090017 1.141176818611677
6.56 -0.44151076242757636 -0.5773012141212014 1.0176612100090017 1.1319706862934653
6.58 -0.44151076242757636 -0.5941791233712566 1.0176612100090017 1.1074210001115667
6.6 -0.43844205165483907 -0.6079883218485743 1.0176612100090017 1.0828713139296686
6.62 -0.4353733408821018 -0.6187288095531548 1.0176612100090017 1.059855983134139
6.64 -0.4307702747229959 -0.6279349418713666 1.0176612100090017 1.0307032307931348
6.66 -0.42616720856389 -0.6340723634168411 1.0176612100090017 1.0184283877021856
6.68 -0.42156414240478407 -0.638675429575947 1.0145924992362643 1.0030848338384992
6.7 -0.41849543163204683 -0.638675429575947 1.0130581438498958 0.9846725692020756
6.72 -0.4169610762456782 -0.6356067188032097 1.0145924992362643 0.9493823953155969
6.74 -0.41542672085930954 -0.6340723634168411 1.0130581438498958 0.9171609322018554
6.76 -0.409289299313835 -0.6310036526441039 1.0130581438498958 0.9002830229518002
6.78 -0.4000831669956232 -0.6279349418713666 1.0145924992362643 0.8818707583153765
6.8 -0.3862739685183055 -0.6233318757122607 1.0145924992362643 0.8726646259971648
6.82 -0.37093041465461885 -0.6187288095531548 1.0130581438498958 0.8726646259971648
6.84 -0.3525181500181952 -0.6110570326213116 1.0099894330771584 0.8772676921562707
6.86 -0.3387089515408775 -0.6033852556894684 1.0053863669180525 0.8864738244744825
6.88 -0.31876233151808525 -0.592644767984888 0.9931115238271034 0.897214312179063
6.9 -0.30188442226803 -0.5819042802803075 0.9777679699634171 0.9079547998836435
6.92 -0.2834721576316063 -0.5680950818029895 0.9593557053269934 0.9202296429745926
6.94 -0.26812860376791997 -0.5558202387120404 0.9424777960769379 0.9309701306791731
6.96 -0.2558537606769709 -0.5420110402347228 0.9348060191450948 0.940176262997385
6.98 -0.24664762835875909 -0.528201841757405 0.9332716637587262 0.9463136845428596
7.0 -0.24511327297239047 -0.5174613540528246 0.9394090853042006 0.952451106088334
7.02 -0.24511327297239047 -0.5067208663482439 0.9501495730087811 0.9539854614747028
7.04 -0.24818198374512773 -0.49751473403003205 0.9731649038043112 0.9555198168610713
7.06 -0.24971633913149635 -0.4913773124845575 0.9977145899862093 0.9693290153383891
7.08 -0.2589224714497082 -0.4913773124845575 1.0207299207817389 0.983138213815707
7.1 -0.26505989299518273 -0.4883086017118202 1.0299360530999506 0.9969474122930246
7.12 -0.2865408684043436 -0.48370553555271434 1.0468139623500057 1.0092222553839738
7.14 -0.3034187776543986 -0.4791024693936084 1.0682949377591666 1.016894032315817
7.16 -0.32643410844992843 -0.4775681140072398 1.0943789793274339 1.0184283877021856
7.18 -0.3479150838590893 -0.47603375862087116 1.1219973762820694 1.0184283877021856
7.2 -0.37399912542735614 -0.4714306924617652 1.1388752855321242 1.0184283877021856
7.22 -0.4031518777683604 -0.4652932709162907 1.1496157732367047 1.0184283877021856
7.24 -0.4338389854957332 -0.4545527832117102 1.157287550168548 1.0184283877021856
7.26 -0.46606044860947476 -0.44688100627986704 1.161890616327654 1.0184283877021856
7.28 -0.4998162671095849 -0.44227794012076094 1.161890616327654 1.0199627430885543
7.3 -0.5305033748369578 -0.437674873961655 1.1603562609412852 1.0199627430885543
7.32 -0.5565874164052246 -0.4330718078025491 1.1526844840094421 1.0184283877021856
7.34 -0.5780683918143855 -0.4300030970298118 1.1419439963048617 1.0199627430885543
7.36 -0.598015011837178 -0.42540003087070594 1.1250660870548066 1.0184283877021856
7.38 -0.610289854928127 -0.42233132009796864 1.106653822418383 1.0184283877021856
7.4 -0.6225646980190761 -0.41772825393886276 1.0805697808501158 1.0199627430885543
7.42 -0.6317708303372881 -0.4161938985524941 1.0575544500545861 1.0184283877021856
7.44 -0.636373896496394 -0.4131251877797568 1.0299360530999506 1.0184283877021856
7.46 -0.6394426072691313 -0.4115908323933882 1.0099894330771584 1.0199627430885543
7.48 -0.6409769626554999 -0.4069877662342823 0.9885084576679976 1.0184283877021856
7.5 -0.6409769626554999 -0.4023847000751764 0.9670274822588366 1.0184283877021856
7.52 -0.6394426072691313 -0.39778163391607047 0.9562869945542557 1.016894032315817
7.54 -0.636373896496394 -0.39164421237059593 0.9516839283951498 1.0107566107703425
7.56 -0.6333051857236567 -0.38397243543875276 0.9470808622360438 1.0061535446112364
7.58 -0.627167764178182 -0.3763006585069096 0.9424777960769379 1.0000161230657618
7.6 -0.6210303426327075 -0.36402581541596024 0.9394090853042006 0.9923443461339188
7.62 -0.6118242103144956 -0.3548196830977484 0.9348060191450948 0.9877412799748129
7.64 -0.6010837226099153 -0.3379417738476934 0.9332716637587262 0.9816038584293383
7.66 -0.5903432349053347 -0.32259821998400706 0.9317373083723575 0.978535147656601
7.68 -0.5780683918143855 -0.30572031073395184 0.9302029529859889 0.9723977261111264
7.7 -0.5673279041098052 -0.28577369071115954 0.9286685975996203 0.9677946599520204
7.72 -0.5565874164052246 -0.26889578146110454 0.9271342422132516 0.9616572384065459
7.74 -0.5489156394733814 -0.25048351682468095 0.9302029529859889 0.9555198168610713
7.76 -0.5381751517688009 -0.23667431834736297 0.9348060191450948 0.9539854614747028
7.78 -0.5289690194505889 -0.22746818602915114 0.9394090853042006 0.9539854614747028
7.8 -0.5197628871323772 -0.22439947525641388 0.9440121514633066 0.9585885276338086
7.82 -0.5090223994277967 -0.22439947525641388 0.9455465068496752 0.9631915937929145
7.84 -0.5013506224959535 -0.2290025414155198 0.9501495730087811 0.9800695030429697
7.86 -0.49367884556411024 -0.23667431834736297 0.965493126872468 0.9969474122930246
7.88 -0.4921444901777416 -0.24741480605194366 0.9793023253497857 1.016894032315817
7.9 -0.4890757794050043 -0.25815529375652413 0.9931115238271034 1.0353062969522406
7.92 -0.4844727132458984 -0.2765675583929477 1.0069207223044212 1.0506498508159272
7.94 -0.4798696470867925 -0.29497982302937137 1.016126854622633 1.0736651816114569
7.96 -0.4783352917004239 -0.3179951538249012 1.0207299207817389 1.093611801634249
7.98 -0.4752665809276866 -0.3410104846204307 1.0191955653953702 1.1166271324297787
8.0 -0.46912915938221206 -0.37016323696143477 1.0207299207817389 1.1335050416798338
8.02 -0.4645260932231061 -0.39778163391607047 1.0207299207817389 1.1473142401571517
8.04 -0.4583886716776315 -0.4284687416434432 1.0191955653953702 1.1580547278617321
8.06 -0.4507168947457884 -0.45608713859807887 1.0207299207817389 1.1641921494072065
8.08 -0.4476481839730511 -0.4867742463254516 1.0207299207817389 1.1641921494072065
8.1 -0.4399764070412077 -0.5143926432800873 1.0191955653953702 1.1595890832481006
8.12 -0.44304511781394496 -0.5389423294619855 1.0207299207817389 1.1519173063162575
8.14 -0.44304511781394496 -0.5634920156438836 1.0207299207817389 1.1427111739980458
8.16 -0.43844205165483907 -0.5803699248939387 1.0207299207817389 1.1273676201343594
8.18 -0.4369076962684704 -0.5972478341439938 1.0207299207817389 1.1074210001115667
8.2 -0.4338389854957332 -0.6110570326213116 1.0207299207817389 1.0844056693160373
8.22 -0.43230463010936454 -0.6217975203258921 1.0191955653953702 1.059855983134139
8.24 -0.4277015639502586 -0.6294692972577353 1.0191955653953702 1.0353062969522406
8.26 -0.42463285317752136 -0.6356067188032097 1.0176612100090017 1.0230314538612917
8.28 -0.4200297870184154 -0.6371410741895784 1.016126854622633 1.0092222553839738
8.3 -0.4169610762456782 -0.6356067188032097 1.0145924992362643 0.9862069245884442
8.32 -0.41542672085930954 -0.6340723634168411 1.016126854622633 0.952451106088334
8.34 -0.41235801008657225 -0.6325380080304726 1.0130581438498958 0.9294357752928044
8.36 -0.4062205885410977 -0.6310036526441039 1.0099894330771584 0.9156265768154866
8.38 -0.39854881160925454 -0.6279349418713666 1.0099894330771584 0.9018173783381689
8.4 -0.38473961313193683 -0.6217975203258921 1.0099894330771584 0.8895425352472198
8.42 -0.37093041465461885 -0.6171944541667862 1.00845507769079 0.8788020475426394
8.44 -0.3525181500181952 -0.609522677234943 1.0053863669180525 0.8803364029290079
8.46 -0.33717459615450884 -0.6018509003030998 1.0038520115316838 0.8864738244744825
8.48 -0.31876233151808525 -0.592644767984888 0.9961802345998407 0.897214312179063
8.5 -0.3003500668816613 -0.5819042802803075 0.982371036122523 0.9079547998836435
8.52 -0.28193780224523773 -0.5696294371893582 0.9624244160997307 0.9186952875882239
8.54 -0.2665942483815514 -0.5558202387120404 0.9455465068496752 0.9294357752928044
8.56 -0.25431940529060226 -0.5420110402347228 0.937874729917832 0.9386419076110163
8.58 -0.24511327297239047 -0.5297361971437736 0.9348060191450948 0.9447793291564909
8.6 -0.24511327297239047 -0.5174613540528246 0.9409434406905693 0.9493823953155969
8.62 -0.24357891758602182 -0.5067208663482439 0.9486152176224125 0.952451106088334
8.64 -0.24818198374512773 -0.49751473403003205 0.9700961930315739 0.95705417224744
8.66 -0.24971633913149635 -0.48984295709818887 0.994645879213472 0.9693290153383891
8.68 -0.2589224714497082 -0.4883086017118202 1.0145924992362643 0.983138213815707
8.7 -0.26505989299518273 -0.4867742463254516 1.0268673423272134 0.995413056906656
8.72 -0.28193780224523773 -0.48370553555271434 1.0437452515772685 1.0076878999976053
8.74 -0.29881571149529274 -0.4791024693936084 1.0636918716000607 1.016894032315817
8.76 -0.32029668690445384 -0.47603375862087116 1.0897759131683276 1.0199627430885543
8.78 -0.3417776623136148 -0.47603375862087116 1.1143255993502261 1.021497098474923
8.8 -0.3647929931091443 -0.4744994032345025 1.1342722193730184 1.021497098474923
8.82 -0.39087703467741136 -0.46989633707539663 1.1496157732367047 1.021497098474923
8.84 -0.4200297870184154 -0.4606902047571848 1.1588219055549167 1.021497098474923
8.86 -0.4507168947457884 -0.451484072438973 1.161890616327654 1.0199627430885543
8.88 -0.4798696470867925 -0.44534665089349845 1.161890616327654 1.021497098474923
8.9 -0.5105567548141653 -0.4407435847343923 1.161890616327654 1.021497098474923
8.92 -0.5397095071551695 -0.43614051857528635 1.1542188393958106 1.021497098474923
8.94 -0.5611904825643305 -0.4330718078025491 1.1465470624639675 1.021497098474923
8.96 -0.5811371025871228 -0.4300030970298118 1.1296691532139125 1.021497098474923
8.98 -0.5934119456780719 -0.4269343862570745 1.1127912439638574 1.021497098474923
9.0 -0.6056867887690212 -0.4238656754843373 1.0897759131683276 1.021497098474923
9.02 -0.6164272764736016 -0.4207969647116 1.0698292931455353 1.021497098474923
9.04 -0.6210303426327075 -0.41772825393886276 1.0437452515772685 1.021497098474923
9.06 -0.6256334087918134 -0.4161938985524941 1.0176612100090017 1.021497098474923
9.08 -0.6256334087918134 -0.4115908323933882 1.0023176561453153 1.021497098474923
9.1 -0.627167764178182 -0.40852212162065094 0.9900428130543661 1.0199627430885543
9.12 -0.6256334087918134 -0.40545341084791364 0.965493126872468 1.0199627430885543
9.14 -0.6240990534054448 -0.40085034468880776 0.9578213499406248 1.0184283877021856
9.16 -0.6194959872463388 -0.3931785677569646 0.9501495730087811 1.0138253215430797
9.18 -0.6148929210872329 -0.38704114621149 0.9486152176224125 1.0076878999976053
9.2 -0.6072211441553897 -0.3778350138932782 0.9455465068496752 1.004619189224868
9.22 -0.5995493672235466 -0.3670945261886975 0.9409434406905693 0.9984817676793933
9.24 -0.5903432349053347 -0.35328532771137977 0.9394090853042006 0.9908099907475502
9.26 -0.5796027472007542 -0.33947612923406206 0.937874729917832 0.9892756353611815
9.28 -0.5688622594961737 -0.32259821998400706 0.9363403745314635 0.9862069245884442
9.3 -0.5581217717915932 -0.30572031073395184 0.9363403745314635 0.9846725692020756
9.32 -0.5489156394733814 -0.2903767568702655 0.9317373083723575 0.9800695030429697
9.34 -0.5412438625415382 -0.27503320300657913 0.9332716637587262 0.9754664368838637
9.36 -0.5305033748369578 -0.26429271530199866 0.937874729917832 0.9754664368838637
9.38 -0.5228315979051145 -0.2566209383701555 0.9424777960769379 0.9754664368838637
9.4 -0.512091110200534 -0.2535522275974182 0.9440121514633066 0.9800695030429697
9.42 -0.5028849778823221 -0.2535522275974182 0.9470808622360438 0.983138213815707
9.44 -0.4967475563368476 -0.2596896491428927 0.954752639167887 0.9984817676793933
9.46 -0.4921444901777416 -0.2658270706883673 0.9670274822588366 1.0138253215430797
9.48 -0.49061013479137294 -0.27810191377931637 0.9793023253497857 1.0353062969522406
9.5 -0.48600706863226706 -0.2873080460975282 0.9900428130543661 1.0491154954295585
9.52 -0.4798696470867925 -0.3041859553475832 1.0038520115316838 1.0644590492932449
9.54 -0.47680093631405523 -0.32259821998400706 1.0130581438498958 1.0828713139296686
9.56 -0.47680093631405523 -0.3456135507795366 1.0191955653953702 1.1043522893388296
9.58 -0.4752665809276866 -0.3670945261886975 1.0207299207817389 1.1227645539752533
9.6 -0.4721978701549493 -0.39164421237059593 1.0207299207817389 1.1381081078389397
9.62 -0.46912915938221206 -0.41772825393886276 1.0207299207817389 1.1503829509298888
9.64 -0.4614573824503689 -0.44534665089349845 1.0207299207817389 1.1595890832481006
9.66 -0.45685431629126283 -0.47296504784813387 1.0207299207817389 1.1657265047935752
9.68 -0.4507168947457884 -0.5036521555755066 1.0207299207817389 1.1641921494072065
9.7 -0.4476481839730511 -0.5297361971437736 1.0191955653953702 1.1595890832481006
9.72 -0.4461138285866825 -0.5542858833256719 1.0191955653953702 1.1519173063162575
9.74 -0.4445794732003139 -0.5742325033484641 1.0191955653953702 1.1396424632253084
9.76 -0.44151076242757636 -0.5911104125985194 1.0191955653953702 1.1258332647479907
9.78 -0.4399764070412077 -0.6064539664622057 1.0207299207817389 1.1043522893388296
9.8 -0.43844205165483907 -0.6187288095531548 1.0191955653953702 1.0828713139296686
9.82 -0.4369076962684704 -0.6279349418713666 1.0191955653953702 1.055252916975033
9.84 -0.4338389854957332 -0.6356067188032097 1.0191955653953702 1.0368406523386093
9.86 -0.4307702747229959 -0.638675429575947 1.016126854622633 1.0261001646340289
9.88 -0.42616720856389 -0.6402097849623157 1.0130581438498958 1.0122909661567112
9.9 -0.42463285317752136 -0.6402097849623157 1.0130581438498958 0.9877412799748129
9.92 -0.42156414240478407 -0.6371410741895784 1.0130581438498958 0.9493823953155969
9.94 -0.42156414240478407 -0.6356067188032097 1.011523788463527 0.9186952875882239
9.96 -0.4138923654729409 -0.6310036526441039 1.0130581438498958 0.897214312179063
9.98 -0.40468623315472907 -0.6294692972577353 1.0130581438498958 0.8757333367699021
10.0 -0.3893426792910427 -0.6248662310986294 1.0130581438498958 0.8711302706107962
10.02 -0.37399912542735614 -0.6202631649395234 1.011523788463527 0.8711302706107962
10.04 -0.3555868607909325 -0.6125913880076802 1.00845507769079 0.8772676921562707
10.06 -0.3417776623136148 -0.6033852556894684 1.0023176561453153 0.8849394690881138
10.08 -0.32336539767719114 -0.592644767984888 0.9915771684407348 0.897214312179063
10.1 -0.3080218438135048 -0.5803699248939387 0.9762336145770485 0.9094891552700122
10.12 -0.29114393456344956 -0.5665607264166209 0.9578213499406248 0.9217639983609612
10.14 -0.27426602531339456 -0.5542858833256719 0.9424777960769379 0.9325044860655417
10.16 -0.26199118222244544 -0.5389423294619855 0.9332716637587262 0.940176262997385
10.18 -0.2527850499042336 -0.5266674863710363 0.9332716637587262 0.9463136845428596
10.2 -0.24971633913149635 -0.515926998666456 0.9394090853042006 0.9509167507019655
10.22 -0.24818198374512773 -0.5067208663482439 0.9486152176224125 0.952451106088334
10.24 -0.24971633913149635 -0.49751473403003205 0.9700961930315739 0.9555198168610713
10.26 -0.251250694517865 -0.4913773124845575 0.994645879213472 0.9677946599520204
10.28 -0.2589224714497082 -0.48984295709818887 1.0176612100090017 0.9800695030429697
10.3 -0.26505989299518273 -0.4883086017118202 1.0314704084863193 0.995413056906656
10.32 -0.28193780224523773 -0.48370553555271434 1.0437452515772685 1.0076878999976053
10.34 -0.29881571149529274 -0.48063682477997705 1.0636918716000607 1.016894032315817
10.36 -0.32029668690445384 -0.4775681140072398 1.0882415577819589 1.021497098474923
10.38 -0.3417776623136148 -0.47603375862087116 1.1158599547365948 1.0199627430885543
10.4 -0.3647929931091443 -0.4744994032345025 1.1342722193730184 1.0199627430885543
10.42 -0.39087703467741136 -0.468361981689028 1.1511501286230734 1.0199627430885543
10.44 -0.4200297870184154 -0.45915584937081616 1.1557531947821793 1.021497098474923
10.46 -0.4476481839730511 -0.451484072438973 1.161890616327654 1.021497098474923
10.48 -0.4783352917004239 -0.44534665089349845 1.161890616327654 1.021497098474923
10.5 -0.5059536886550594 -0.43920922934802364 1.161890616327654 1.021497098474923
10.52 -0.5351064409960636 -0.43460616318891776 1.1542188393958106 1.0199627430885543
10.54 -0.5611904825643305 -0.43153745241618047 1.1450127070775988 1.021497098474923
10.56 -0.5811371025871228 -0.4269343862570745 1.1296691532139125 1.021497098474923
10.58 -0.5964806564508092 -0.4238656754843373 1.1127912439638574 1.021497098474923
10.6 -0.6072211441553897 -0.4207969647116 1.0897759131683276 1.021497098474923
10.62 -0.6164272764736016 -0.41772825393886276 1.0682949377591666 1.021497098474923
10.64 -0.6240990534054448 -0.41465954316612547 1.0437452515772685 1.021497098474923
10.66 -0.627167764178182 -0.4115908323933882 1.0176612100090017 1.021497098474923
10.68 -0.627167764178182 -0.40852212162065094 1.0023176561453153 1.021497098474923
10.7 -0.627167764178182 -0.40545341084791364 0.9869741022816289 1.0199627430885543
10.72 -0.6256334087918134 -0.4023847000751764 0.9670274822588366 1.0199627430885543
10.74 -0.6240990534054448 -0.3993159893024391 0.9624244160997307 1.016894032315817
10.76 -0.6194959872463388 -0.3901098569842273 0.9578213499406248 1.0122909661567112
10.78 -0.6148929210872329 -0.38397243543875276 0.954752639167887 1.0076878999976053
10.8 -0.6072211441553897 -0.37323194773417206 0.9516839283951498 1.0030848338384992
10.82 -0.5995493672235466 -0.3624914600295916 0.9455465068496752 0.9969474122930246
10.84 -0.5903432349053347 -0.35021661693864253 0.9455465068496752 0.9923443461339188
10.86 -0.5811371025871228 -0.33640741846132477 0.9424777960769379 0.9892756353611815
10.88 -0.5688622594961737 -0.31952950921126977 0.9424777960769379 0.9846725692020756
10.9 -0.5596561271779618 -0.3041859553475832 0.937874729917832 0.9846725692020756
10.92 -0.5489156394733814 -0.2873080460975282 0.9348060191450948 0.9800695030429697
10.94 -0.5397095071551695 -0.2734988476202105 0.9348060191450948 0.9770007922702324
10.96 -0.5305033748369578 -0.26275835991563 0.9394090853042006 0.9770007922702324
10.98 -0.5228315979051145 -0.25508658298378684 0.9424777960769379 0.9770007922702324
11.0 -0.512091110200534 -0.25201787221104954 0.9440121514633066 0.9816038584293383
11.02 -0.5028849778823221 -0.25201787221104954 0.9486152176224125 0.9846725692020756
11.04 -0.4967475563368476 -0.2566209383701555 0.9562869945542557 0.9969474122930246
11.06 -0.4921444901777416 -0.26275835991563 0.9685618376452053 1.0122909661567112
11.08 -0.49061013479137294 -0.2734988476202105 0.9793023253497857 1.0307032307931348
11.1 -0.48600706863226706 -0.2842393353247909 0.9915771684407348 1.0475811400431898
11.12 -0.4798696470867925 -0.29958288918847725 1.0053863669180525 1.0613903385205077
11.14 -0.4783352917004239 -0.31646079843853253 1.0145924992362643 1.0798026031569314
11.16 -0.47680093631405523 -0.33640741846132477 1.0207299207817389 1.0997492231797237
11.18 -0.4752665809276866 -0.3594227492568543 1.0207299207817389 1.1181614878161472
11.2 -0.4721978701549493 -0.38397243543875276 1.0207299207817389 1.1350393970662025
11.22 -0.46912915938221206 -0.4069877662342823 1.0207299207817389 1.1488485955435201
11.24 -0.4645260932231061 -0.43614051857528635 1.0207299207817389 1.1580547278617321
11.26 -0.4583886716776315 -0.46222456014355345 1.0207299207817389 1.1657265047935752
11.28 -0.4537856055185257 -0.48984295709818887 1.0207299207817389 1.1657265047935752
11.3 -0.4476481839730511 -0.515926998666456 1.0207299207817389 1.162657794020838
11.32 -0.4461138285866825 -0.5374079740756168 1.0207299207817389 1.1519173063162575
11.34 -0.4461138285866825 -0.5558202387120404 1.0207299207817389 1.1442455293844143
11.36 -0.4461138285866825 -0.5711637925757268 1.0207299207817389 1.1381081078389397
11.38 -0.4445794732003139 -0.5849729910530448 1.0207299207817389 1.1135584216570413
11.4 -0.44304511781394496 -0.5987821895303626 1.0207299207817389 1.090543090861512
11.42 -0.44151076242757636 -0.609522677234943 1.0207299207817389 1.069062115452351
11.44 -0.43844205165483907 -0.6171944541667862 1.0207299207817389 1.0506498508159272
11.46 -0.4353733408821018 -0.6233318757122607 1.0191955653953702 1.038375007724978
11.48 -0.43230463010936454 -0.6248662310986294 1.0176612100090017 1.029168875406766
11.5 -0.4307702747229959 -0.6248662310986294 1.016126854622633 1.016894032315817
11.52 -0.4277015639502586 -0.6217975203258921 1.0176612100090017 0.983138213815707
11.54 -0.4277015639502586 -0.6217975203258921 1.0176612100090017 0.9509167507019655
11.56 -0.4230984977911527 -0.6187288095531548 1.016126854622633 0.935573196838279
11.58 -0.4138923654729409 -0.6156600987804175 1.016126854622633 0.9294357752928044
11.6 -0.4031518777683604 -0.6110570326213116 1.0145924992362643 0.9232983537473299
11.62 -0.39087703467741136 -0.6033852556894684 1.0145924992362643 0.9140922214291181
11.64 -0.37399912542735614 -0.5957134787576253 1.011523788463527 0.9048860891109063
11.66 -0.3601899269500384 -0.5880417018257821 1.0099894330771584 0.9064204444972749
11.68 -0.3433120176999834 -0.5773012141212014 1.0053863669180525 0.9125578660427495
11.7 -0.3248997530635598 -0.5696294371893582 0.994645879213472 0.9186952875882239
11.72 -0.3080218438135048 -0.5573545940984092 0.9808366807361544 0.9263670645200671
11.74 -0.29267828994981815 -0.5466141063938287 0.9670274822588366 0.9340388414519103
11.76 -0.2804034468588691 -0.5343392633028796 0.9593557053269934 0.940176262997385
11.78 -0.27426602531339456 -0.5220644202119304 0.9593557053269934 0.9463136845428596
11.8 -0.2727316699270259 -0.5113239325073498 0.965493126872468 0.9509167507019655
11.82 -0.2727316699270259 -0.5005834448027693 0.9746992591906798 0.952451106088334
11.84 -0.27580038069976315 -0.49291166787092616 0.9931115238271034 0.9631915937929145
11.86 -0.2773347360861318 -0.4867742463254516 1.011523788463527 0.9754664368838637
11.88 -0.28807522379071226 -0.4883086017118202 1.0284016977135821 0.9892756353611815
11.9 -0.29574700072255544 -0.485239890939083 1.0391421854181626 1.0000161230657618
11.92 -0.31262490997261067 -0.4821711801663457 1.0575544500545861 1.0092222553839738
11.94 -0.3310371746090343 -0.4791024693936084 1.0775010700773784 1.0153596769294484
11.96 -0.3525181500181952 -0.47603375862087116 1.1020507562592772 1.0184283877021856
11.98 -0.37399912542735614 -0.47603375862087116 1.1266004424411753 1.0184283877021856
12.0 -0.3970144562228859 -0.47296504784813387 1.1450127070775988 1.0184283877021856
12.02 -0.42463285317752136 -0.468361981689028 1.157287550168548 1.0184283877021856
12.04 -0.45225125013215706 -0.46222456014355345 1.1603562609412852 1.0184283877021856
12.06 -0.4814040024731611 -0.4545527832117102 1.161890616327654 1.0184283877021856
12.08 -0.5105567548141653 -0.44534665089349845 1.161890616327654 1.0184283877021856
12.1 -0.5366407963824322 -0.4407435847343923 1.1603562609412852 1.0184283877021856
12.12 -0.562724837950699 -0.43614051857528635 1.1496157732367047 1.0199627430885543
12.14 -0.5857401687462287 -0.4330718078025491 1.1388752855321242 1.0184283877021856
12.16 -0.6056867887690212 -0.4284687416434432 1.118928665509332 1.0184283877021856
12.18 -0.6194959872463388 -0.4269343862570745 1.0989820454865398 1.0184283877021856
12.2 -0.6302364749509193 -0.4238656754843373 1.0759667146910097 1.0184283877021856
12.22 -0.6379082518827626 -0.42233132009796864 1.0529513838954803 1.0184283877021856
12.24 -0.6425113180418686 -0.42233132009796864 1.0253329869408447 1.0184283877021856
12.26 -0.6440456734282372 -0.41926260932523135 1.0069207223044212 1.0184283877021856
12.28 -0.6455800288146057 -0.41465954316612547 0.9885084576679976 1.016894032315817
12.3 -0.6440456734282372 -0.4115908323933882 0.9608900607133621 1.016894032315817
12.32 -0.6409769626554999 -0.40545341084791364 0.9409434406905693 1.0184283877021856
12.34 -0.6379082518827626 -0.40085034468880776 0.9332716637587262 1.0138253215430797
12.36 -0.6333051857236567 -0.3931785677569646 0.9286685975996203 1.0076878999976053
12.38 -0.627167764178182 -0.38704114621149 0.9240655314405143 1.004619189224868
12.4 -0.6210303426327075 -0.3747663031205407 0.9194624652814084 0.9969474122930246
12.42 -0.6118242103144956 -0.36402581541596024 0.9133250437359339 0.9923443461339188
12.44 -0.6026180779962839 -0.35021661693864253 0.9133250437359339 0.9862069245884442
12.46 -0.5918775902917033 -0.3348730630749562 0.9117906883495652 0.9846725692020756
12.48 -0.5826714579734915 -0.31646079843853253 0.9117906883495652 0.978535147656601
12.5 -0.571930970268911 -0.29651417841574 0.9117906883495652 0.9723977261111264
12.52 -0.5611904825643305 -0.2765675583929477 0.9194624652814084 0.9616572384065459
12.54 -0.55044999485975 -0.2596896491428927 0.9286685975996203 0.9539854614747028
12.56 -0.5397095071551695 -0.24741480605194366 0.9332716637587262 0.9509167507019655
12.58 -0.5289690194505889 -0.23820867373373159 0.9394090853042006 0.9478480399292282
12.6 -0.5166941763596399 -0.23667431834736297 0.9440121514633066 0.952451106088334
12.62 -0.5074880440414281 -0.23820867373373159 0.9486152176224125 0.95705417224744
12.64 -0.49828191172321623 -0.2412773845064691 0.9516839283951498 0.9723977261111264
12.66 -0.48754142401863565 -0.24741480605194366 0.9562869945542557 0.9923443461339188
12.68 -0.48293835785952977 -0.25815529375652413 0.9685618376452053 1.0184283877021856
12.7 -0.4783352917004239 -0.26889578146110454 0.9839053915088917 1.038375007724978
12.72 -0.4798696470867925 -0.28577369071115954 0.9961802345998407 1.0567872723614018
12.74 -0.47680093631405523 -0.29958288918847725 1.0099894330771584 1.0721308262250882
12.76 -0.47373222554131794 -0.3179951538249012 1.0207299207817389 1.090543090861512
12.78 -0.4721978701549493 -0.33947612923406206 1.0207299207817389 1.1104897108843041
12.8 -0.46912915938221206 -0.3655601708023289 1.0222642761681076 1.1319706862934653
12.82 -0.4675948039958434 -0.38704114621149 1.0222642761681076 1.1473142401571517
12.84 -0.46299173783673747 -0.4131251877797568 1.0207299207817389 1.1580547278617321
12.86 -0.4537856055185257 -0.43920922934802364 1.0207299207817389 1.1641921494072065
12.88 -0.4461138285866825 -0.46682762630265934 1.0207299207817389 1.1657265047935752
12.9 -0.44151076242757636 -0.4944460232572948 1.0207299207817389 1.1641921494072065
12.92 -0.43844205165483907 -0.5205300648255619 1.0222642761681076 1.1565203724753634
12.94 -0.4369076962684704 -0.54507975100746 1.0207299207817389 1.1473142401571517
12.96 -0.4338389854957332 -0.5650263710302523 1.0207299207817389 1.1319706862934653
12.98 -0.4307702747229959 -0.5834386356666762 1.0222642761681076 1.11509277704341
13.0 -0.42923591933662725 -0.5987821895303626 1.0207299207817389 1.093611801634249
13.02 -0.42616720856389 -0.609522677234943 1.0222642761681076 1.0705964708387194
13.04 -0.42463285317752136 -0.6171944541667862 1.0207299207817389 1.0445124292704524
13.06 -0.42156414240478407 -0.6217975203258921 1.0207299207817389 1.0307032307931348
13.08 -0.4169610762456782 -0.6248662310986294 1.0207299207817389 1.0184283877021856
13.1 -0.41235801008657225 -0.6248662310986294 1.016126854622633 1.0107566107703425
13.12 -0.4062205885410977 -0.6233318757122607 1.016126854622633 0.9877412799748129
13.14 -0.40161752238199183 -0.6217975203258921 1.016126854622633 0.9601228830201772
13.16 -0.39394574545014865 -0.6202631649395234 1.0099894330771584 0.9509167507019655
13.18 -0.3862739685183055 -0.6156600987804175 1.0053863669180525 0.9493823953155969
13.2 -0.37706783620009365 -0.609522677234943 1.0038520115316838 0.9493823953155969
13.22 -0.3647929931091443 -0.6003165449167311 1.0023176561453153 0.9493823953155969
13.24 -0.34944943924545796 -0.5911104125985194 0.9961802345998407 0.9463136845428596
13.26 -0.3387089515408775 -0.5819042802803075 0.994645879213472 0.940176262997385
13.28 -0.3218310422908225 -0.5726981479620955 0.9961802345998407 0.9371075522246476
13.3 -0.30495313304076727 -0.5634920156438836 0.994645879213472 0.9309701306791731
13.32 -0.2865408684043436 -0.5527515279393032 0.994645879213472 0.9325044860655417
13.34 -0.27119731454065726 -0.54507975100746 0.9900428130543661 0.935573196838279
13.36 -0.2604568268360768 -0.5374079740756168 0.9869741022816289 0.940176262997385
13.38 -0.251250694517865 -0.5266674863710363 0.9885084576679976 0.9432449737701223
13.4 -0.251250694517865 -0.5174613540528246 0.9900428130543661 0.9447793291564909
13.42 -0.24971633913149635 -0.5097895771209812 0.9900428130543661 0.952451106088334
13.44 -0.25431940529060226 -0.5051865109618753 0.999248945372578 0.9616572384065459
13.46 -0.2558537606769709 -0.5005834448027693 1.011523788463527 0.9754664368838637
13.48 -0.2696629591542886 -0.4959803786436634 1.0284016977135821 0.9892756353611815
13.5 -0.2834721576316063 -0.49291166787092616 1.037607830031794 1.0000161230657618
13.52 -0.30188442226803 -0.48984295709818887 1.0575544500545861 1.0107566107703425
13.54 -0.32029668690445384 -0.48984295709818887 1.0821041362364843 1.016894032315817
13.56 -0.3433120176999834 -0.4883086017118202 1.1035851116456457 1.0199627430885543
13.58 -0.36786170388188155 -0.485239890939083 1.1266004424411753 1.0199627430885543
13.6 -0.4000831669956232 -0.4791024693936084 1.1388752855321242 1.0199627430885543
13.62 -0.42616720856389 -0.4744994032345025 1.1511501286230734 1.0184283877021856
13.64 -0.4583886716776315 -0.46682762630265934 1.157287550168548 1.0199627430885543
13.66 -0.48754142401863565 -0.4606902047571848 1.1603562609412852 1.0199627430885543
13.68 -0.5166941763596399 -0.45608713859807887 1.1603562609412852 1.0199627430885543
13.7 -0.5397095071551695 -0.451484072438973 1.1588219055549167 1.0199627430885543
13.72 -0.5642591933370679 -0.44688100627986704 1.1496157732367047 1.0199627430885543
13.74 -0.5826714579734915 -0.44381229550712953 1.1388752855321242 1.0199627430885543
13.76 -0.5995493672235466 -0.4407435847343923 1.1219973762820694 1.0184283877021856
13.78 -0.6133585657008643 -0.43920922934802364 1.1035851116456457 1.0199627430885543
13.8 -0.6240990534054448 -0.43614051857528635 1.079035425463747 1.0199627430885543
13.82 -0.6348395411100254 -0.43153745241618047 1.0529513838954803 1.0199627430885543
13.84 -0.6394426072691313 -0.4284687416434432 1.0284016977135821 1.0199627430885543
13.86 -0.6440456734282372 -0.4238656754843373 1.00845507769079 1.0199627430885543
13.88 -0.6471143842009744 -0.41772825393886276 0.9900428130543661 1.0184283877021856
13.9 -0.6455800288146057 -0.41465954316612547 0.9624244160997307 1.0184283877021856
13.92 -0.6425113180418686 -0.4100564770070196 0.9394090853042006 1.0184283877021856
13.94 -0.6394426072691313 -0.403919055461545 0.9332716637587262 1.0138253215430797
13.96 -0.6348395411100254 -0.3962472785297018 0.9286685975996203 1.0076878999976053
13.98 -0.6287021195645507 -0.38857550159785864 0.9240655314405143 1.0030848338384992
14.0 -0.6210303426327075 -0.3763006585069096 0.9209968206677771 0.995413056906656
14.02 -0.6118242103144956 -0.3655601708023289 0.9148593991223025 0.9908099907475502
14.04 -0.6026180779962839 -0.35021661693864253 0.9163937545086711 0.9846725692020756
14.06 -0.5918775902917033 -0.33333870768858753 0.9148593991223025 0.9846725692020756
14.08 -0.5811371025871228 -0.3149264430521639 0.9148593991223025 0.9800695030429697
14.1 -0.5703966148825423 -0.29651417841574 0.9133250437359339 0.9739320814974951
14.12 -0.5596561271779618 -0.27503320300657913 0.9209968206677771 0.9647259491792832
14.14 -0.55044999485975 -0.2596896491428927 0.9286685975996203 0.95705417224744
14.16 -0.5397095071551695 -0.245880450665575 0.9348060191450948 0.952451106088334
14.18 -0.5289690194505889 -0.23513996296099432 0.9394090853042006 0.952451106088334
14.2 -0.5182285317460085 -0.23360560757462567 0.9440121514633066 0.95705417224744
14.22 -0.5090223994277967 -0.23360560757462567 0.9470808622360438 0.9616572384065459
14.24 -0.49828191172321623 -0.23667431834736297 0.9516839283951498 0.9754664368838637
14.26 -0.49061013479137294 -0.2412773845064691 0.9639587714860993 0.995413056906656
14.28 -0.48600706863226706 -0.25201787221104954 0.9746992591906798 1.0199627430885543
14.3 -0.4844727132458984 -0.2596896491428927 0.9900428130543661 1.0368406523386093
14.32 -0.4814040024731611 -0.2765675583929477 1.0038520115316838 1.0521842062022957
14.34 -0.4783352917004239 -0.2934454676430027 1.016126854622633 1.069062115452351
14.36 -0.4752665809276866 -0.3118577322794266 1.0222642761681076 1.0890087354751432
14.38 -0.4721978701549493 -0.33333870768858753 1.0207299207817389 1.1120240662706726
14.4 -0.4675948039958434 -0.36095710464322295 1.0207299207817389 1.1319706862934653
14.42 -0.46299173783673747 -0.3855067908251214 1.0222642761681076 1.145779884770783
14.44 -0.4537856055185257 -0.4131251877797568 1.0207299207817389 1.1549860170889947
14.46 -0.4476481839730511 -0.4407435847343923 1.0222642761681076 1.162657794020838
14.48 -0.44304511781394496 -0.4714306924617652 1.0222642761681076 1.1641921494072065
14.5 -0.4399764070412077 -0.4990490894164007 1.0222642761681076 1.1641921494072065
14.52 -0.4369076962684704 -0.5251331309846677 1.0222642761681076 1.1565203724753634
14.54 -0.4338389854957332 -0.5542858833256719 1.0207299207817389 1.1473142401571517
14.56 -0.4307702747229959 -0.5711637925757268 1.0207299207817389 1.1319706862934653
14.58 -0.4277015639502586 -0.5895760572121507 1.0222642761681076 1.1135584216570413
14.6 -0.42616720856389 -0.6033852556894684 1.0222642761681076 1.0920774462478804
14.62 -0.42463285317752136 -0.6110570326213116 1.0222642761681076 1.0705964708387194
14.64 -0.4230984977911527 -0.6187288095531548 1.0207299207817389 1.0445124292704524
14.66 -0.4200297870184154 -0.6217975203258921 1.0222642761681076 1.0322375861795035
14.68 -0.4169610762456782 -0.6217975203258921 1.0207299207817389 1.0199627430885543
14.7 -0.41235801008657225 -0.6217975203258921 1.016126854622633 1.016894032315817
14.72 -0.4062205885410977 -0.6217975203258921 1.0145924992362643 1.0092222553839738
14.74 -0.4000831669956232 -0.6202631649395234 1.0130581438498958 0.9846725692020756
14.76 -0.39087703467741136 -0.6171944541667862 1.0130581438498958 0.9662603045656518
14.78 -0.38167090235919954 -0.6125913880076802 1.0038520115316838 0.9631915937929145
14.8 -0.3693960592682502 -0.6064539664622057 0.999248945372578 0.9631915937929145
14.82 -0.35712121617730114 -0.6003165449167311 0.994645879213472 0.9601228830201772
14.84 -0.3433120176999834 -0.5895760572121507 0.9869741022816289 0.9601228830201772
14.86 -0.327968463836297 -0.5803699248939387 0.9839053915088917 0.9555198168610713
14.88 -0.3110905545862421 -0.5696294371893582 0.9839053915088917 0.9555198168610713
14.9 -0.29574700072255544 -0.5588889494847777 0.982371036122523 0.9555198168610713
14.92 -0.2804034468588691 -0.5466141063938287 0.9793023253497857 0.9539854614747028
14.94 -0.26505989299518273 -0.5374079740756168 0.9793023253497857 0.9493823953155969
14.96 -0.2527850499042336 -0.528201841757405 0.9793023253497857 0.9463136845428596
14.98 -0.24357891758602182 -0.5235987755982991 0.9808366807361544 0.9478480399292282
15.0 -0.24051020681328455 -0.5174613540528246 0.9839053915088917 0.952451106088334
15.02 -0.2389758514269159 -0.5113239325073498 0.9869741022816289 0.9616572384065459
15.04 -0.2389758514269159 -0.5067208663482439 0.9977145899862093 0.9677946599520204
15.06 -0.24818198374512773 -0.5005834448027693 1.00845507769079 0.978535147656601
15.08 -0.26505989299518273 -0.4959803786436634 1.0253329869408447 0.9923443461339188
15.1 -0.27886909147250044 -0.4944460232572948 1.037607830031794 1.0030848338384992
15.12 -0.2972813561089241 -0.4944460232572948 1.0575544500545861 1.0122909661567112
15.14 -0.31876233151808525 -0.4944460232572948 1.083638491622853 1.0153596769294484
15.16 -0.3433120176999834 -0.4913773124845575 1.1035851116456457 1.016894032315817
15.18 -0.37093041465461885 -0.4867742463254516 1.1250660870548066 1.0153596769294484
15.2 -0.40161752238199183 -0.4821711801663457 1.1373409301457558 1.0153596769294484
15.22 -0.43230463010936454 -0.4775681140072398 1.1496157732367047 1.0153596769294484
15.24 -0.4614573824503689 -0.4714306924617652 1.157287550168548 1.016894032315817
15.26 -0.4890757794050043 -0.468361981689028 1.1603562609412852 1.016894032315817
15.28 -0.5182285317460085 -0.4652932709162907 1.1603562609412852 1.0153596769294484
15.3 -0.5412438625415382 -0.46222456014355345 1.1588219055549167 1.016894032315817
15.32 -0.562724837950699 -0.4606902047571848 1.1511501286230734 1.0153596769294484
15.34 -0.5796027472007542 -0.45915584937081616 1.140409640918493 1.0153596769294484
15.36 -0.5964806564508092 -0.4576214939844475 1.123531731668438 1.016894032315817
15.38 -0.610289854928127 -0.4576214939844475 1.1035851116456457 1.016894032315817
15.4 -0.6225646980190761 -0.4545527832117102 1.0805697808501158 1.0153596769294484
15.42 -0.6317708303372881 -0.451484072438973 1.0529513838954803 1.016894032315817
15.44 -0.6379082518827626 -0.4484153616662357 1.0268673423272134 1.016894032315817
15.46 -0.6425113180418686 -0.44534665089349845 1.0069207223044212 1.0153596769294484
15.48 -0.6440456734282372 -0.43920922934802364 0.9869741022816289 1.0153596769294484
15.5 -0.6440456734282372 -0.43614051857528635 0.9562869945542557 1.0138253215430797
15.52 -0.6409769626554999 -0.4330718078025491 0.9271342422132516 1.0153596769294484
15.54 -0.6394426072691313 -0.4284687416434432 0.9117906883495652 1.0138253215430797
15.56 -0.6348395411100254 -0.41772825393886276 0.8979814898722475 1.0138253215430797
15.58 -0.6302364749509193 -0.40852212162065094 0.8949127790995103 1.0138253215430797
15.6 -0.6225646980190761 -0.39778163391607047 0.8933784237131416 1.0092222553839738
15.62 -0.6148929210872329 -0.3855067908251214 0.8903097129404043 1.0030848338384992
15.64 -0.6056867887690212 -0.3686288815750661 0.8903097129404043 0.9969474122930246
15.66 -0.5949463010644406 -0.3517509723250111 0.891844068326773 0.9938787015202873
15.68 -0.5842058133598601 -0.33026999691585024 0.8979814898722475 0.9862069245884442
15.7 -0.5734653256552796 -0.310323376893058 0.9102563329631966 0.9800695030429697
15.72 -0.562724837950699 -0.28884240148389684 0.9209968206677771 0.9662603045656518
15.74 -0.55044999485975 -0.27196449223384184 0.9286685975996203 0.9539854614747028
15.76 -0.5397095071551695 -0.25815529375652413 0.9363403745314635 0.9478480399292282
15.78 -0.5274346640642203 -0.24741480605194366 0.9424777960769379 0.9447793291564909
15.8 -0.5151598209732713 -0.2443460952792064 0.9455465068496752 0.9493823953155969
15.82 -0.5059536886550594 -0.2443460952792064 0.9501495730087811 0.9555198168610713
15.84 -0.4967475563368476 -0.2443460952792064 0.9532182837815184 0.9723977261111264
15.86 -0.4890757794050043 -0.24741480605194366 0.9624244160997307 0.995413056906656
15.88 -0.4844727132458984 -0.2566209383701555 0.9762336145770485 1.0199627430885543
15.9 -0.48293835785952977 -0.26122400452926137 0.9900428130543661 1.038375007724978
15.92 -0.4814040024731611 -0.2765675583929477 1.0053863669180525 1.0506498508159272
15.94 -0.4783352917004239 -0.2934454676430027 1.0191955653953702 1.069062115452351
15.96 -0.47373222554131794 -0.31339208766579524 1.0222642761681076 1.090543090861512
15.98 -0.4706635147685807 -0.33333870768858753 1.0207299207817389 1.11509277704341
16.0 -0.4614573824503689 -0.3594227492568543 1.0222642761681076 1.1304363309070966
16.02 -0.45225125013215706 -0.38397243543875276 1.0222642761681076 1.1473142401571517
16.04 -0.44918253935941976 -0.4131251877797568 1.0222642761681076 1.1565203724753634
16.06 -0.44304511781394496 -0.4407435847343923 1.0222642761681076 1.162657794020838
16.08 -0.43844205165483907 -0.4775681140072398 1.0207299207817389 1.1641921494072065
16.1 -0.4338389854957332 -0.5082552217346125 1.0222642761681076 1.162657794020838
16.12 -0.4277015639502586 -0.5358736186892482 1.0222642761681076 1.1549860170889947
16.14 -0.42463285317752136 -0.5588889494847777 1.0222642761681076 1.1442455293844143
16.16 -0.4200297870184154 -0.5742325033484641 1.0222642761681076 1.1304363309070966
16.18 -0.41849543163204683 -0.5880417018257821 1.0222642761681076 1.1135584216570413
16.2 -0.41542672085930954 -0.5987821895303626 1.0222642761681076 1.0951461570206178
16.22 -0.4138923654729409 -0.6064539664622057 1.0222642761681076 1.0721308262250882
16.24 -0.41082365470020366 -0.6125913880076802 1.0222642761681076 1.0521842062022957
16.26 -0.4062205885410977 -0.6171944541667862 1.0222642761681076 1.0353062969522406
16.28 -0.4000831669956232 -0.6187288095531548 1.0207299207817389 1.0276345200203976
16.3 -0.3970144562228859 -0.6187288095531548 1.0207299207817389 1.0184283877021856
16.32 -0.39087703467741136 -0.6171944541667862 1.016126854622633 1.0122909661567112
16.34 -0.38473961313193683 -0.6171944541667862 1.00845507769079 1.0076878999976053
16.36 -0.3786021915864623 -0.6141257433940489 1.0023176561453153 1.0030848338384992
16.38 -0.37093041465461885 -0.609522677234943 0.994645879213472 0.9984817676793933
16.4 -0.3601899269500384 -0.6018509003030998 0.9885084576679976 0.995413056906656
16.42 -0.34944943924545796 -0.5957134787576253 0.9869741022816289 0.9938787015202873
16.44 -0.33717459615450884 -0.5865073464394134 0.9854397468952603 0.995413056906656
16.46 -0.32336539767719114 -0.5773012141212014 0.9839053915088917 0.9938787015202873
16.48 -0.3034187776543986 -0.5665607264166209 0.982371036122523 0.9938787015202873
16.5 -0.28500651301797497 -0.5558202387120404 0.9808366807361544 0.9892756353611815
16.52 -0.2665942483815514 -0.54507975100746 0.9777679699634171 0.9892756353611815
16.54 -0.2527850499042336 -0.5328049079165109 0.9777679699634171 0.9877412799748129
16.56 -0.24204456219965317 -0.5220644202119304 0.9777679699634171 0.9877412799748129
16.58 -0.2359071406541784 -0.5128582878937187 0.9777679699634171 0.9877412799748129
16.6 -0.23437278526780975 -0.5051865109618753 0.9793023253497857 0.9877412799748129
16.62 -0.23283842988144113 -0.4990490894164007 0.9793023253497857 0.9877412799748129
16.64 -0.23437278526780975 -0.4944460232572948 0.9900428130543661 0.9892756353611815
16.66 -0.24204456219965317 -0.48984295709818887 0.999248945372578 0.995413056906656
16.68 -0.2604568268360768 -0.4867742463254516 1.0145924992362643 1.0015504784521305
16.7 -0.27580038069976315 -0.48370553555271434 1.0284016977135821 1.0061535446112364
16.72 -0.29574700072255544 -0.4821711801663457 1.0529513838954803 1.0138253215430797
16.74 -0.31569362074534796 -0.4821711801663457 1.0775010700773784 1.0153596769294484
16.76 -0.3387089515408775 -0.48063682477997705 1.1020507562592772 1.016894032315817
16.78 -0.361724282336407 -0.4791024693936084 1.1219973762820694 1.0184283877021856
16.8 -0.39087703467741136 -0.47603375862087116 1.135806574759387 1.0199627430885543
16.82 -0.41849543163204683 -0.47296504784813387 1.1480814178503362 1.021497098474923
16.84 -0.4461138285866825 -0.46989633707539663 1.1557531947821793 1.0199627430885543
16.86 -0.47373222554131794 -0.468361981689028 1.1603562609412852 1.0199627430885543
16.88 -0.4998162671095849 -0.4652932709162907 1.1603562609412852 1.0199627430885543
16.9 -0.5228315979051145 -0.46375891552992204 1.1603562609412852 1.0199627430885543
16.92 -0.5458469287006441 -0.46222456014355345 1.1557531947821793 1.0199627430885543
16.94 -0.5811371025871228 -0.45915584937081616 1.1296691532139125 1.0199627430885543
16.96 -0.5811371025871228 -0.45915584937081616 1.1296691532139125 1.0199627430885543
16.98 -0.5949463010644406 -0.45608713859807887 1.1143255993502261 1.0199627430885543
17.0 -0.6072211441553897 -0.45301842782534163 1.0897759131683276 1.0199627430885543
17.02 -0.6164272764736016 -0.451484072438973 1.066760582372798 1.0199627430885543
17.04 -0.6240990534054448 -0.44688100627986704 1.0422108961908998 1.0199627430885543
17.06 -0.6287021195645507 -0.44381229550712953 1.0207299207817389 1.0199627430885543
17.08 -0.6302364749509193 -0.437674873961655 1.0038520115316838 1.0184283877021856
17.1 -0.6302364749509193 -0.4330718078025491 0.982371036122523 1.0184283877021856
17.12 -0.6287021195645507 -0.4284687416434432 0.954752639167887 1.0184283877021856
17.14 -0.6256334087918134 -0.42540003087070594 0.937874729917832 1.0184283877021856
17.16 -0.6225646980190761 -0.41772825393886276 0.9317373083723575 1.0138253215430797
17.18 -0.6164272764736016 -0.40852212162065094 0.9286685975996203 1.0092222553839738
17.2 -0.6087554995417584 -0.39778163391607047 0.9271342422132516 1.0030848338384992
17.22 -0.5995493672235466 -0.38704114621149 0.9209968206677771 0.9969474122930246
17.24 -0.5918775902917033 -0.3716975923478034 0.9194624652814084 0.9908099907475502
17.26 -0.5826714579734915 -0.3578883938704857 0.9194624652814084 0.9908099907475502
17.28 -0.571930970268911 -0.3379417738476934 0.9225311760541457 0.9877412799748129
17.3 -0.562724837950699 -0.31952950921126977 0.9225311760541457 0.9846725692020756
17.32 -0.5519843502461186 -0.30265159996121455 0.9271342422132516 0.9800695030429697
17.34 -0.5412438625415382 -0.28577369071115954 0.9332716637587262 0.9739320814974951
17.36 -0.5320377302233263 -0.27503320300657913 0.937874729917832 0.9739320814974951
17.38 -0.5212972425187458 -0.2673614260747359 0.9424777960769379 0.9739320814974951
17.4 -0.5105567548141653 -0.2658270706883673 0.9455465068496752 0.9754664368838637
17.42 -0.5013506224959535 -0.26429271530199866 0.9486152176224125 0.9800695030429697
17.44 -0.49367884556411024 -0.26889578146110454 0.954752639167887 0.9969474122930246
17.46 -0.48754142401863565 -0.2704301368474732 0.9685618376452053 1.0122909661567112
17.48 -0.48600706863226706 -0.279636269165685 0.9793023253497857 1.033771941565872
17.5 -0.4844727132458984 -0.2873080460975282 0.9915771684407348 1.0491154954295585
17.52 -0.4798696470867925 -0.30265159996121455 1.0038520115316838 1.0613903385205077
17.54 -0.47680093631405523 -0.3179951538249012 1.0145924992362643 1.0798026031569314
17.56 -0.47373222554131794 -0.33947612923406206 1.0207299207817389 1.0997492231797237
17.58 -0.46912915938221206 -0.36095710464322295 1.0207299207817389 1.1181614878161472
17.6 -0.46606044860947476 -0.3824380800523841 1.0222642761681076 1.1365737524525712
17.62 -0.4614573824503689 -0.40545341084791364 1.0207299207817389 1.1519173063162575
17.64 -0.45225125013215706 -0.4330718078025491 1.0207299207817389 1.1595890832481006
17.66 -0.4476481839730511 -0.4576214939844475 1.0207299207817389 1.1657265047935752
17.68 -0.44304511781394496 -0.4867742463254516 1.0207299207817389 1.1657265047935752
17.7 -0.4399764070412077 -0.5113239325073498 1.0207299207817389 1.162657794020838
17.72 -0.43844205165483907 -0.5343392633028796 1.0207299207817389 1.1549860170889947
17.74 -0.4353733408821018 -0.5573545940984092 1.0207299207817389 1.145779884770783
17.76 -0.43230463010936454 -0.5773012141212014 1.0207299207817389 1.1304363309070966
17.78 -0.42923591933662725 -0.5957134787576253 1.0207299207817389 1.1104897108843041
17.8 -0.4277015639502586 -0.6079883218485743 1.0207299207817389 1.0890087354751432
17.82 -0.42463285317752136 -0.6171944541667862 1.0207299207817389 1.0675277600659823
17.84 -0.4230984977911527 -0.6233318757122607 1.0207299207817389 1.0445124292704524
17.86 -0.41849543163204683 -0.626400586484998 1.0207299207817389 1.0276345200203976
17.88 -0.4138923654729409 -0.6279349418713666 1.0207299207817389 1.0122909661567112
17.9 -0.41082365470020366 -0.626400586484998 1.0176612100090017 0.9969474122930246
17.92 -0.4062205885410977 -0.626400586484998 1.0176612100090017 0.9693290153383891
17.94 -0.40161752238199183 -0.6248662310986294 1.016126854622633 0.95705417224744
17.96 -0.39087703467741136 -0.6217975203258921 1.011523788463527 0.9539854614747028
17.98 -0.38167090235919954 -0.6171944541667862 1.0099894330771584 0.9539854614747028
18.0 -0.37093041465461885 -0.6110570326213116 1.0053863669180525 0.952451106088334
18.02 -0.35712121617730114 -0.6033852556894684 1.0007833007589466 0.9493823953155969
18.04 -0.3417776623136148 -0.5941791233712566 0.9961802345998407 0.9493823953155969
18.06 -0.327968463836297 -0.5849729910530448 0.9961802345998407 0.9493823953155969
18.08 -0.3110905545862421 -0.5742325033484641 0.9931115238271034 0.9493823953155969
18.1 -0.29574700072255544 -0.5634920156438836 0.9885084576679976 0.9463136845428596
18.12 -0.2804034468588691 -0.5512171725529346 0.9854397468952603 0.9432449737701223
18.14 -0.26505989299518273 -0.5420110402347228 0.9808366807361544 0.940176262997385
18.16 -0.25431940529060226 -0.5312705525301423 0.9808366807361544 0.9432449737701223
18.18 -0.24511327297239047 -0.5220644202119304 0.9808366807361544 0.9447793291564909
18.2 -0.24357891758602182 -0.5189957094391932 0.9839053915088917 0.9509167507019655
18.22 -0.24204456219965317 -0.5128582878937187 0.9854397468952603 0.9585885276338086
18.24 -0.24204456219965317 -0.5067208663482439 0.9977145899862093 0.9662603045656518
18.26 -0.24971633913149635 -0.502117800189138 1.0099894330771584 0.9800695030429697
18.28 -0.2665942483815514 -0.4959803786436634 1.0253329869408447 0.9923443461339188
18.3 -0.27886909147250044 -0.4944460232572948 1.0360734746454252 1.004619189224868
18.32 -0.2972813561089241 -0.49291166787092616 1.0575544500545861 1.0138253215430797
18.34 -0.31876233151808525 -0.49291166787092616 1.083638491622853 1.0184283877021856
18.36 -0.3433120176999834 -0.4913773124845575 1.1051194670320144 1.0199627430885543
18.38 -0.37093041465461885 -0.485239890939083 1.1250660870548066 1.0184283877021856
18.4 -0.40161752238199183 -0.48063682477997705 1.1373409301457558 1.0184283877021856
18.42 -0.4307702747229959 -0.4744994032345025 1.1496157732367047 1.0184283877021856
18.44 -0.4614573824503689 -0.46989633707539663 1.157287550168548 1.0199627430885543
18.46 -0.4890757794050043 -0.4652932709162907 1.1603562609412852 1.0199627430885543
18.48 -0.5166941763596399 -0.4606902047571848 1.1603562609412852 1.0184283877021856
18.5 -0.5397095071551695 -0.4576214939844475 1.1603562609412852 1.0184283877021856
18.52 -0.562724837950699 -0.4545527832117102 1.1511501286230734 1.0199627430885543
18.54 -0.5811371025871228 -0.45301842782534163 1.140409640918493 1.0199627430885543
18.56 -0.598015011837178 -0.451484072438973 1.123531731668438 1.0199627430885543
18.58 -0.6118242103144956 -0.44994971705260434 1.1035851116456457 1.0199627430885543
18.6 -0.6225646980190761 -0.44688100627986704 1.079035425463747 1.0199627430885543
18.62 -0.6317708303372881 -0.44534665089349845 1.0529513838954803 1.0184283877021856
18.64 -0.6379082518827626 -0.4407435847343923 1.0268673423272134 1.0184283877021856
18.66 -0.6440456734282372 -0.43614051857528635 1.0099894330771584 1.0184283877021856
18.68 -0.6455800288146057 -0.4300030970298118 0.9869741022816289 1.0184283877021856
18.7 -0.6440456734282372 -0.4269343862570745 0.954752639167887 1.0184283877021856
18.72 -0.6425113180418686 -0.42233132009796864 0.9348060191450948 1.0184283877021856
18.74 -0.6394426072691313 -0.4161938985524941 0.9225311760541457 1.016894032315817
18.76 -0.6348395411100254 -0.4069877662342823 0.9148593991223025 1.0122909661567112
18.78 -0.6287021195645507 -0.3993159893024391 0.9117906883495652 1.0061535446112364
18.8 -0.6210303426327075 -0.38704114621149 0.9087219775768279 1.0000161230657618
18.82 -0.6133585657008643 -0.3747663031205407 0.904118911417722 0.9938787015202873
18.84 -0.6041524333826525 -0.3594227492568543 0.9056532668040906 0.9892756353611815
18.86 -0.5934119456780719 -0.34254484000679936 0.904118911417722 0.9862069245884442
18.88 -0.5826714579734915 -0.32259821998400706 0.9056532668040906 0.9816038584293383
18.9 -0.571930970268911 -0.30265159996121455 0.9102563329631966 0.9754664368838637
18.92 -0.5611904825643305 -0.2827049799384223 0.9194624652814084 0.9662603045656518
18.94 -0.55044999485975 -0.26429271530199866 0.9286685975996203 0.9555198168610713
18.96 -0.5397095071551695 -0.25048351682468095 0.9348060191450948 0.9509167507019655
18.98 -0.5289690194505889 -0.23974302912010048 0.9409434406905693 0.9493823953155969
19.0 -0.5166941763596399 -0.23820867373373159 0.9440121514633066 0.9539854614747028
19.02 -0.5074880440414281 -0.23820867373373159 0.9486152176224125 0.9585885276338086
19.04 -0.49828191172321623 -0.23974302912010048 0.9516839283951498 0.9754664368838637
19.06 -0.49061013479137294 -0.2443460952792064 0.9639587714860993 0.995413056906656
19.08 -0.4844727132458984 -0.2535522275974182 0.9746992591906798 1.0199627430885543
19.1 -0.4844727132458984 -0.2596896491428927 0.9900428130543661 1.0368406523386093
19.12 -0.4814040024731611 -0.2765675583929477 1.0038520115316838 1.0506498508159272
19.14 -0.4783352917004239 -0.2934454676430027 1.0176612100090017 1.069062115452351
19.16 -0.4752665809276866 -0.31339208766579524 1.0222642761681076 1.090543090861512
19.18 -0.4706635147685807 -0.33333870768858753 1.0207299207817389 1.11509277704341
19.2 -0.46606044860947476 -0.36095710464322295 1.0222642761681076 1.1304363309070966
19.22 -0.4583886716776315 -0.3855067908251214 1.0207299207817389 1.1473142401571517
19.24 -0.44918253935941976 -0.4131251877797568 1.0207299207817389 1.1565203724753634
19.26 -0.4461138285866825 -0.4407435847343923 1.0222642761681076 1.162657794020838
19.28 -0.44304511781394496 -0.46989633707539663 1.0207299207817389 1.1641921494072065
19.3 -0.4369076962684704 -0.5005834448027693 1.0207299207817389 1.162657794020838
19.32 -0.4338389854957332 -0.5328049079165109 1.0207299207817389 1.1549860170889947
19.34 -0.42923591933662725 -0.5573545940984092 1.0222642761681076 1.145779884770783
19.36 -0.42616720856389 -0.5742325033484641 1.0222642761681076 1.1304363309070966
19.38 -0.42463285317752136 -0.5895760572121507 1.0207299207817389 1.1135584216570413
19.4 -0.42156414240478407 -0.6018509003030998 1.0207299207817389 1.0920774462478804
19.42 -0.4200297870184154 -0.609522677234943 1.0207299207817389 1.0721308262250882
19.44 -0.4169610762456782 -0.6156600987804175 1.0222642761681076 1.0491154954295585
19.46 -0.4138923654729409 -0.6171944541667862 1.0207299207817389 1.0322375861795035
19.48 -0.409289299313835 -0.6187288095531548 1.0207299207817389 1.0245658092476602
19.5 -0.40468623315472907 -0.6187288095531548 1.0191955653953702 1.0199627430885543
19.52 -0.40161752238199183 -0.6171944541667862 1.0191955653953702 1.0061535446112364
19.54 -0.39854881160925454 -0.6171944541667862 1.0176612100090017 0.9923443461339188
19.56 -0.39087703467741136 -0.6141257433940489 1.0099894330771584 0.9877412799748129
19.58 -0.38167090235919954 -0.6110570326213116 1.0007833007589466 0.9846725692020756
19.6 -0.3693960592682502 -0.604919611075837 0.994645879213472 0.9816038584293383
19.62 -0.3555868607909325 -0.5972478341439938 0.9885084576679976 0.9770007922702324
19.64 -0.34024330692724614 -0.5880417018257821 0.982371036122523 0.9754664368838637
19.66 -0.32336539767719114 -0.57883556950757 0.982371036122523 0.9723977261111264
19.68 -0.30495313304076727 -0.5696294371893582 0.9793023253497857 0.9708633707247577
19.7 -0.2865408684043436 -0.5588889494847777 0.9777679699634171 0.9708633707247577
19.72 -0.2696629591542886 -0.5481484617801973 0.9777679699634171 0.9693290153383891
19.74 -0.2558537606769709 -0.5374079740756168 0.9777679699634171 0.9677946599520204
19.76 -0.24511327297239047 -0.528201841757405 0.9777679699634171 0.9677946599520204
19.78 -0.23744149604054704 -0.5205300648255619 0.9777679699634171 0.9677946599520204
19.8 -0.2359071406541784 -0.5143926432800873 0.9793023253497857 0.9693290153383891
19.82 -0.23437278526780975 -0.5113239325073498 0.9808366807361544 0.9723977261111264
19.84 -0.2359071406541784 -0.5051865109618753 0.9900428130543661 0.9754664368838637
19.86 -0.24511327297239047 -0.4990490894164007 1.0023176561453153 0.9862069245884442
19.88 -0.2635255376088141 -0.4944460232572948 1.0191955653953702 0.9969474122930246
19.9 -0.27886909147250044 -0.4913773124845575 1.033004763872688 1.0061535446112364
19.92 -0.2972813561089241 -0.4913773124845575 1.0575544500545861 1.0122909661567112
19.94 -0.31876233151808525 -0.4913773124845575 1.0821041362364843 1.0138253215430797
19.96 -0.3433120176999834 -0.48984295709818887 1.1051194670320144 1.0138253215430797
19.98 -0.37093041465461885 -0.4867742463254516 1.123531731668438 1.0138253215430797
20.0 -0.40161752238199183 -0.48370553555271434 1.1388752855321242 1.0153596769294484
