0.0 0.0 -0.0 0.0 -0.0
0.02 0.0 -0.0 0.0 -0.0
0.04 0.0 -0.0 0.0 -0.0
0.06 0.0 -0.023980823922402087 0.047961647844804174 0.047961647844804174
0.08 -0.047961647844804174 -0.1678657674568146 0.263789063146423 0.3597123588360313
0.1 -0.14388494353441253 -0.3357315349136292 0.551558950215248 0.7194247176720626
0.12 -0.3357315349136292 -0.5035973023704439 1.0071946047408877 1.1990411961201044
0.14 -0.45563565452563964 -0.5755397741376501 1.342926139654517 1.342926139654517
0.16 -0.5755397741376501 -0.6474822459048564 1.60671520280094 1.4628302592665272
0.18 -0.5755397741376501 -0.6954438937496605 1.654676850645744 1.4388494353441252
0.2 -0.551558950215248 -0.7194247176720626 1.654676850645744 1.4868110831889294
0.22 -0.551558950215248 -0.7434055415944647 1.5587535549561358 1.4388494353441252
0.24 -0.5995205980600522 -0.7434055415944647 1.5827343788785377 1.4628302592665272
0.26 -0.6235014219824543 -0.7434055415944647 1.5587535549561358 1.390887787499321
0.28 -0.6714630698272585 -0.7194247176720626 1.5587535549561358 1.4388494353441252
0.3 -0.6954438937496605 -0.6714630698272585 1.5107919071113314 1.414868611421723
0.32 -0.6954438937496605 -0.6474822459048564 1.4628302592665272 1.4388494353441252
0.34 -0.6474822459048564 -0.6235014219824543 1.390887787499321 1.414868611421723
0.36 -0.5995205980600522 -0.6235014219824543 1.3669069635769189 1.4628302592665272
0.38 -0.551558950215248 -0.5995205980600522 1.2949644918097127 1.4388494353441252
0.4 -0.551558950215248 -0.5995205980600522 1.2709836678873105 1.414868611421723
0.42 -0.551558950215248 -0.5995205980600522 1.2230220200425064 1.3669069635769189
0.44 -0.551558950215248 -0.5755397741376501 1.2230220200425064 1.3669069635769189
0.46 -0.527578126292846 -0.5755397741376501 1.1990411961201044 1.3189453157321147
0.48 -0.527578126292846 -0.551558950215248 1.1990411961201044 1.3189453157321147
0.5 -0.5035973023704439 -0.527578126292846 1.127098724352898 1.2709836678873105
0.52 -0.4796164784480417 -0.527578126292846 1.127098724352898 1.2470028439649086
0.54 -0.45563565452563964 -0.5035973023704439 1.0791370765080939 1.1990411961201044
0.56 -0.43165483060323756 -0.4796164784480417 1.0791370765080939 1.1750603721977022
0.58 -0.4076740066808355 -0.43165483060323756 1.0791370765080939 1.1510795482753002
0.6 -0.4076740066808355 -0.43165483060323756 1.0791370765080939 1.1510795482753002
0.62 -0.4076740066808355 -0.4076740066808355 1.0311754286632897 1.055156252585692
0.64 -0.43165483060323756 -0.4076740066808355 1.0071946047408877 0.9832137808184855
0.66 -0.43165483060323756 -0.3836931827584334 0.9352521329736814 0.8872904851288772
0.68 -0.43165483060323756 -0.3597123588360313 0.9352521329736814 0.839328837284073
0.7 -0.4076740066808355 -0.3357315349136292 0.9112713090512793 0.7913671894392689
0.72 -0.4076740066808355 -0.3357315349136292 0.9112713090512793 0.7673863655168668
0.74 -0.3836931827584334 -0.31175071099122714 0.8872904851288772 0.7194247176720626
0.76 -0.3597123588360313 -0.31175071099122714 0.839328837284073 0.7194247176720626
0.78 -0.3357315349136292 -0.28776988706882506 0.7673863655168668 0.6954438937496605
0.8 -0.31175071099122714 -0.28776988706882506 0.7194247176720626 0.6954438937496605
0.82 -0.28776988706882506 -0.28776988706882506 0.6474822459048564 0.6474822459048564
0.84 -0.28776988706882506 -0.28776988706882506 0.6235014219824543 0.6235014219824543
0.86 -0.263789063146423 -0.263789063146423 0.551558950215248 0.551558950215248
0.88 -0.263789063146423 -0.263789063146423 0.527578126292846 0.5035973023704439
0.9 -0.23980823922402086 -0.23980823922402086 0.4796164784480417 0.4796164784480417
0.92 -0.23980823922402086 -0.23980823922402086 0.45563565452563964 0.43165483060323756
0.94 -0.21582741530161878 -0.21582741530161878 0.4076740066808355 0.3836931827584334
0.96 -0.1918465913792167 -0.1918465913792167 0.3836931827584334 0.3597123588360313
0.98 -0.1918465913792167 -0.1918465913792167 0.3357315349136292 0.28776988706882506
1.0 -0.1918465913792167 -0.1678657674568146 0.28776988706882506 0.23980823922402086
1.02 -0.1678657674568146 -0.14388494353441253 0.21582741530161878 0.1918465913792167
1.04 -0.14388494353441253 -0.11990411961201043 0.1678657674568146 0.11990411961201043
1.06 -0.14388494353441253 -0.09592329568960835 0.11990411961201043 0.07194247176720626
1.08 -0.11990411961201043 -0.09592329568960835 0.07194247176720626 0.023980823922402087
1.1 -0.09592329568960835 -0.07194247176720626 0.023980823922402087 -0.0
1.12 -0.07194247176720626 -0.07194247176720626 0.0 0.023980823922402087
1.14 -0.047961647844804174 -0.047961647844804174 0.0 0.023980823922402087
1.16 -0.023980823922402087 -0.047961647844804174 0.0 0.023980823922402087
1.18 -0.023980823922402087 -0.047961647844804174 0.0 0.023980823922402087
1.2 -0.023980823922402087 -0.047961647844804174 0.0 0.023980823922402087
1.22 -0.023980823922402087 -0.047961647844804174 0.0 0.023980823922402087
1.24 -0.023980823922402087 -0.023980823922402087 0.0 -0.0
1.26 0.0 -0.023980823922402087 0.0 -0.0
1.28 0.0 -0.023980823922402087 0.0 -0.0
1.3 0.0 -0.0 0.0 -0.0
1.32 0.0 -0.0 0.0 -0.0
1.34 0.0 -0.023980823922402087 0.0 -0.0
1.36 -0.023980823922402087 -0.07194247176720626 0.0 0.047961647844804174
1.38 -0.023980823922402087 -0.11990411961201043 0.0 0.11990411961201043
1.4 -0.047961647844804174 -0.1678657674568146 0.047961647844804174 0.1918465913792167
1.42 -0.047961647844804174 -0.23980823922402086 0.09592329568960835 0.263789063146423
1.44 -0.023980823922402087 -0.31175071099122714 0.14388494353441253 0.3836931827584334
1.46 0.0 -0.3597123588360313 0.1678657674568146 0.4796164784480417
1.48 0.0 -0.45563565452563964 0.1678657674568146 0.6235014219824543
1.5 0.0 -0.5035973023704439 0.11990411961201043 0.7194247176720626
1.52 0.0 -0.551558950215248 0.07194247176720626 0.7673863655168668
1.54 0.0 -0.5755397741376501 0.047961647844804174 0.7194247176720626
1.56 0.0 -0.6235014219824543 0.0 0.6954438937496605
1.58 0.0 -0.6474822459048564 0.0 0.6235014219824543
1.6 0.0 -0.7194247176720626 0.0 0.551558950215248
1.62 0.023980823922402087 -0.7434055415944647 0.0 0.43165483060323756
1.64 0.047961647844804174 -0.7913671894392689 0.0 0.31175071099122714
1.66 0.047961647844804174 -0.7673863655168668 0.0 0.1678657674568146
1.68 0.047961647844804174 -0.7434055415944647 0.0 0.047961647844804174
1.7 0.047961647844804174 -0.6714630698272585 0.0 -0.047961647844804174
1.72 0.047961647844804174 -0.5995205980600522 0.0 -0.1678657674568146
1.74 0.023980823922402087 -0.5035973023704439 0.0 -0.28776988706882506
1.76 0.023980823922402087 -0.3836931827584334 0.0 -0.45563565452563964
1.78 0.023980823922402087 -0.263789063146423 0.0 -0.5755397741376501
1.8 0.023980823922402087 -0.1678657674568146 0.0 -0.7434055415944647
1.82 0.023980823922402087 -0.07194247176720626 0.0 -0.839328837284073
1.84 0.047961647844804174 -0.023980823922402087 0.0 -0.9592329568960835
1.86 0.07194247176720626 -0.0 0.0 -0.9832137808184855
1.88 0.09592329568960835 0.023980823922402087 0.0 -0.9592329568960835
1.9 0.11990411961201043 0.047961647844804174 0.0 -0.839328837284073
1.92 0.14388494353441253 0.14388494353441253 0.0 -0.8633096612064751
1.94 0.1678657674568146 0.21582741530161878 0.0 -0.9592329568960835
1.96 0.21582741530161878 0.31175071099122714 0.0 -1.0071946047408877
1.98 0.263789063146423 0.3597123588360313 0.0 -0.8872904851288772
2.0 0.3597123588360313 0.3836931827584334 0.0 -0.6714630698272585
2.02 0.43165483060323756 0.4076740066808355 0.0 -0.43165483060323756
2.04 0.527578126292846 0.43165483060323756 0.0 -0.1918465913792167
2.06 0.5995205980600522 0.43165483060323756 -0.023980823922402087 -0.0
2.08 0.6714630698272585 0.4796164784480417 -0.07194247176720626 0.1918465913792167
2.1 0.7194247176720626 0.5035973023704439 -0.1678657674568146 0.31175071099122714
2.12 0.7913671894392689 0.551558950215248 -0.3357315349136292 0.4076740066808355
2.14 0.7913671894392689 0.551558950215248 -0.43165483060323756 0.43165483060323756
2.16 0.7673863655168668 0.5755397741376501 -0.45563565452563964 0.4076740066808355
2.18 0.6714630698272585 0.551558950215248 -0.3836931827584334 0.3597123588360313
2.2 0.551558950215248 0.551558950215248 -0.21582741530161878 0.28776988706882506
2.22 0.3836931827584334 0.5035973023704439 0.0 0.21582741530161878
2.24 0.21582741530161878 0.4796164784480417 0.23980823922402086 0.21582741530161878
2.26 0.07194247176720626 0.3836931827584334 0.4796164784480417 0.31175071099122714
2.28 -0.047961647844804174 0.28776988706882506 0.6714630698272585 0.45563565452563964
2.3 -0.21582741530161878 0.21582741530161878 0.6714630698272585 0.5755397741376501
2.32 -0.43165483060323756 0.21582741530161878 0.7194247176720626 0.5755397741376501
2.34 -0.6235014219824543 0.21582741530161878 0.7913671894392689 0.5035973023704439
2.36 -0.815348013361671 0.1918465913792167 1.0311754286632897 0.3357315349136292
2.38 -0.9112713090512793 0.14388494353441253 1.127098724352898 0.1678657674568146
2.4 -1.055156252585692 0.1678657674568146 1.127098724352898 0.047961647844804174
2.42 -1.1990411961201044 0.263789063146423 0.9592329568960835 -0.0
2.44 -1.3189453157321147 0.3357315349136292 0.7673863655168668 -0.0
2.46 -1.414868611421723 0.3357315349136292 0.5755397741376501 -0.0
2.48 -1.4868110831889294 0.28776988706882506 0.3597123588360313 -0.0
2.5 -1.4628302592665272 0.23980823922402086 0.1918465913792167 -0.0
2.52 -1.390887787499321 0.21582741530161878 0.0 -0.0
2.54 -1.2470028439649086 0.1918465913792167 -0.11990411961201043 -0.0
2.56 -1.055156252585692 0.1678657674568146 -0.31175071099122714 -0.0
2.58 -0.8872904851288772 0.14388494353441253 -0.5035973023704439 -0.0
2.6 -0.7434055415944647 0.11990411961201043 -0.7194247176720626 -0.0
2.62 -0.6235014219824543 0.09592329568960835 -0.8633096612064751 -0.0
2.64 -0.5035973023704439 0.09592329568960835 -1.055156252585692 -0.0
2.66 -0.3597123588360313 0.09592329568960835 -1.0791370765080939 -0.0
2.68 -0.23980823922402086 0.11990411961201043 -1.1750603721977022 -0.0
2.7 -0.1678657674568146 0.1678657674568146 -1.0791370765080939 -0.0
2.72 -0.09592329568960835 0.21582741530161878 -1.055156252585692 -0.0
2.74 -0.047961647844804174 0.23980823922402086 -0.8872904851288772 -0.0
2.76 0.023980823922402087 0.263789063146423 -0.7194247176720626 -0.023980823922402087
2.78 0.09592329568960835 0.28776988706882506 -0.43165483060323756 -0.07194247176720626
2.8 0.1918465913792167 0.31175071099122714 -0.23980823922402086 -0.09592329568960835
2.82 0.23980823922402086 0.3357315349136292 -0.14388494353441253 -0.14388494353441253
2.84 0.31175071099122714 0.43165483060323756 -0.11990411961201043 -0.1678657674568146
2.86 0.3836931827584334 0.527578126292846 -0.09592329568960835 -0.1678657674568146
2.88 0.45563565452563964 0.6474822459048564 -0.047961647844804174 -0.1918465913792167
2.9 0.4796164784480417 0.6954438937496605 -0.047961647844804174 -0.1918465913792167
2.92 0.527578126292846 0.7434055415944647 -0.047961647844804174 -0.21582741530161878
2.94 0.527578126292846 0.7434055415944647 -0.047961647844804174 -0.21582741530161878
2.96 0.551558950215248 0.7194247176720626 -0.023980823922402087 -0.1918465913792167
2.98 0.5035973023704439 0.6235014219824543 0.0 -0.11990411961201043
3.0 0.4796164784480417 0.5035973023704439 0.07194247176720626 -0.047961647844804174
3.02 0.45563565452563964 0.3357315349136292 0.11990411961201043 0.023980823922402087
3.04 0.4076740066808355 0.14388494353441253 0.21582741530161878 0.1678657674568146
3.06 0.3357315349136292 -0.0 0.3357315349136292 0.3836931827584334
3.08 0.263789063146423 -0.14388494353441253 0.45563565452563964 0.6235014219824543
3.1 0.21582741530161878 -0.28776988706882506 0.527578126292846 0.7194247176720626
3.12 0.21582741530161878 -0.5035973023704439 0.551558950215248 0.7673863655168668
3.14 0.21582741530161878 -0.6714630698272585 0.551558950215248 0.7913671894392689
3.16 0.1918465913792167 -0.839328837284073 0.45563565452563964 0.8872904851288772
3.18 0.1678657674568146 -0.9352521329736814 0.31175071099122714 0.9592329568960835
3.2 0.1678657674568146 -1.0791370765080939 0.1678657674568146 0.9592329568960835
3.22 0.1918465913792167 -1.1990411961201044 0.047961647844804174 0.8633096612064751
3.24 0.23980823922402086 -1.3189453157321147 0.0 0.7434055415944647
3.26 0.263789063146423 -1.3669069635769189 0.0 0.5755397741376501
3.28 0.31175071099122714 -1.414868611421723 0.0 0.3836931827584334
3.3 0.263789063146423 -1.390887787499321 0.0 0.1678657674568146
3.32 0.1678657674568146 -1.342926139654517 0.0 -0.023980823922402087
3.34 0.07194247176720626 -1.2230220200425064 0.0 -0.1678657674568146
3.36 0.023980823922402087 -1.103117900430496 0.0 -0.3597123588360313
3.38 0.047961647844804174 -0.9592329568960835 0.0 -0.5035973023704439
3.4 0.09592329568960835 -0.839328837284073 0.0 -0.7434055415944647
3.42 0.09592329568960835 -0.6954438937496605 0.0 -0.9112713090512793
3.44 0.09592329568960835 -0.5755397741376501 0.0 -1.103117900430496
3.46 0.11990411961201043 -0.43165483060323756 0.0 -1.0791370765080939
3.48 0.1678657674568146 -0.3357315349136292 -0.023980823922402087 -1.0311754286632897
3.5 0.1678657674568146 -0.1918465913792167 -0.047961647844804174 -0.9352521329736814
3.52 0.1678657674568146 -0.09592329568960835 -0.047961647844804174 -1.1510795482753002
3.54 0.14388494353441253 -0.0 -0.023980823922402087 -1.3189453157321147
3.56 0.1678657674568146 0.023980823922402087 0.0 -1.390887787499321
3.58 0.23980823922402086 0.047961647844804174 0.0 -1.1990411961201044
3.6 0.3836931827584334 0.11990411961201043 0.0 -0.9592329568960835
3.62 0.5035973023704439 0.1678657674568146 0.0 -0.6714630698272585
3.64 0.6474822459048564 0.23980823922402086 0.0 -0.3597123588360313
3.66 0.7194247176720626 0.28776988706882506 -0.023980823922402087 -0.047961647844804174
3.68 0.7913671894392689 0.3836931827584334 -0.09592329568960835 0.1918465913792167
3.7 0.815348013361671 0.45563565452563964 -0.28776988706882506 0.3597123588360313
3.72 0.8633096612064751 0.527578126292846 -0.527578126292846 0.5035973023704439
3.74 0.8633096612064751 0.5755397741376501 -0.7194247176720626 0.551558950215248
3.76 0.839328837284073 0.6235014219824543 -0.7673863655168668 0.551558950215248
3.78 0.7434055415944647 0.6235014219824543 -0.6474822459048564 0.4796164784480417
3.8 0.5995205980600522 0.5995205980600522 -0.3836931827584334 0.4076740066808355
3.82 0.43165483060323756 0.5755397741376501 -0.09592329568960835 0.28776988706882506
3.84 0.21582741530161878 0.527578126292846 0.23980823922402086 0.21582741530161878
3.86 0.07194247176720626 0.45563565452563964 0.5995205980600522 0.28776988706882506
3.88 -0.047961647844804174 0.3597123588360313 0.8872904851288772 0.43165483060323756
3.9 -0.1918465913792167 0.263789063146423 0.9112713090512793 0.6235014219824543
3.92 -0.43165483060323756 0.1918465913792167 0.839328837284073 0.6954438937496605
3.94 -0.5995205980600522 0.1918465913792167 0.7913671894392689 0.6474822459048564
3.96 -0.839328837284073 0.1678657674568146 0.9592329568960835 0.45563565452563964
3.98 -0.9592329568960835 0.14388494353441253 1.127098724352898 0.263789063146423
4.0 -1.127098724352898 0.14388494353441253 1.2230220200425064 0.09592329568960835
4.02 -1.2470028439649086 0.23980823922402086 1.055156252585692 0.023980823922402087
4.04 -1.390887787499321 0.3357315349136292 0.8633096612064751 -0.0
4.06 -1.5107919071113314 0.3836931827584334 0.6235014219824543 -0.0
4.08 -1.630696026723342 0.3597123588360313 0.3836931827584334 -0.0
4.1 -1.630696026723342 0.28776988706882506 0.1918465913792167 -0.0
4.12 -1.5587535549561358 0.23980823922402086 0.0 -0.0
4.14 -1.390887787499321 0.21582741530161878 -0.11990411961201043 -0.0
4.16 -1.2230220200425064 0.1918465913792167 -0.3597123588360313 -0.0
4.18 -1.0311754286632897 0.1678657674568146 -0.551558950215248 -0.0
4.2 -0.8633096612064751 0.14388494353441253 -0.7913671894392689 -0.0
4.22 -0.7194247176720626 0.14388494353441253 -0.9352521329736814 -0.0
4.24 -0.5755397741376501 0.14388494353441253 -1.127098724352898 -0.0
4.26 -0.4076740066808355 0.11990411961201043 -1.1750603721977022 -0.0
4.28 -0.263789063146423 0.14388494353441253 -1.1750603721977022 -0.0
4.3 -0.14388494353441253 0.1678657674568146 -1.0791370765080939 -0.0
4.32 -0.07194247176720626 0.21582741530161878 -0.9832137808184855 -0.0
4.34 0.0 0.23980823922402086 -0.7673863655168668 -0.047961647844804174
4.36 0.047961647844804174 0.23980823922402086 -0.5755397741376501 -0.11990411961201043
4.38 0.11990411961201043 0.263789063146423 -0.3597123588360313 -0.21582741530161878
4.4 0.1918465913792167 0.3357315349136292 -0.263789063146423 -0.263789063146423
4.42 0.263789063146423 0.4076740066808355 -0.21582741530161878 -0.28776988706882506
4.44 0.3597123588360313 0.527578126292846 -0.1678657674568146 -0.28776988706882506
4.46 0.4076740066808355 0.5995205980600522 -0.11990411961201043 -0.23980823922402086
4.48 0.4796164784480417 0.7194247176720626 -0.09592329568960835 -0.23980823922402086
4.5 0.5035973023704439 0.7673863655168668 -0.09592329568960835 -0.21582741530161878
4.52 0.527578126292846 0.8633096612064751 -0.09592329568960835 -0.23980823922402086
4.54 0.527578126292846 0.8872904851288772 -0.11990411961201043 -0.23980823922402086
4.56 0.5035973023704439 0.9112713090512793 -0.047961647844804174 -0.21582741530161878
4.58 0.45563565452563964 0.815348013361671 0.023980823922402087 -0.14388494353441253
4.6 0.45563565452563964 0.6714630698272585 0.14388494353441253 -0.07194247176720626
4.62 0.45563565452563964 0.45563565452563964 0.1678657674568146 -0.0
4.64 0.45563565452563964 0.21582741530161878 0.1918465913792167 0.14388494353441253
4.66 0.43165483060323756 0.023980823922402087 0.263789063146423 0.3357315349136292
4.68 0.3357315349136292 -0.14388494353441253 0.4076740066808355 0.5995205980600522
4.7 0.263789063146423 -0.28776988706882506 0.5755397741376501 0.7673863655168668
4.72 0.21582741530161878 -0.4796164784480417 0.6235014219824543 0.839328837284073
4.74 0.21582741530161878 -0.6235014219824543 0.6474822459048564 0.815348013361671
4.76 0.1918465913792167 -0.815348013361671 0.551558950215248 0.8872904851288772
4.78 0.1678657674568146 -0.9352521329736814 0.4076740066808355 0.9592329568960835
4.8 0.1678657674568146 -1.103117900430496 0.21582741530161878 1.0311754286632897
4.82 0.23980823922402086 -1.2230220200425064 0.07194247176720626 0.9352521329736814
4.84 0.31175071099122714 -1.342926139654517 0.023980823922402087 0.815348013361671
4.86 0.3357315349136292 -1.390887787499321 0.0 0.6474822459048564
4.88 0.31175071099122714 -1.4388494353441252 0.0 0.5035973023704439
4.9 0.23980823922402086 -1.414868611421723 0.0 0.28776988706882506
4.92 0.1678657674568146 -1.390887787499321 0.0 0.07194247176720626
4.94 0.07194247176720626 -1.2949644918097127 0.0 -0.07194247176720626
4.96 0.023980823922402087 -1.1990411961201044 0.0 -0.263789063146423
4.98 0.023980823922402087 -1.0311754286632897 0.0 -0.4076740066808355
5.0 0.07194247176720626 -0.9112713090512793 0.0 -0.6235014219824543
5.02 0.11990411961201043 -0.7434055415944647 0.0 -0.7913671894392689
5.04 0.11990411961201043 -0.6235014219824543 0.0 -1.0071946047408877
5.06 0.14388494353441253 -0.4796164784480417 0.0 -1.0311754286632897
5.08 0.1678657674568146 -0.3597123588360313 0.0 -1.0311754286632897
5.1 0.1918465913792167 -0.23980823922402086 -0.023980823922402087 -0.839328837284073
5.12 0.21582741530161878 -0.14388494353441253 -0.07194247176720626 -0.7434055415944647
5.14 0.21582741530161878 -0.023980823922402087 -0.047961647844804174 -0.8633096612064751
5.16 0.1918465913792167 0.023980823922402087 -0.07194247176720626 -0.9592329568960835
5.18 0.1918465913792167 0.07194247176720626 -0.11990411961201043 -0.8633096612064751
5.2 0.263789063146423 0.14388494353441253 -0.1918465913792167 -0.527578126292846
5.22 0.3357315349136292 0.21582741530161878 -0.21582741530161878 -0.23980823922402086
5.24 0.45563565452563964 0.31175071099122714 -0.1918465913792167 -0.1678657674568146
5.26 0.527578126292846 0.3597123588360313 -0.1678657674568146 -0.1918465913792167
5.28 0.6714630698272585 0.4076740066808355 -0.11990411961201043 -0.23980823922402086
5.3 0.7673863655168668 0.4076740066808355 -0.07194247176720626 -0.23980823922402086
5.32 0.8633096612064751 0.4076740066808355 -0.07194247176720626 -0.11990411961201043
5.34 0.8872904851288772 0.4076740066808355 -0.14388494353441253 -0.0
5.36 0.8633096612064751 0.4076740066808355 -0.1678657674568146 0.11990411961201043
5.38 0.7194247176720626 0.43165483060323756 -0.14388494353441253 0.1678657674568146
5.4 0.527578126292846 0.4796164784480417 -0.07194247176720626 0.1918465913792167
5.42 0.31175071099122714 0.4796164784480417 0.0 0.1678657674568146
5.44 0.09592329568960835 0.5035973023704439 0.14388494353441253 0.21582741530161878
5.46 -0.023980823922402087 0.43165483060323756 0.31175071099122714 0.31175071099122714
5.48 -0.1678657674568146 0.3357315349136292 0.527578126292846 0.45563565452563964
5.5 -0.28776988706882506 0.21582741530161878 0.6474822459048564 0.551558950215248
5.52 -0.45563565452563964 0.1678657674568146 0.6954438937496605 0.5755397741376501
5.54 -0.6235014219824543 0.1678657674568146 0.7434055415944647 0.551558950215248
5.56 -0.839328837284073 0.14388494353441253 0.9352521329736814 0.43165483060323756
5.58 -0.9592329568960835 0.09592329568960835 1.055156252585692 0.28776988706882506
5.6 -1.0791370765080939 0.07194247176720626 1.127098724352898 0.14388494353441253
5.62 -1.1510795482753002 0.09592329568960835 1.0311754286632897 0.047961647844804174
5.64 -1.2709836678873105 0.14388494353441253 0.815348013361671 -0.0
5.66 -1.3669069635769189 0.21582741530161878 0.5755397741376501 -0.0
5.68 -1.4388494353441252 0.28776988706882506 0.31175071099122714 -0.0
5.7 -1.4388494353441252 0.28776988706882506 0.11990411961201043 -0.0
5.72 -1.414868611421723 0.28776988706882506 -0.023980823922402087 -0.0
5.74 -1.2949644918097127 0.263789063146423 -0.1918465913792167 -0.0
5.76 -1.1750603721977022 0.21582741530161878 -0.4076740066808355 -0.0
5.78 -1.0311754286632897 0.1678657674568146 -0.5995205980600522 -0.0
5.8 -0.8633096612064751 0.11990411961201043 -0.839328837284073 -0.0
5.82 -0.6954438937496605 0.09592329568960835 -0.9832137808184855 -0.0
5.84 -0.551558950215248 0.09592329568960835 -1.127098724352898 -0.0
5.86 -0.3836931827584334 0.11990411961201043 -1.1750603721977022 -0.0
5.88 -0.263789063146423 0.14388494353441253 -1.1510795482753002 -0.0
5.9 -0.14388494353441253 0.1678657674568146 -1.103117900430496 -0.0
5.92 -0.047961647844804174 0.1918465913792167 -1.127098724352898 -0.0
5.94 0.0 0.1918465913792167 -1.0311754286632897 -0.023980823922402087
5.96 0.09592329568960835 0.21582741530161878 -0.839328837284073 -0.09592329568960835
5.98 0.14388494353441253 0.263789063146423 -0.527578126292846 -0.1678657674568146
6.0 0.21582741530161878 0.3357315349136292 -0.3357315349136292 -0.23980823922402086
6.02 0.28776988706882506 0.4076740066808355 -0.263789063146423 -0.28776988706882506
6.04 0.3357315349136292 0.5035973023704439 -0.1918465913792167 -0.28776988706882506
6.06 0.4076740066808355 0.5755397741376501 -0.14388494353441253 -0.263789063146423
6.08 0.45563565452563964 0.6954438937496605 -0.047961647844804174 -0.23980823922402086
6.1 0.4796164784480417 0.7673863655168668 -0.023980823922402087 -0.21582741530161878
6.12 0.527578126292846 0.8872904851288772 0.023980823922402087 -0.28776988706882506
6.14 0.5035973023704439 0.9112713090512793 0.11990411961201043 -0.31175071099122714
6.16 0.527578126292846 0.8872904851288772 0.23980823922402086 -0.3357315349136292
6.18 0.5035973023704439 0.7913671894392689 0.28776988706882506 -0.263789063146423
6.2 0.527578126292846 0.5995205980600522 0.28776988706882506 -0.1678657674568146
6.22 0.527578126292846 0.4076740066808355 0.23980823922402086 -0.023980823922402087
6.24 0.527578126292846 0.1918465913792167 0.23980823922402086 0.1678657674568146
6.26 0.5035973023704439 0.023980823922402087 0.21582741530161878 0.43165483060323756
6.28 0.4796164784480417 -0.1678657674568146 0.31175071099122714 0.7913671894392689
6.3 0.3597123588360313 -0.3357315349136292 0.45563565452563964 0.9832137808184855
6.32 0.21582741530161878 -0.5035973023704439 0.5755397741376501 1.0311754286632897
6.34 0.11990411961201043 -0.5995205980600522 0.6474822459048564 0.9352521329736814
6.36 0.09592329568960835 -0.7434055415944647 0.5995205980600522 0.9352521329736814
6.38 0.14388494353441253 -0.8633096612064751 0.4796164784480417 0.9352521329736814
6.4 0.14388494353441253 -1.0071946047408877 0.31175071099122714 1.0311754286632897
6.42 0.14388494353441253 -1.0791370765080939 0.11990411961201043 0.9592329568960835
6.44 0.1678657674568146 -1.1990411961201044 0.023980823922402087 0.8633096612064751
6.46 0.23980823922402086 -1.2470028439649086 0.0 0.6714630698272585
6.48 0.28776988706882506 -1.342926139654517 0.0 0.4796164784480417
6.5 0.31175071099122714 -1.3669069635769189 0.0 0.263789063146423
6.52 0.263789063146423 -1.414868611421723 0.0 0.023980823922402087
6.54 0.21582741530161878 -1.414868611421723 0.0 -0.1678657674568146
6.56 0.1918465913792167 -1.3669069635769189 0.0 -0.4076740066808355
6.58 0.1918465913792167 -1.2709836678873105 0.0 -0.5755397741376501
6.6 0.1918465913792167 -1.0791370765080939 0.0 -0.815348013361671
6.62 0.1678657674568146 -0.8633096612064751 0.0 -0.9352521329736814
6.64 0.14388494353441253 -0.6474822459048564 0.0 -1.103117900430496
6.66 0.14388494353441253 -0.45563565452563964 0.0 -1.103117900430496
6.68 0.11990411961201043 -0.28776988706882506 -0.023980823922402087 -1.0311754286632897
6.7 0.11990411961201043 -0.14388494353441253 -0.023980823922402087 -0.8872904851288772
6.72 0.14388494353441253 -0.047961647844804174 -0.023980823922402087 -0.9112713090512793
6.74 0.1918465913792167 -0.0 -0.07194247176720626 -0.815348013361671
6.76 0.28776988706882506 0.047961647844804174 -0.1678657674568146 -0.6954438937496605
6.78 0.3836931827584334 0.09592329568960835 -0.263789063146423 -0.4076740066808355
6.8 0.45563565452563964 0.1678657674568146 -0.31175071099122714 -0.23980823922402086
6.82 0.527578126292846 0.21582741530161878 -0.31175071099122714 -0.14388494353441253
6.84 0.6474822459048564 0.31175071099122714 -0.263789063146423 -0.09592329568960835
6.86 0.7194247176720626 0.3597123588360313 -0.21582741530161878 -0.047961647844804174
6.88 0.815348013361671 0.45563565452563964 -0.14388494353441253 -0.023980823922402087
6.9 0.8633096612064751 0.5035973023704439 -0.11990411961201043 -0.023980823922402087
6.92 0.8872904851288772 0.551558950215248 -0.14388494353441253 -0.07194247176720626
6.94 0.8872904851288772 0.527578126292846 -0.11990411961201043 -0.11990411961201043
6.96 0.8633096612064751 0.5035973023704439 -0.09592329568960835 -0.11990411961201043
6.98 0.7913671894392689 0.43165483060323756 -0.047961647844804174 -0.047961647844804174
7.0 0.6474822459048564 0.3836931827584334 0.0 0.023980823922402087
7.02 0.45563565452563964 0.3357315349136292 0.023980823922402087 0.09592329568960835
7.04 0.263789063146423 0.3357315349136292 0.14388494353441253 0.21582741530161878
7.06 0.07194247176720626 0.3357315349136292 0.263789063146423 0.3597123588360313
7.08 -0.14388494353441253 0.31175071099122714 0.43165483060323756 0.5035973023704439
7.1 -0.3836931827584334 0.263789063146423 0.527578126292846 0.5755397741376501
7.12 -0.6235014219824543 0.21582741530161878 0.6714630698272585 0.5995205980600522
7.14 -0.7673863655168668 0.14388494353441253 0.839328837284073 0.551558950215248
7.16 -0.9352521329736814 0.09592329568960835 1.055156252585692 0.3836931827584334
7.18 -1.103117900430496 0.11990411961201043 1.127098724352898 0.21582741530161878
7.2 -1.3189453157321147 0.1918465913792167 1.103117900430496 0.07194247176720626
7.22 -1.4628302592665272 0.23980823922402086 0.9832137808184855 0.023980823922402087
7.24 -1.5827343788785377 0.28776988706882506 0.815348013361671 -0.0
7.26 -1.5827343788785377 0.263789063146423 0.6474822459048564 -0.0
7.28 -1.5587535549561358 0.263789063146423 0.45563565452563964 -0.0
7.3 -1.4628302592665272 0.21582741530161878 0.23980823922402086 -0.0
7.32 -1.390887787499321 0.1678657674568146 0.047961647844804174 -0.0
7.34 -1.2709836678873105 0.14388494353441253 -0.09592329568960835 -0.0
7.36 -1.1510795482753002 0.11990411961201043 -0.31175071099122714 -0.0
7.38 -1.0071946047408877 0.09592329568960835 -0.5035973023704439 -0.0
7.4 -0.8872904851288772 0.09592329568960835 -0.7673863655168668 -0.0
7.42 -0.7434055415944647 0.09592329568960835 -0.9352521329736814 -0.0
7.44 -0.6235014219824543 0.11990411961201043 -1.1510795482753002 -0.0
7.46 -0.4796164784480417 0.14388494353441253 -1.2230220200425064 -0.0
7.48 -0.3597123588360313 0.1918465913792167 -1.1990411961201044 -0.0
7.5 -0.23980823922402086 0.21582741530161878 -1.1510795482753002 -0.0
7.52 -0.11990411961201043 0.23980823922402086 -1.1990411961201044 -0.0
7.54 -0.023980823922402087 0.23980823922402086 -1.1750603721977022 -0.0
7.56 0.047961647844804174 0.263789063146423 -1.0311754286632897 -0.023980823922402087
7.58 0.09592329568960835 0.31175071099122714 -0.6714630698272585 -0.09592329568960835
7.6 0.1918465913792167 0.3836931827584334 -0.4076740066808355 -0.1678657674568146
7.62 0.23980823922402086 0.43165483060323756 -0.23980823922402086 -0.23980823922402086
7.64 0.3357315349136292 0.551558950215248 -0.1918465913792167 -0.28776988706882506
7.66 0.3836931827584334 0.6235014219824543 -0.11990411961201043 -0.263789063146423
7.68 0.45563565452563964 0.7434055415944647 -0.047961647844804174 -0.23980823922402086
7.7 0.4796164784480417 0.815348013361671 0.0 -0.21582741530161878
7.72 0.5035973023704439 0.9112713090512793 0.11990411961201043 -0.28776988706882506
7.74 0.527578126292846 0.9352521329736814 0.21582741530161878 -0.3357315349136292
7.76 0.527578126292846 0.9352521329736814 0.3357315349136292 -0.3836931827584334
7.78 0.527578126292846 0.815348013361671 0.3357315349136292 -0.31175071099122714
7.8 0.551558950215248 0.6235014219824543 0.31175071099122714 -0.1918465913792167
7.82 0.551558950215248 0.4076740066808355 0.263789063146423 -0.023980823922402087
7.84 0.551558950215248 0.1918465913792167 0.23980823922402086 0.1918465913792167
7.86 0.5035973023704439 0.023980823922402087 0.21582741530161878 0.45563565452563964
7.88 0.45563565452563964 -0.11990411961201043 0.3357315349136292 0.7913671894392689
7.9 0.3357315349136292 -0.23980823922402086 0.4796164784480417 0.9592329568960835
7.92 0.1918465913792167 -0.43165483060323756 0.6235014219824543 1.0071946047408877
7.94 0.11990411961201043 -0.5755397741376501 0.6954438937496605 0.8872904851288772
7.96 0.09592329568960835 -0.7673863655168668 0.6235014219824543 0.8872904851288772
7.98 0.14388494353441253 -0.8872904851288772 0.45563565452563964 0.9352521329736814
8.0 0.1678657674568146 -1.0311754286632897 0.23980823922402086 1.0311754286632897
8.02 0.21582741530161878 -1.103117900430496 0.07194247176720626 0.9352521329736814
8.04 0.28776988706882506 -1.2470028439649086 0.023980823922402087 0.839328837284073
8.06 0.3357315349136292 -1.3189453157321147 0.0 0.6474822459048564
8.08 0.31175071099122714 -1.390887787499321 0.0 0.4796164784480417
8.1 0.23980823922402086 -1.4388494353441252 0.0 0.263789063146423
8.12 0.21582741530161878 -1.5347727310337336 0.0 0.023980823922402087
8.14 0.21582741530161878 -1.5107919071113314 0.0 -0.1678657674568146
8.16 0.21582741530161878 -1.390887787499321 0.0 -0.3836931827584334
8.18 0.1918465913792167 -1.127098724352898 0.0 -0.5755397741376501
8.2 0.14388494353441253 -0.9112713090512793 0.0 -0.7673863655168668
8.22 0.11990411961201043 -0.7194247176720626 0.0 -0.8872904851288772
8.24 0.11990411961201043 -0.551558950215248 0.0 -1.0311754286632897
8.26 0.14388494353441253 -0.4076740066808355 0.0 -1.0071946047408877
8.28 0.1678657674568146 -0.263789063146423 0.0 -0.9352521329736814
8.3 0.1678657674568146 -0.14388494353441253 0.0 -0.815348013361671
8.32 0.1918465913792167 -0.047961647844804174 -0.07194247176720626 -0.6714630698272585
8.34 0.21582741530161878 -0.0 -0.1918465913792167 -0.551558950215248
8.36 0.263789063146423 0.047961647844804174 -0.31175071099122714 -0.4076740066808355
8.38 0.31175071099122714 0.09592329568960835 -0.3836931827584334 -0.31175071099122714
8.4 0.3836931827584334 0.1678657674568146 -0.3597123588360313 -0.263789063146423
8.42 0.45563565452563964 0.21582741530161878 -0.3597123588360313 -0.21582741530161878
8.44 0.5995205980600522 0.31175071099122714 -0.263789063146423 -0.1678657674568146
8.46 0.7194247176720626 0.3597123588360313 -0.1918465913792167 -0.11990411961201043
8.48 0.839328837284073 0.43165483060323756 -0.14388494353441253 -0.07194247176720626
8.5 0.8872904851288772 0.4796164784480417 -0.14388494353441253 -0.047961647844804174
8.52 0.9352521329736814 0.527578126292846 -0.1678657674568146 -0.047961647844804174
8.54 0.8872904851288772 0.551558950215248 -0.14388494353441253 -0.07194247176720626
8.56 0.839328837284073 0.527578126292846 -0.11990411961201043 -0.07194247176720626
8.58 0.7434055415944647 0.4796164784480417 -0.047961647844804174 -0.11990411961201043
8.6 0.6235014219824543 0.4076740066808355 -0.023980823922402087 -0.14388494353441253
8.62 0.45563565452563964 0.3357315349136292 0.023980823922402087 -0.07194247176720626
8.64 0.28776988706882506 0.28776988706882506 0.1678657674568146 0.047961647844804174
8.66 0.09592329568960835 0.263789063146423 0.3357315349136292 0.23980823922402086
8.68 -0.11990411961201043 0.263789063146423 0.527578126292846 0.3836931827584334
8.7 -0.3597123588360313 0.23980823922402086 0.5995205980600522 0.4796164784480417
8.72 -0.6235014219824543 0.21582741530161878 0.6954438937496605 0.5035973023704439
8.74 -0.7673863655168668 0.14388494353441253 0.815348013361671 0.4796164784480417
8.76 -0.9112713090512793 0.07194247176720626 1.0071946047408877 0.3597123588360313
8.78 -1.0311754286632897 0.047961647844804174 1.127098724352898 0.21582741530161878
8.8 -1.2230220200425064 0.09592329568960835 1.1510795482753002 0.09592329568960835
8.82 -1.3669069635769189 0.14388494353441253 1.0071946047408877 0.023980823922402087
8.84 -1.4868110831889294 0.1918465913792167 0.8633096612064751 -0.0
8.86 -1.4868110831889294 0.21582741530161878 0.6714630698272585 -0.0
8.88 -1.4868110831889294 0.1918465913792167 0.4796164784480417 -0.0
8.9 -1.414868611421723 0.1678657674568146 0.28776988706882506 -0.0
8.92 -1.342926139654517 0.14388494353441253 0.09592329568960835 -0.0
8.94 -1.2470028439649086 0.09592329568960835 -0.023980823922402087 -0.0
8.96 -1.127098724352898 0.07194247176720626 -0.23980823922402086 -0.0
8.98 -1.0071946047408877 0.07194247176720626 -0.43165483060323756 -0.0
9.0 -0.8633096612064751 0.07194247176720626 -0.6954438937496605 -0.0
9.02 -0.7434055415944647 0.07194247176720626 -0.8633096612064751 -0.0
9.04 -0.6235014219824543 0.09592329568960835 -1.0791370765080939 -0.0
9.06 -0.5035973023704439 0.11990411961201043 -1.1510795482753002 -0.0
9.08 -0.3836931827584334 0.14388494353441253 -1.1990411961201044 -0.0
9.1 -0.263789063146423 0.1678657674568146 -1.0791370765080939 -0.0
9.12 -0.14388494353441253 0.21582741530161878 -1.0791370765080939 -0.0
9.14 -0.047961647844804174 0.1918465913792167 -1.103117900430496 -0.0
9.16 0.023980823922402087 0.1918465913792167 -1.127098724352898 -0.0
9.18 0.09592329568960835 0.21582741530161878 -0.9832137808184855 -0.0
9.2 0.14388494353441253 0.31175071099122714 -0.6954438937496605 -0.0
9.22 0.1918465913792167 0.43165483060323756 -0.3836931827584334 -0.047961647844804174
9.24 0.28776988706882506 0.527578126292846 -0.1678657674568146 -0.11990411961201043
9.26 0.3597123588360313 0.6235014219824543 -0.047961647844804174 -0.1678657674568146
9.28 0.43165483060323756 0.7194247176720626 0.023980823922402087 -0.21582741530161878
9.3 0.45563565452563964 0.7673863655168668 0.07194247176720626 -0.21582741530161878
9.32 0.5035973023704439 0.839328837284073 0.1678657674568146 -0.21582741530161878
9.34 0.5035973023704439 0.8633096612064751 0.23980823922402086 -0.263789063146423
9.36 0.527578126292846 0.839328837284073 0.28776988706882506 -0.31175071099122714
9.38 0.5035973023704439 0.7434055415944647 0.31175071099122714 -0.263789063146423
9.4 0.5035973023704439 0.5755397741376501 0.263789063146423 -0.1678657674568146
9.42 0.4796164784480417 0.3836931827584334 0.1918465913792167 -0.023980823922402087
9.44 0.4796164784480417 0.21582741530161878 0.1918465913792167 0.1918465913792167
9.46 0.43165483060323756 0.07194247176720626 0.263789063146423 0.45563565452563964
9.48 0.3836931827584334 -0.047961647844804174 0.3836931827584334 0.7434055415944647
9.5 0.263789063146423 -0.1678657674568146 0.527578126292846 0.8633096612064751
9.52 0.1678657674568146 -0.3597123588360313 0.6235014219824543 0.839328837284073
9.54 0.11990411961201043 -0.527578126292846 0.6474822459048564 0.7673863655168668
9.56 0.14388494353441253 -0.7194247176720626 0.551558950215248 0.839328837284073
9.58 0.1678657674568146 -0.839328837284073 0.3597123588360313 0.9112713090512793
9.6 0.23980823922402086 -0.9832137808184855 0.1678657674568146 0.9832137808184855
9.62 0.28776988706882506 -1.0791370765080939 0.047961647844804174 0.8872904851288772
9.64 0.3357315349136292 -1.1990411961201044 0.0 0.7913671894392689
9.66 0.31175071099122714 -1.2709836678873105 0.0 0.5995205980600522
9.68 0.28776988706882506 -1.414868611421723 0.0 0.3836931827584334
9.7 0.23980823922402086 -1.5107919071113314 0.0 0.1678657674568146
9.72 0.23980823922402086 -1.5587535549561358 0.0 -0.047961647844804174
9.74 0.21582741530161878 -1.4628302592665272 0.0 -0.21582741530161878
9.76 0.1918465913792167 -1.2230220200425064 0.0 -0.4076740066808355
9.78 0.1678657674568146 -0.9592329568960835 0.0 -0.5755397741376501
9.8 0.14388494353441253 -0.7673863655168668 0.0 -0.7673863655168668
9.82 0.11990411961201043 -0.5995205980600522 0.0 -0.8872904851288772
9.84 0.11990411961201043 -0.45563565452563964 0.0 -1.0311754286632897
9.86 0.14388494353441253 -0.3357315349136292 0.0 -0.9592329568960835
9.88 0.1918465913792167 -0.1918465913792167 0.0 -0.9112713090512793
9.9 0.21582741530161878 -0.09592329568960835 -0.023980823922402087 -0.6954438937496605
9.92 0.23980823922402086 -0.023980823922402087 -0.11990411961201043 -0.527578126292846
9.94 0.263789063146423 -0.0 -0.21582741530161878 -0.3836931827584334
9.96 0.28776988706882506 0.023980823922402087 -0.31175071099122714 -0.31175071099122714
9.98 0.31175071099122714 0.09592329568960835 -0.3357315349136292 -0.23980823922402086
10.0 0.3836931827584334 0.1678657674568146 -0.31175071099122714 -0.23980823922402086
10.02 0.43165483060323756 0.263789063146423 -0.263789063146423 -0.1678657674568146
10.04 0.527578126292846 0.3357315349136292 -0.1918465913792167 -0.11990411961201043
10.06 0.5995205980600522 0.3836931827584334 -0.14388494353441253 -0.09592329568960835
10.08 0.7673863655168668 0.45563565452563964 -0.11990411961201043 -0.07194247176720626
10.1 0.8872904851288772 0.4796164784480417 -0.14388494353441253 -0.11990411961201043
10.12 0.9592329568960835 0.527578126292846 -0.1918465913792167 -0.11990411961201043
10.14 0.9352521329736814 0.527578126292846 -0.1918465913792167 -0.14388494353441253
10.16 0.8872904851288772 0.551558950215248 -0.14388494353441253 -0.14388494353441253
10.18 0.7434055415944647 0.527578126292846 -0.07194247176720626 -0.14388494353441253
10.2 0.5995205980600522 0.4796164784480417 0.0 -0.11990411961201043
10.22 0.43165483060323756 0.3836931827584334 0.023980823922402087 -0.047961647844804174
10.24 0.263789063146423 0.31175071099122714 0.11990411961201043 0.047961647844804174
10.26 0.09592329568960835 0.263789063146423 0.263789063146423 0.1678657674568146
10.28 -0.14388494353441253 0.23980823922402086 0.45563565452563964 0.28776988706882506
10.3 -0.3597123588360313 0.23980823922402086 0.5755397741376501 0.3836931827584334
10.32 -0.6235014219824543 0.21582741530161878 0.7194247176720626 0.43165483060323756
10.34 -0.7913671894392689 0.14388494353441253 0.8633096612064751 0.43165483060323756
10.36 -0.9352521329736814 0.07194247176720626 1.055156252585692 0.31175071099122714
10.38 -1.055156252585692 0.047961647844804174 1.1510795482753002 0.1918465913792167
10.4 -1.2230220200425064 0.07194247176720626 1.1510795482753002 0.09592329568960835
10.42 -1.342926139654517 0.11990411961201043 1.0071946047408877 0.023980823922402087
10.44 -1.4628302592665272 0.1678657674568146 0.8633096612064751 -0.0
10.46 -1.4868110831889294 0.1678657674568146 0.6714630698272585 -0.0
10.48 -1.4868110831889294 0.1678657674568146 0.4796164784480417 -0.0
10.5 -1.390887787499321 0.14388494353441253 0.28776988706882506 -0.0
10.52 -1.342926139654517 0.11990411961201043 0.11990411961201043 -0.0
10.54 -1.2230220200425064 0.07194247176720626 -0.023980823922402087 -0.0
10.56 -1.127098724352898 0.07194247176720626 -0.23980823922402086 -0.0
10.58 -1.0071946047408877 0.047961647844804174 -0.43165483060323756 -0.0
10.6 -0.8872904851288772 0.07194247176720626 -0.6954438937496605 -0.0
10.62 -0.7434055415944647 0.09592329568960835 -0.8633096612064751 -0.0
10.64 -0.6474822459048564 0.09592329568960835 -1.0791370765080939 -0.0
10.66 -0.527578126292846 0.11990411961201043 -1.1510795482753002 -0.0
10.68 -0.3836931827584334 0.1678657674568146 -1.1750603721977022 -0.0
10.7 -0.263789063146423 0.1918465913792167 -1.0791370765080939 -0.0
10.72 -0.14388494353441253 0.21582741530161878 -1.0791370765080939 -0.0
10.74 -0.047961647844804174 0.1918465913792167 -1.127098724352898 -0.0
10.76 0.023980823922402087 0.1918465913792167 -1.127098724352898 -0.0
10.78 0.09592329568960835 0.23980823922402086 -0.9592329568960835 -0.0
10.8 0.14388494353441253 0.3357315349136292 -0.6235014219824543 -0.023980823922402087
10.82 0.21582741530161878 0.43165483060323756 -0.3357315349136292 -0.047961647844804174
10.84 0.28776988706882506 0.551558950215248 -0.14388494353441253 -0.11990411961201043
10.86 0.3597123588360313 0.5995205980600522 -0.023980823922402087 -0.1918465913792167
10.88 0.43165483060323756 0.7194247176720626 0.023980823922402087 -0.23980823922402086
10.9 0.4796164784480417 0.7673863655168668 0.07194247176720626 -0.23980823922402086
10.92 0.527578126292846 0.839328837284073 0.11990411961201043 -0.23980823922402086
10.94 0.527578126292846 0.839328837284073 0.21582741530161878 -0.263789063146423
10.96 0.527578126292846 0.839328837284073 0.263789063146423 -0.28776988706882506
10.98 0.5035973023704439 0.7673863655168668 0.28776988706882506 -0.23980823922402086
11.0 0.5035973023704439 0.5995205980600522 0.23980823922402086 -0.1678657674568146
11.02 0.4796164784480417 0.4076740066808355 0.1918465913792167 -0.023980823922402087
11.04 0.45563565452563964 0.21582741530161878 0.1918465913792167 0.1678657674568146
11.06 0.43165483060323756 0.07194247176720626 0.263789063146423 0.43165483060323756
11.08 0.3597123588360313 -0.047961647844804174 0.3836931827584334 0.7194247176720626
11.1 0.263789063146423 -0.1678657674568146 0.527578126292846 0.839328837284073
11.12 0.1678657674568146 -0.3357315349136292 0.5995205980600522 0.8633096612064751
11.14 0.11990411961201043 -0.4796164784480417 0.6474822459048564 0.7673863655168668
11.16 0.14388494353441253 -0.6714630698272585 0.551558950215248 0.815348013361671
11.18 0.1678657674568146 -0.7913671894392689 0.3836931827584334 0.8872904851288772
11.2 0.1918465913792167 -0.9352521329736814 0.1918465913792167 0.9592329568960835
11.22 0.23980823922402086 -1.0071946047408877 0.047961647844804174 0.9112713090512793
11.24 0.31175071099122714 -1.127098724352898 0.0 0.7913671894392689
11.26 0.31175071099122714 -1.1990411961201044 0.0 0.6474822459048564
11.28 0.28776988706882506 -1.2949644918097127 0.0 0.43165483060323756
11.3 0.23980823922402086 -1.414868611421723 0.0 0.21582741530161878
11.32 0.23980823922402086 -1.4868110831889294 0.0 -0.0
11.34 0.21582741530161878 -1.414868611421723 0.0 -0.14388494353441253
11.36 0.1918465913792167 -1.2470028439649086 0.0 -0.3357315349136292
11.38 0.1678657674568146 -1.0071946047408877 0.0 -0.5035973023704439
11.4 0.14388494353441253 -0.815348013361671 0.0 -0.6954438937496605
11.42 0.11990411961201043 -0.6235014219824543 0.0 -0.815348013361671
11.44 0.11990411961201043 -0.4796164784480417 0.0 -0.9592329568960835
11.46 0.11990411961201043 -0.3357315349136292 0.0 -0.9592329568960835
11.48 0.1678657674568146 -0.21582741530161878 0.0 -0.8872904851288772
11.5 0.1918465913792167 -0.11990411961201043 0.0 -0.7434055415944647
11.52 0.21582741530161878 -0.047961647844804174 -0.047961647844804174 -0.5755397741376501
11.54 0.23980823922402086 -0.0 -0.11990411961201043 -0.45563565452563964
11.56 0.28776988706882506 0.023980823922402087 -0.21582741530161878 -0.3597123588360313
11.58 0.31175071099122714 0.07194247176720626 -0.263789063146423 -0.23980823922402086
11.6 0.3836931827584334 0.14388494353441253 -0.263789063146423 -0.1678657674568146
11.62 0.43165483060323756 0.21582741530161878 -0.263789063146423 -0.11990411961201043
11.64 0.5035973023704439 0.31175071099122714 -0.21582741530161878 -0.09592329568960835
11.66 0.551558950215248 0.3597123588360313 -0.14388494353441253 -0.07194247176720626
11.68 0.6474822459048564 0.43165483060323756 -0.11990411961201043 -0.047961647844804174
11.7 0.7434055415944647 0.45563565452563964 -0.09592329568960835 -0.047961647844804174
11.72 0.839328837284073 0.5035973023704439 -0.11990411961201043 -0.047961647844804174
11.74 0.839328837284073 0.5035973023704439 -0.11990411961201043 -0.047961647844804174
11.76 0.815348013361671 0.527578126292846 -0.07194247176720626 -0.0
11.78 0.6954438937496605 0.5035973023704439 -0.047961647844804174 -0.0
11.8 0.527578126292846 0.4796164784480417 -0.023980823922402087 -0.0
11.82 0.3357315349136292 0.43165483060323756 0.0 -0.0
11.84 0.1678657674568146 0.3836931827584334 0.09592329568960835 0.023980823922402087
11.86 0.0 0.31175071099122714 0.21582741530161878 0.07194247176720626
11.88 -0.263789063146423 0.23980823922402086 0.3836931827584334 0.14388494353441253
11.9 -0.5035973023704439 0.1918465913792167 0.527578126292846 0.21582741530161878
11.92 -0.7194247176720626 0.14388494353441253 0.7913671894392689 0.23980823922402086
11.94 -0.815348013361671 0.11990411961201043 0.9592329568960835 0.23980823922402086
11.96 -0.9592329568960835 0.07194247176720626 1.1510795482753002 0.1678657674568146
11.98 -1.0791370765080939 0.07194247176720626 1.127098724352898 0.09592329568960835
12.0 -1.2470028439649086 0.09592329568960835 1.0791370765080939 0.047961647844804174
12.02 -1.342926139654517 0.11990411961201043 0.9112713090512793 0.047961647844804174
12.04 -1.414868611421723 0.14388494353441253 0.7434055415944647 0.047961647844804174
12.06 -1.414868611421723 0.14388494353441253 0.5755397741376501 0.07194247176720626
12.08 -1.414868611421723 0.11990411961201043 0.3597123588360313 0.07194247176720626
12.1 -1.342926139654517 0.09592329568960835 0.1918465913792167 0.023980823922402087
12.12 -1.2709836678873105 0.07194247176720626 0.0 -0.0
12.14 -1.1750603721977022 0.07194247176720626 -0.14388494353441253 -0.0
12.16 -1.055156252585692 0.07194247176720626 -0.3597123588360313 -0.0
12.18 -0.9352521329736814 0.07194247176720626 -0.551558950215248 -0.0
12.2 -0.839328837284073 0.09592329568960835 -0.815348013361671 -0.0
12.22 -0.7194247176720626 0.09592329568960835 -0.9592329568960835 -0.0
12.24 -0.5995205980600522 0.14388494353441253 -1.1510795482753002 -0.0
12.26 -0.45563565452563964 0.1678657674568146 -1.1750603721977022 -0.0
12.28 -0.3357315349136292 0.1918465913792167 -1.1750603721977022 -0.0
12.3 -0.1918465913792167 0.21582741530161878 -1.103117900430496 -0.0
12.32 -0.07194247176720626 0.23980823922402086 -1.1750603721977022 -0.0
12.34 0.0 0.21582741530161878 -1.1750603721977022 -0.0
12.36 0.07194247176720626 0.263789063146423 -1.0311754286632897 -0.023980823922402087
12.38 0.14388494353441253 0.3357315349136292 -0.6954438937496605 -0.11990411961201043
12.4 0.21582741530161878 0.4076740066808355 -0.3836931827584334 -0.21582741530161878
12.42 0.263789063146423 0.4796164784480417 -0.23980823922402086 -0.31175071099122714
12.44 0.3597123588360313 0.5755397741376501 -0.1918465913792167 -0.3357315349136292
12.46 0.4076740066808355 0.6714630698272585 -0.14388494353441253 -0.31175071099122714
12.48 0.45563565452563964 0.7913671894392689 -0.07194247176720626 -0.23980823922402086
12.5 0.45563565452563964 0.8633096612064751 0.0 -0.1918465913792167
12.52 0.5035973023704439 0.9592329568960835 0.11990411961201043 -0.23980823922402086
12.54 0.5035973023704439 0.9832137808184855 0.23980823922402086 -0.28776988706882506
12.56 0.527578126292846 0.9832137808184855 0.3597123588360313 -0.3357315349136292
12.58 0.527578126292846 0.8633096612064751 0.3357315349136292 -0.31175071099122714
12.6 0.551558950215248 0.6714630698272585 0.31175071099122714 -0.21582741530161878
12.62 0.551558950215248 0.45563565452563964 0.263789063146423 -0.047961647844804174
12.64 0.551558950215248 0.23980823922402086 0.23980823922402086 0.14388494353441253
12.66 0.5035973023704439 0.047961647844804174 0.23980823922402086 0.43165483060323756
12.68 0.43165483060323756 -0.07194247176720626 0.3357315349136292 0.7194247176720626
12.7 0.31175071099122714 -0.1918465913792167 0.5035973023704439 0.8872904851288772
12.72 0.1918465913792167 -0.3836931827584334 0.6235014219824543 0.9352521329736814
12.74 0.11990411961201043 -0.527578126292846 0.6714630698272585 0.839328837284073
12.76 0.11990411961201043 -0.7194247176720626 0.5995205980600522 0.8872904851288772
12.78 0.1678657674568146 -0.839328837284073 0.45563565452563964 0.9352521329736814
12.8 0.23980823922402086 -1.0071946047408877 0.23980823922402086 1.0071946047408877
12.82 0.31175071099122714 -1.103117900430496 0.07194247176720626 0.9352521329736814
12.84 0.3357315349136292 -1.2230220200425064 0.023980823922402087 0.839328837284073
12.86 0.31175071099122714 -1.2949644918097127 0.0 0.6954438937496605
12.88 0.263789063146423 -1.414868611421723 0.0 0.527578126292846
12.9 0.23980823922402086 -1.5107919071113314 0.0 0.28776988706882506
12.92 0.23980823922402086 -1.5587535549561358 0.0 0.047961647844804174
12.94 0.21582741530161878 -1.4628302592665272 0.0 -0.11990411961201043
12.96 0.1918465913792167 -1.2470028439649086 0.0 -0.31175071099122714
12.98 0.1678657674568146 -1.0311754286632897 0.0 -0.43165483060323756
13.0 0.11990411961201043 -0.8633096612064751 0.0 -0.6474822459048564
13.02 0.11990411961201043 -0.7194247176720626 0.0 -0.7673863655168668
13.04 0.11990411961201043 -0.551558950215248 0.0 -0.9592329568960835
13.06 0.11990411961201043 -0.4076740066808355 0.0 -0.9832137808184855
13.08 0.1678657674568146 -0.28776988706882506 0.0 -0.9352521329736814
13.1 0.21582741530161878 -0.1918465913792167 0.0 -0.839328837284073
13.12 0.23980823922402086 -0.09592329568960835 -0.047961647844804174 -0.6714630698272585
13.14 0.263789063146423 -0.023980823922402087 -0.14388494353441253 -0.527578126292846
13.16 0.28776988706882506 -0.0 -0.23980823922402086 -0.3836931827584334
13.18 0.28776988706882506 0.047961647844804174 -0.31175071099122714 -0.23980823922402086
13.2 0.3597123588360313 0.11990411961201043 -0.28776988706882506 -0.1918465913792167
13.22 0.4076740066808355 0.1918465913792167 -0.28776988706882506 -0.1678657674568146
13.24 0.4796164784480417 0.28776988706882506 -0.21582741530161878 -0.11990411961201043
13.26 0.527578126292846 0.3597123588360313 -0.14388494353441253 -0.09592329568960835
13.28 0.6474822459048564 0.43165483060323756 -0.07194247176720626 -0.047961647844804174
13.3 0.7673863655168668 0.45563565452563964 -0.047961647844804174 -0.023980823922402087
13.32 0.8633096612064751 0.5035973023704439 -0.07194247176720626 -0.023980823922402087
13.34 0.839328837284073 0.5035973023704439 -0.07194247176720626 -0.023980823922402087
13.36 0.7913671894392689 0.527578126292846 -0.07194247176720626 -0.023980823922402087
13.38 0.6474822459048564 0.5035973023704439 -0.023980823922402087 -0.023980823922402087
13.4 0.4796164784480417 0.4796164784480417 0.0 -0.0
13.42 0.31175071099122714 0.43165483060323756 0.0 -0.0
13.44 0.14388494353441253 0.3836931827584334 0.07194247176720626 0.023980823922402087
13.46 0.0 0.28776988706882506 0.1918465913792167 0.07194247176720626
13.48 -0.23980823922402086 0.21582741530161878 0.3836931827584334 0.14388494353441253
13.5 -0.45563565452563964 0.1918465913792167 0.527578126292846 0.23980823922402086
13.52 -0.6954438937496605 0.1918465913792167 0.7434055415944647 0.31175071099122714
13.54 -0.815348013361671 0.14388494353441253 0.8872904851288772 0.28776988706882506
13.56 -0.9592329568960835 0.07194247176720626 1.0791370765080939 0.23980823922402086
13.58 -1.055156252585692 0.047961647844804174 1.127098724352898 0.14388494353441253
13.6 -1.2230220200425064 0.047961647844804174 1.0791370765080939 0.07194247176720626
13.62 -1.3189453157321147 0.07194247176720626 0.9112713090512793 0.023980823922402087
13.64 -1.414868611421723 0.11990411961201043 0.7434055415944647 0.023980823922402087
13.66 -1.414868611421723 0.11990411961201043 0.551558950215248 0.047961647844804174
13.68 -1.414868611421723 0.11990411961201043 0.3836931827584334 0.047961647844804174
13.7 -1.3669069635769189 0.09592329568960835 0.1918465913792167 0.023980823922402087
13.72 -1.2949644918097127 0.09592329568960835 0.0 -0.0
13.74 -1.1750603721977022 0.07194247176720626 -0.14388494353441253 -0.0
13.76 -1.0791370765080939 0.07194247176720626 -0.3597123588360313 -0.0
13.78 -0.9592329568960835 0.07194247176720626 -0.551558950215248 -0.0
13.8 -0.839328837284073 0.09592329568960835 -0.815348013361671 -0.0
13.82 -0.7194247176720626 0.09592329568960835 -0.9832137808184855 -0.0
13.84 -0.5755397741376501 0.11990411961201043 -1.1510795482753002 -0.0
13.86 -0.45563565452563964 0.14388494353441253 -1.1750603721977022 -0.0
13.88 -0.31175071099122714 0.1918465913792167 -1.1510795482753002 -0.0
13.9 -0.21582741530161878 0.21582741530161878 -1.0791370765080939 -0.0
13.92 -0.07194247176720626 0.21582741530161878 -1.1990411961201044 -0.0
13.94 0.0 0.21582741530161878 -1.1990411961201044 -0.0
13.96 0.09592329568960835 0.23980823922402086 -1.0791370765080939 -0.023980823922402087
13.98 0.14388494353441253 0.31175071099122714 -0.7434055415944647 -0.07194247176720626
14.0 0.21582741530161878 0.4076740066808355 -0.43165483060323756 -0.14388494353441253
14.02 0.263789063146423 0.4796164784480417 -0.23980823922402086 -0.23980823922402086
14.04 0.3357315349136292 0.5755397741376501 -0.1678657674568146 -0.28776988706882506
14.06 0.3836931827584334 0.6714630698272585 -0.11990411961201043 -0.31175071099122714
14.08 0.45563565452563964 0.7913671894392689 -0.047961647844804174 -0.263789063146423
14.1 0.4796164784480417 0.8633096612064751 0.023980823922402087 -0.1918465913792167
14.12 0.5035973023704439 0.9592329568960835 0.1678657674568146 -0.23980823922402086
14.14 0.5035973023704439 1.0071946047408877 0.263789063146423 -0.31175071099122714
14.16 0.527578126292846 0.9832137808184855 0.3597123588360313 -0.3597123588360313
14.18 0.527578126292846 0.8633096612064751 0.3597123588360313 -0.3357315349136292
14.2 0.551558950215248 0.6954438937496605 0.3357315349136292 -0.23980823922402086
14.22 0.551558950215248 0.4796164784480417 0.28776988706882506 -0.07194247176720626
14.24 0.551558950215248 0.263789063146423 0.23980823922402086 0.14388494353441253
14.26 0.5035973023704439 0.07194247176720626 0.23980823922402086 0.4076740066808355
14.28 0.43165483060323756 -0.07194247176720626 0.3597123588360313 0.7194247176720626
14.3 0.31175071099122714 -0.1678657674568146 0.5035973023704439 0.8872904851288772
14.32 0.1918465913792167 -0.3597123588360313 0.6235014219824543 0.9112713090512793
14.34 0.11990411961201043 -0.5035973023704439 0.6954438937496605 0.839328837284073
14.36 0.11990411961201043 -0.7194247176720626 0.5995205980600522 0.8872904851288772
14.38 0.1678657674568146 -0.839328837284073 0.43165483060323756 0.9352521329736814
14.4 0.23980823922402086 -0.9832137808184855 0.21582741530161878 1.0311754286632897
14.42 0.31175071099122714 -1.0791370765080939 0.07194247176720626 0.9592329568960835
14.44 0.3357315349136292 -1.2230220200425064 0.0 0.8633096612064751
14.46 0.31175071099122714 -1.2949644918097127 0.0 0.6954438937496605
14.48 0.263789063146423 -1.4388494353441252 0.0 0.5035973023704439
14.5 0.23980823922402086 -1.5347727310337336 0.0 0.263789063146423
14.52 0.23980823922402086 -1.5587535549561358 0.0 0.023980823922402087
14.54 0.21582741530161878 -1.4628302592665272 0.0 -0.11990411961201043
14.56 0.1918465913792167 -1.2230220200425064 0.0 -0.28776988706882506
14.58 0.1678657674568146 -1.0071946047408877 0.0 -0.43165483060323756
14.6 0.14388494353441253 -0.839328837284073 0.0 -0.6474822459048564
14.62 0.11990411961201043 -0.6954438937496605 0.0 -0.7673863655168668
14.64 0.11990411961201043 -0.551558950215248 0.0 -0.9352521329736814
14.66 0.14388494353441253 -0.43165483060323756 0.0 -0.9832137808184855
14.68 0.1678657674568146 -0.31175071099122714 0.0 -0.9592329568960835
14.7 0.21582741530161878 -0.21582741530161878 0.0 -0.815348013361671
14.72 0.263789063146423 -0.11990411961201043 -0.07194247176720626 -0.5995205980600522
14.74 0.263789063146423 -0.047961647844804174 -0.14388494353441253 -0.4076740066808355
14.76 0.28776988706882506 -0.0 -0.23980823922402086 -0.28776988706882506
14.78 0.31175071099122714 0.047961647844804174 -0.28776988706882506 -0.21582741530161878
14.8 0.3597123588360313 0.11990411961201043 -0.28776988706882506 -0.21582741530161878
14.82 0.3836931827584334 0.21582741530161878 -0.263789063146423 -0.14388494353441253
14.84 0.45563565452563964 0.31175071099122714 -0.1918465913792167 -0.09592329568960835
14.86 0.527578126292846 0.3597123588360313 -0.11990411961201043 -0.047961647844804174
14.88 0.6474822459048564 0.43165483060323756 -0.07194247176720626 -0.047961647844804174
14.9 0.7194247176720626 0.45563565452563964 -0.07194247176720626 -0.047961647844804174
14.92 0.839328837284073 0.5035973023704439 -0.09592329568960835 -0.047961647844804174
14.94 0.839328837284073 0.5035973023704439 -0.07194247176720626 -0.07194247176720626
14.96 0.7913671894392689 0.527578126292846 -0.047961647844804174 -0.047961647844804174
14.98 0.6714630698272585 0.5035973023704439 -0.023980823922402087 -0.023980823922402087
15.0 0.5035973023704439 0.4796164784480417 0.0 -0.0
15.02 0.31175071099122714 0.43165483060323756 0.0 -0.0
15.04 0.14388494353441253 0.3597123588360313 0.09592329568960835 -0.0
15.06 0.0 0.28776988706882506 0.1918465913792167 0.07194247176720626
15.08 -0.23980823922402086 0.23980823922402086 0.3597123588360313 0.11990411961201043
15.1 -0.4796164784480417 0.1918465913792167 0.5035973023704439 0.21582741530161878
15.12 -0.6954438937496605 0.1678657674568146 0.7434055415944647 0.263789063146423
15.14 -0.815348013361671 0.11990411961201043 0.9112713090512793 0.28776988706882506
15.16 -0.9592329568960835 0.07194247176720626 1.103117900430496 0.23980823922402086
15.18 -1.055156252585692 0.047961647844804174 1.127098724352898 0.11990411961201043
15.2 -1.2230220200425064 0.07194247176720626 1.0791370765080939 0.07194247176720626
15.22 -1.3189453157321147 0.09592329568960835 0.9112713090512793 0.023980823922402087
15.24 -1.414868611421723 0.14388494353441253 0.7434055415944647 0.023980823922402087
15.26 -1.4388494353441252 0.14388494353441253 0.551558950215248 0.023980823922402087
15.28 -1.4388494353441252 0.11990411961201043 0.3597123588360313 0.023980823922402087
15.3 -1.3669069635769189 0.11990411961201043 0.1918465913792167 -0.0
15.32 -1.2949644918097127 0.09592329568960835 0.0 -0.0
15.34 -1.1750603721977022 0.09592329568960835 -0.14388494353441253 -0.0
15.36 -1.0791370765080939 0.09592329568960835 -0.3597123588360313 -0.0
15.38 -0.9592329568960835 0.09592329568960835 -0.5755397741376501 -0.0
15.4 -0.839328837284073 0.09592329568960835 -0.839328837284073 -0.0
15.42 -0.6954438937496605 0.09592329568960835 -0.9832137808184855 -0.0
15.44 -0.5755397741376501 0.14388494353441253 -1.1510795482753002 -0.0
15.46 -0.45563565452563964 0.1678657674568146 -1.1750603721977022 -0.0
15.48 -0.3357315349136292 0.21582741530161878 -1.1750603721977022 -0.0
15.5 -0.21582741530161878 0.21582741530161878 -1.103117900430496 -0.0
15.52 -0.07194247176720626 0.23980823922402086 -1.1750603721977022 -0.0
15.54 0.0 0.23980823922402086 -1.1750603721977022 -0.0
15.56 0.07194247176720626 0.28776988706882506 -1.0311754286632897 -0.023980823922402087
15.58 0.14388494353441253 0.3357315349136292 -0.6474822459048564 -0.09592329568960835
15.6 0.21582741530161878 0.43165483060323756 -0.3836931827584334 -0.1918465913792167
15.62 0.263789063146423 0.4796164784480417 -0.21582741530161878 -0.28776988706882506
15.64 0.3597123588360313 0.5755397741376501 -0.1678657674568146 -0.3357315349136292
15.66 0.3836931827584334 0.6714630698272585 -0.11990411961201043 -0.31175071099122714
15.68 0.43165483060323756 0.7913671894392689 -0.047961647844804174 -0.263789063146423
15.7 0.45563565452563964 0.8633096612064751 0.0 -0.1918465913792167
15.72 0.5035973023704439 0.9592329568960835 0.11990411961201043 -0.21582741530161878
15.74 0.5035973023704439 0.9832137808184855 0.21582741530161878 -0.263789063146423
15.76 0.527578126292846 0.9832137808184855 0.3357315349136292 -0.31175071099122714
15.78 0.527578126292846 0.8633096612064751 0.3357315349136292 -0.28776988706882506
15.8 0.551558950215248 0.6714630698272585 0.31175071099122714 -0.1918465913792167
15.82 0.527578126292846 0.45563565452563964 0.263789063146423 -0.023980823922402087
15.84 0.527578126292846 0.23980823922402086 0.23980823922402086 0.14388494353441253
15.86 0.5035973023704439 0.07194247176720626 0.263789063146423 0.4076740066808355
15.88 0.43165483060323756 -0.07194247176720626 0.3836931827584334 0.7194247176720626
15.9 0.28776988706882506 -0.1918465913792167 0.527578126292846 0.8633096612064751
15.92 0.1918465913792167 -0.3836931827584334 0.6474822459048564 0.8872904851288772
15.94 0.11990411961201043 -0.527578126292846 0.6954438937496605 0.815348013361671
15.96 0.14388494353441253 -0.7434055415944647 0.5995205980600522 0.8633096612064751
15.98 0.1918465913792167 -0.8633096612064751 0.43165483060323756 0.9352521329736814
16.0 0.263789063146423 -1.0071946047408877 0.23980823922402086 1.0311754286632897
16.02 0.3357315349136292 -1.127098724352898 0.07194247176720626 0.9352521329736814
16.04 0.3357315349136292 -1.2709836678873105 0.023980823922402087 0.839328837284073
16.06 0.31175071099122714 -1.3189453157321147 0.0 0.6714630698272585
16.08 0.23980823922402086 -1.4388494353441252 0.0 0.5035973023704439
16.1 0.23980823922402086 -1.5107919071113314 0.0 0.263789063146423
16.12 0.21582741530161878 -1.5587535549561358 0.0 0.047961647844804174
16.14 0.21582741530161878 -1.4628302592665272 0.0 -0.11990411961201043
16.16 0.1918465913792167 -1.2230220200425064 0.0 -0.28776988706882506
16.18 0.14388494353441253 -1.0071946047408877 0.0 -0.43165483060323756
16.2 0.11990411961201043 -0.839328837284073 0.0 -0.6474822459048564
16.22 0.09592329568960835 -0.6954438937496605 0.0 -0.7673863655168668
16.24 0.09592329568960835 -0.551558950215248 0.0 -0.9592329568960835
16.26 0.14388494353441253 -0.4076740066808355 0.0 -0.9832137808184855
16.28 0.1678657674568146 -0.31175071099122714 0.0 -0.9112713090512793
16.3 0.21582741530161878 -0.1918465913792167 -0.023980823922402087 -0.6714630698272585
16.32 0.21582741530161878 -0.09592329568960835 -0.023980823922402087 -0.527578126292846
16.34 0.21582741530161878 -0.023980823922402087 -0.023980823922402087 -0.4796164784480417
16.36 0.23980823922402086 0.023980823922402087 -0.11990411961201043 -0.5035973023704439
16.38 0.263789063146423 0.07194247176720626 -0.23980823922402086 -0.4076740066808355
16.4 0.3357315349136292 0.14388494353441253 -0.3357315349136292 -0.263789063146423
16.42 0.4076740066808355 0.21582741530161878 -0.3597123588360313 -0.1918465913792167
16.44 0.4796164784480417 0.28776988706882506 -0.31175071099122714 -0.1678657674568146
16.46 0.5755397741376501 0.3597123588360313 -0.23980823922402086 -0.14388494353441253
16.48 0.7194247176720626 0.4076740066808355 -0.14388494353441253 -0.09592329568960835
16.5 0.815348013361671 0.45563565452563964 -0.09592329568960835 -0.047961647844804174
16.52 0.8872904851288772 0.4796164784480417 -0.09592329568960835 -0.023980823922402087
16.54 0.8633096612064751 0.5035973023704439 -0.09592329568960835 -0.023980823922402087
16.56 0.7913671894392689 0.527578126292846 -0.09592329568960835 -0.023980823922402087
16.58 0.6474822459048564 0.5035973023704439 -0.047961647844804174 -0.023980823922402087
16.6 0.5035973023704439 0.4796164784480417 0.0 -0.0
16.62 0.3357315349136292 0.43165483060323756 0.023980823922402087 -0.0
16.64 0.1678657674568146 0.3597123588360313 0.09592329568960835 0.023980823922402087
16.66 0.023980823922402087 0.28776988706882506 0.23980823922402086 0.11990411961201043
16.68 -0.1678657674568146 0.21582741530161878 0.43165483060323756 0.21582741530161878
16.7 -0.4076740066808355 0.1678657674568146 0.5755397741376501 0.31175071099122714
16.72 -0.6474822459048564 0.1678657674568146 0.7194247176720626 0.3597123588360313
16.74 -0.7913671894392689 0.14388494353441253 0.8633096612064751 0.3357315349136292
16.76 -0.9112713090512793 0.09592329568960835 1.0311754286632897 0.23980823922402086
16.78 -1.0071946047408877 0.047961647844804174 1.127098724352898 0.14388494353441253
16.8 -1.1510795482753002 0.047961647844804174 1.0791370765080939 0.07194247176720626
16.82 -1.2470028439649086 0.07194247176720626 0.9352521329736814 0.023980823922402087
16.84 -1.342926139654517 0.11990411961201043 0.7434055415944647 -0.0
16.86 -1.3669069635769189 0.14388494353441253 0.5755397741376501 -0.0
16.88 -1.3669069635769189 0.14388494353441253 0.3836931827584334 -0.0
16.9 -1.3189453157321147 0.11990411961201043 0.21582741530161878 -0.0
16.92 -1.2470028439649086 0.09592329568960835 0.047961647844804174 -0.0
16.94 -1.1510795482753002 0.09592329568960835 -0.07194247176720626 -0.0
16.96 -1.055156252585692 0.07194247176720626 -0.28776988706882506 -0.0
16.98 -0.9352521329736814 0.07194247176720626 -0.4796164784480417 -0.0
17.0 -0.815348013361671 0.07194247176720626 -0.7194247176720626 -0.0
17.02 -0.6954438937496605 0.09592329568960835 -0.8633096612064751 -0.0
17.04 -0.5755397741376501 0.11990411961201043 -1.0791370765080939 -0.0
17.06 -0.45563565452563964 0.14388494353441253 -1.1510795482753002 -0.0
17.08 -0.3357315349136292 0.1678657674568146 -1.1750603721977022 -0.0
17.1 -0.21582741530161878 0.1918465913792167 -1.055156252585692 -0.0
17.12 -0.11990411961201043 0.21582741530161878 -1.0791370765080939 -0.0
17.14 -0.023980823922402087 0.21582741530161878 -1.0791370765080939 -0.0
17.16 0.047961647844804174 0.23980823922402086 -1.0311754286632897 -0.0
17.18 0.11990411961201043 0.28776988706882506 -0.7673863655168668 -0.047961647844804174
17.2 0.1918465913792167 0.3597123588360313 -0.43165483060323756 -0.11990411961201043
17.22 0.263789063146423 0.4076740066808355 -0.21582741530161878 -0.1918465913792167
17.24 0.3357315349136292 0.5035973023704439 -0.11990411961201043 -0.23980823922402086
17.26 0.3836931827584334 0.5995205980600522 -0.09592329568960835 -0.263789063146423
17.28 0.43165483060323756 0.7194247176720626 -0.047961647844804174 -0.23980823922402086
17.3 0.45563565452563964 0.7673863655168668 0.0 -0.1678657674568146
17.32 0.5035973023704439 0.839328837284073 0.023980823922402087 -0.14388494353441253
17.34 0.5035973023704439 0.8633096612064751 0.09592329568960835 -0.14388494353441253
17.36 0.5035973023704439 0.839328837284073 0.1678657674568146 -0.1678657674568146
17.38 0.4796164784480417 0.7434055415944647 0.23980823922402086 -0.14388494353441253
17.4 0.4796164784480417 0.5755397741376501 0.21582741530161878 -0.09592329568960835
17.42 0.45563565452563964 0.4076740066808355 0.1918465913792167 -0.0
17.44 0.45563565452563964 0.21582741530161878 0.1918465913792167 0.14388494353441253
17.46 0.43165483060323756 0.07194247176720626 0.263789063146423 0.3597123588360313
17.48 0.3597123588360313 -0.047961647844804174 0.4076740066808355 0.6235014219824543
17.5 0.23980823922402086 -0.1918465913792167 0.527578126292846 0.7434055415944647
17.52 0.1678657674568146 -0.3836931827584334 0.5755397741376501 0.7913671894392689
17.54 0.14388494353441253 -0.527578126292846 0.5995205980600522 0.7434055415944647
17.56 0.1678657674568146 -0.7194247176720626 0.551558950215248 0.7913671894392689
17.58 0.1918465913792167 -0.839328837284073 0.4076740066808355 0.8633096612064751
17.6 0.1918465913792167 -0.9592329568960835 0.21582741530161878 0.9352521329736814
17.62 0.21582741530161878 -1.0311754286632897 0.07194247176720626 0.8633096612064751
17.64 0.263789063146423 -1.1510795482753002 0.0 0.7673863655168668
17.66 0.31175071099122714 -1.2230220200425064 0.0 0.6235014219824543
17.68 0.28776988706882506 -1.3189453157321147 0.0 0.45563565452563964
17.7 0.23980823922402086 -1.342926139654517 0.0 0.23980823922402086
17.72 0.1678657674568146 -1.3669069635769189 0.0 -0.0
17.74 0.14388494353441253 -1.3189453157321147 0.0 -0.11990411961201043
17.76 0.14388494353441253 -1.2230220200425064 0.0 -0.3357315349136292
17.78 0.14388494353441253 -1.0791370765080939 0.0 -0.5035973023704439
17.8 0.11990411961201043 -0.8872904851288772 0.0 -0.7194247176720626
17.82 0.09592329568960835 -0.7194247176720626 0.0 -0.839328837284073
17.84 0.07194247176720626 -0.527578126292846 0.0 -1.0071946047408877
17.86 0.07194247176720626 -0.3597123588360313 0.0 -1.0071946047408877
17.88 0.11990411961201043 -0.21582741530161878 0.0 -0.9832137808184855
17.9 0.1678657674568146 -0.11990411961201043 -0.023980823922402087 -0.7673863655168668
17.92 0.1918465913792167 -0.047961647844804174 -0.023980823922402087 -0.7194247176720626
17.94 0.1918465913792167 -0.0 -0.047961647844804174 -0.7434055415944647
17.96 0.23980823922402086 0.023980823922402087 -0.09592329568960835 -0.7434055415944647
17.98 0.31175071099122714 0.047961647844804174 -0.14388494353441253 -0.5755397741376501
18.0 0.4076740066808355 0.11990411961201043 -0.1918465913792167 -0.31175071099122714
18.02 0.4796164784480417 0.21582741530161878 -0.1918465913792167 -0.1678657674568146
18.04 0.5755397741376501 0.28776988706882506 -0.21582741530161878 -0.11990411961201043
18.06 0.6474822459048564 0.3597123588360313 -0.21582741530161878 -0.11990411961201043
18.08 0.7434055415944647 0.43165483060323756 -0.1918465913792167 -0.09592329568960835
18.1 0.7673863655168668 0.45563565452563964 -0.11990411961201043 -0.07194247176720626
18.12 0.7913671894392689 0.5035973023704439 -0.09592329568960835 -0.07194247176720626
18.14 0.7673863655168668 0.5035973023704439 -0.09592329568960835 -0.11990411961201043
18.16 0.7434055415944647 0.5035973023704439 -0.07194247176720626 -0.1678657674568146
18.18 0.6474822459048564 0.45563565452563964 -0.047961647844804174 -0.11990411961201043
18.2 0.527578126292846 0.3836931827584334 0.0 -0.047961647844804174
18.22 0.3597123588360313 0.3357315349136292 0.023980823922402087 0.047961647844804174
18.24 0.1918465913792167 0.28776988706882506 0.11990411961201043 0.1918465913792167
18.26 0.047961647844804174 0.263789063146423 0.28776988706882506 0.3357315349136292
18.28 -0.1678657674568146 0.23980823922402086 0.4796164784480417 0.45563565452563964
18.3 -0.3836931827584334 0.21582741530161878 0.5995205980600522 0.527578126292846
18.32 -0.6474822459048564 0.1678657674568146 0.6954438937496605 0.5755397741376501
18.34 -0.7673863655168668 0.09592329568960835 0.7673863655168668 0.527578126292846
18.36 -0.8872904851288772 0.047961647844804174 0.9352521329736814 0.4076740066808355
18.38 -1.0311754286632897 0.047961647844804174 1.0311754286632897 0.23980823922402086
18.4 -1.1990411961201044 0.07194247176720626 1.055156252585692 0.11990411961201043
18.42 -1.3189453157321147 0.14388494353441253 0.9112713090512793 0.023980823922402087
18.44 -1.4388494353441252 0.21582741530161878 0.7434055415944647 -0.0
18.46 -1.4388494353441252 0.21582741530161878 0.551558950215248 -0.0
18.48 -1.4388494353441252 0.21582741530161878 0.3597123588360313 -0.0
18.5 -1.3669069635769189 0.1918465913792167 0.1918465913792167 -0.0
18.52 -1.3189453157321147 0.1678657674568146 0.0 -0.0
18.54 -1.1990411961201044 0.14388494353441253 -0.14388494353441253 -0.0
18.56 -1.0791370765080939 0.11990411961201043 -0.3597123588360313 -0.0
18.58 -0.9352521329736814 0.09592329568960835 -0.551558950215248 -0.0
18.6 -0.839328837284073 0.09592329568960835 -0.815348013361671 -0.0
18.62 -0.6954438937496605 0.09592329568960835 -0.9832137808184855 -0.0
18.64 -0.5755397741376501 0.11990411961201043 -1.1510795482753002 -0.0
18.66 -0.43165483060323756 0.14388494353441253 -1.1990411961201044 -0.0
18.68 -0.31175071099122714 0.1678657674568146 -1.1990411961201044 -0.0
18.7 -0.1918465913792167 0.21582741530161878 -1.127098724352898 -0.0
18.72 -0.07194247176720626 0.21582741530161878 -1.1990411961201044 -0.0
18.74 0.0 0.21582741530161878 -1.1990411961201044 -0.0
18.76 0.07194247176720626 0.263789063146423 -1.103117900430496 -0.0
18.78 0.11990411961201043 0.31175071099122714 -0.7913671894392689 -0.047961647844804174
18.8 0.1918465913792167 0.4076740066808355 -0.45563565452563964 -0.09592329568960835
18.82 0.263789063146423 0.4796164784480417 -0.23980823922402086 -0.21582741530161878
18.84 0.3357315349136292 0.5755397741376501 -0.14388494353441253 -0.263789063146423
18.86 0.3836931827584334 0.6474822459048564 -0.09592329568960835 -0.263789063146423
18.88 0.43165483060323756 0.7673863655168668 -0.023980823922402087 -0.23980823922402086
18.9 0.4796164784480417 0.8633096612064751 0.047961647844804174 -0.1918465913792167
18.92 0.5035973023704439 0.9352521329736814 0.1918465913792167 -0.23980823922402086
18.94 0.527578126292846 0.9592329568960835 0.31175071099122714 -0.31175071099122714
18.96 0.527578126292846 0.9592329568960835 0.4076740066808355 -0.4076740066808355
18.98 0.551558950215248 0.839328837284073 0.3597123588360313 -0.3836931827584334
19.0 0.551558950215248 0.6714630698272585 0.3357315349136292 -0.263789063146423
19.02 0.551558950215248 0.45563565452563964 0.263789063146423 -0.07194247176720626
19.04 0.527578126292846 0.23980823922402086 0.23980823922402086 0.14388494353441253
19.06 0.5035973023704439 0.07194247176720626 0.21582741530161878 0.4076740066808355
19.08 0.45563565452563964 -0.07194247176720626 0.31175071099122714 0.7194247176720626
19.1 0.3357315349136292 -0.1918465913792167 0.45563565452563964 0.9112713090512793
19.12 0.1918465913792167 -0.3597123588360313 0.6235014219824543 0.9592329568960835
19.14 0.11990411961201043 -0.5035973023704439 0.6954438937496605 0.8633096612064751
19.16 0.09592329568960835 -0.6954438937496605 0.6235014219824543 0.8633096612064751
19.18 0.14388494353441253 -0.839328837284073 0.45563565452563964 0.9112713090512793
19.2 0.1918465913792167 -0.9832137808184855 0.23980823922402086 1.0311754286632897
19.22 0.263789063146423 -1.0791370765080939 0.07194247176720626 0.9592329568960835
19.24 0.31175071099122714 -1.2230220200425064 0.023980823922402087 0.8633096612064751
19.26 0.3357315349136292 -1.2949644918097127 0.0 0.6714630698272585
19.28 0.28776988706882506 -1.390887787499321 0.0 0.5035973023704439
19.3 0.23980823922402086 -1.4628302592665272 0.0 0.28776988706882506
19.32 0.21582741530161878 -1.5347727310337336 0.0 0.047961647844804174
19.34 0.21582741530161878 -1.4628302592665272 0.0 -0.11990411961201043
19.36 0.1918465913792167 -1.2949644918097127 0.0 -0.31175071099122714
19.38 0.1678657674568146 -1.0791370765080939 0.0 -0.45563565452563964
19.4 0.11990411961201043 -0.8872904851288772 0.0 -0.6714630698272585
19.42 0.09592329568960835 -0.6954438937496605 0.0 -0.7913671894392689
19.44 0.09592329568960835 -0.551558950215248 0.0 -0.9592329568960835
19.46 0.11990411961201043 -0.4076740066808355 0.0 -0.9832137808184855
19.48 0.14388494353441253 -0.28776988706882506 0.0 -0.9352521329736814
19.5 0.1918465913792167 -0.1678657674568146 0.0 -0.6954438937496605
19.52 0.1918465913792167 -0.09592329568960835 -0.023980823922402087 -0.5995205980600522
19.54 0.1918465913792167 -0.023980823922402087 -0.047961647844804174 -0.527578126292846
19.56 0.21582741530161878 0.023980823922402087 -0.11990411961201043 -0.5035973023704439
19.58 0.263789063146423 0.07194247176720626 -0.21582741530161878 -0.3836931827584334
19.6 0.3357315349136292 0.11990411961201043 -0.28776988706882506 -0.23980823922402086
19.62 0.43165483060323756 0.1918465913792167 -0.28776988706882506 -0.1678657674568146
19.64 0.551558950215248 0.28776988706882506 -0.263789063146423 -0.14388494353441253
19.66 0.6474822459048564 0.3357315349136292 -0.1918465913792167 -0.11990411961201043
19.68 0.7673863655168668 0.4076740066808355 -0.14388494353441253 -0.07194247176720626
19.7 0.815348013361671 0.45563565452563964 -0.11990411961201043 -0.047961647844804174
19.72 0.8633096612064751 0.5035973023704439 -0.14388494353441253 -0.023980823922402087
19.74 0.815348013361671 0.527578126292846 -0.14388494353441253 -0.023980823922402087
19.76 0.7194247176720626 0.551558950215248 -0.09592329568960835 -0.047961647844804174
19.78 0.5995205980600522 0.5035973023704439 -0.047961647844804174 -0.023980823922402087
19.8 0.4796164784480417 0.4796164784480417 0.0 -0.0
19.82 0.31175071099122714 0.4076740066808355 0.0 -0.0
19.84 0.14388494353441253 0.3357315349136292 0.09592329568960835 0.047961647844804174
19.86 0.0 0.23980823922402086 0.263789063146423 0.11990411961201043
19.88 -0.1918465913792167 0.1918465913792167 0.45563565452563964 0.23980823922402086
19.9 -0.3836931827584334 0.1918465913792167 0.5755397741376501 0.3357315349136292
19.92 -0.6474822459048564 0.1918465913792167 0.7434055415944647 0.3836931827584334
19.94 -0.7913671894392689 0.14388494353441253 0.8633096612064751 0.3597123588360313
19.96 -0.9352521329736814 0.09592329568960835 1.055156252585692 0.263789063146423
19.98 -1.0311754286632897 0.023980823922402087 1.127098724352898 0.1678657674568146
20.0 -1.1990411961201044 0.023980823922402087 1.103117900430496 0.07194247176720626
