0.0 0.37966101694915255 -0.37966101694915255 0.18983050847457628 -0.18983050847457628
0.02 0.37966101694915255 -0.37966101694915255 0.09491525423728814 -0.18983050847457628
0.04 0.37966101694915255 -0.37966101694915255 0.18983050847457628 -0.18983050847457628
0.06 -0.9627118644067798 -1.8033898305084748 3.4305084745762717 2.955932203389831
0.08 -0.5830508474576271 -1.4237288135593222 2.1830508474576273 1.3423728813559324
0.1 -1.816949152542373 -2.56271186440678 4.474576271186441 3.44406779661017
0.12 -1.057627118644068 -1.898305084745763 2.56271186440678 1.6271186440677967
0.14 -1.9118644067796613 -2.9423728813559324 4.379661016949153 3.633898305084746
0.16 -1.152542372881356 -2.1830508474576273 2.2779661016949153 1.6271186440677967
0.18 -1.9118644067796613 -3.050847457627119 3.810169491525424 3.44406779661017
0.2 -1.057627118644068 -2.2779661016949153 1.7084745762711866 1.5322033898305085
0.22 -1.9118644067796613 -3.050847457627119 3.2406779661016953 3.538983050847458
0.24 -1.057627118644068 -2.1830508474576273 1.2338983050847459 1.722033898305085
0.26 -1.722033898305085 -2.9423728813559324 2.56271186440678 3.538983050847458
0.28 -0.8677966101694916 -2.0881355932203394 0.7593220338983051 1.722033898305085
0.3 -1.6271186440677967 -2.8474576271186445 2.4677966101694917 3.2542372881355934
0.32 -0.8677966101694916 -2.0881355932203394 0.7593220338983051 1.3423728813559324
0.34 -1.4372881355932206 -2.657627118644068 2.56271186440678 3.050847457627119
0.36 -0.6779661016949153 -1.993220338983051 0.8542372881355933 1.152542372881356
0.38 -1.3423728813559324 -2.56271186440678 2.56271186440678 2.576271186440678
0.4 -0.6779661016949153 -1.8033898305084748 0.9491525423728815 0.9627118644067798
0.42 -1.3423728813559324 -2.3728813559322037 2.4677966101694917 2.386440677966102
0.44 -0.5830508474576271 -1.7084745762711866 0.8542372881355933 0.7728813559322034
0.46 -1.152542372881356 -2.1830508474576273 2.2779661016949153 2.0067796610169495
0.48 -0.48813559322033906 -1.6135593220338984 0.7593220338983051 0.48813559322033906
0.5 -1.057627118644068 -2.1830508474576273 1.898305084745763 1.6271186440677967
0.52 -0.5830508474576271 -1.5186440677966102 0.664406779661017 0.2983050847457627
0.54 -1.057627118644068 -2.0881355932203394 1.8033898305084748 1.5322033898305085
0.56 -0.39322033898305087 -1.4237288135593222 0.47457627118644075 0.10847457627118645
0.58 -0.9627118644067798 -1.898305084745763 1.6135593220338984 1.152542372881356
0.6 -0.48813559322033906 -1.4237288135593222 0.37966101694915255 -0.09491525423728814
0.62 -0.8677966101694916 -1.7084745762711866 1.5186440677966102 0.8677966101694916
0.64 -0.39322033898305087 -1.328813559322034 0.37966101694915255 -0.2847457627118644
0.66 -0.8677966101694916 -1.8033898305084748 1.2338983050847459 0.6779661016949153
0.68 -0.39322033898305087 -1.328813559322034 0.09491525423728814 -0.47457627118644075
0.7 -0.7728813559322034 -1.7084745762711866 0.9491525423728815 0.2983050847457627
0.72 -0.39322033898305087 -1.328813559322034 0.0 -0.664406779661017
0.74 -0.8677966101694916 -1.7084745762711866 0.7593220338983051 0.10847457627118645
0.76 -0.48813559322033906 -1.328813559322034 -0.2033898305084746 -0.7593220338983051
0.78 -0.7728813559322034 -1.7084745762711866 0.47457627118644075 -0.09491525423728814
0.8 -0.39322033898305087 -1.328813559322034 -0.2983050847457627 -0.8542372881355933
0.82 -0.6779661016949153 -1.7084745762711866 0.2847457627118644 -0.2847457627118644
0.84 -0.48813559322033906 -1.4237288135593222 -0.48813559322033906 -0.8542372881355933
0.86 -0.7728813559322034 -1.6135593220338984 0.0 -0.47457627118644075
0.88 -0.48813559322033906 -1.4237288135593222 -0.5830508474576271 -1.0440677966101697
0.9 -0.6779661016949153 -1.6135593220338984 -0.2033898305084746 -0.664406779661017
0.92 -0.5830508474576271 -1.4237288135593222 -0.6779661016949153 -1.1389830508474577
0.94 -0.6779661016949153 -1.7084745762711866 -0.48813559322033906 -0.8542372881355933
0.96 -0.48813559322033906 -1.5186440677966102 -0.7728813559322034 -1.2338983050847459
0.98 -0.5830508474576271 -1.6135593220338984 -0.6779661016949153 -1.2338983050847459
1.0 -0.48813559322033906 -1.5186440677966102 -0.9627118644067798 -1.4237288135593222
1.02 -0.48813559322033906 -1.5186440677966102 -0.9627118644067798 -1.4237288135593222
1.04 -0.39322033898305087 -1.5186440677966102 -1.057627118644068 -1.5186440677966102
1.06 -0.39322033898305087 -1.5186440677966102 -1.152542372881356 -1.5186440677966102
1.08 -0.2983050847457627 -1.5186440677966102 -1.057627118644068 -1.5186440677966102
1.1 -0.2983050847457627 -1.5186440677966102 -1.152542372881356 -1.5186440677966102
1.12 -0.2983050847457627 -1.4237288135593222 -1.057627118644068 -1.5186440677966102
1.14 -0.2983050847457627 -1.5186440677966102 -1.057627118644068 -1.5186440677966102
1.16 -0.2033898305084746 -1.5186440677966102 -1.057627118644068 -1.5186440677966102
1.18 -0.2033898305084746 -1.4237288135593222 -1.057627118644068 -1.5186440677966102
1.2 -0.2033898305084746 -1.328813559322034 -1.057627118644068 -1.5186440677966102
1.22 0.0 -1.2338983050847459 -1.057627118644068 -1.5186440677966102
1.24 0.09491525423728814 -1.1389830508474577 -1.057627118644068 -1.5186440677966102
1.26 0.18983050847457628 -1.0440677966101697 -1.057627118644068 -1.5186440677966102
1.28 0.2847457627118644 -1.0440677966101697 -1.057627118644068 -1.5186440677966102
1.3 0.2847457627118644 -1.2338983050847459 -1.057627118644068 -1.2338983050847459
1.32 0.2847457627118644 -1.0440677966101697 -1.152542372881356 -1.328813559322034
1.34 0.37966101694915255 -1.8033898305084748 -1.152542372881356 -0.47457627118644075
1.36 0.37966101694915255 -1.5186440677966102 -1.3423728813559324 -0.7593220338983051
1.38 0.47457627118644075 -2.4677966101694917 -1.6271186440677967 0.39322033898305087
1.4 0.47457627118644075 -2.1830508474576273 -2.0067796610169495 -0.09491525423728814
1.42 0.5694915254237288 -3.5254237288135597 -2.291525423728814 1.5322033898305085
1.44 0.664406779661017 -3.050847457627119 -2.576271186440678 0.9627118644067798
1.46 0.7593220338983051 -4.189830508474577 -2.8610169491525426 2.1966101694915254
1.48 0.7593220338983051 -3.3355932203389833 -2.8610169491525426 1.2474576271186442
1.5 0.7593220338983051 -4.284745762711865 -2.8610169491525426 2.1016949152542375
1.52 0.7593220338983051 -3.3355932203389833 -2.8610169491525426 1.2474576271186442
1.54 0.8542372881355933 -4.189830508474577 -2.8610169491525426 1.722033898305085
1.56 0.8542372881355933 -3.2406779661016953 -2.8610169491525426 1.152542372881356
1.58 0.9491525423728815 -4.094915254237288 -2.8610169491525426 1.3423728813559324
1.6 0.9491525423728815 -3.2406779661016953 -2.8610169491525426 0.8677966101694916
1.62 0.9491525423728815 -3.9050847457627125 -2.8610169491525426 0.5830508474576271
1.64 1.0440677966101697 -3.050847457627119 -2.8610169491525426 0.48813559322033906
1.66 1.0440677966101697 -3.3355932203389833 -2.8610169491525426 -0.09491525423728814
1.68 1.0440677966101697 -2.657627118644068 -2.8610169491525426 -0.0
1.7 1.1389830508474577 -2.657627118644068 -2.8610169491525426 -0.8542372881355933
1.72 1.1389830508474577 -2.1830508474576273 -2.8610169491525426 -0.37966101694915255
1.74 1.2338983050847459 -1.993220338983051 -2.8610169491525426 -1.6135593220338984
1.76 1.1389830508474577 -1.7084745762711866 -2.8610169491525426 -0.664406779661017
1.78 1.4237288135593222 -1.4237288135593222 -2.955932203389831 -2.1830508474576273
1.8 1.2338983050847459 -1.4237288135593222 -2.955932203389831 -0.8542372881355933
1.82 1.6135593220338984 -0.8542372881355933 -2.955932203389831 -2.3728813559322037
1.84 1.4237288135593222 -0.8542372881355933 -2.955932203389831 -1.0440677966101697
1.86 1.7084745762711866 -0.0 -3.050847457627119 -2.9423728813559324
1.88 1.5186440677966102 -0.09491525423728814 -2.8610169491525426 -2.3728813559322037
1.9 1.993220338983051 0.7728813559322034 -2.7661016949152546 -4.094915254237288
1.92 1.8033898305084748 0.2983050847457627 -2.8610169491525426 -2.657627118644068
1.94 2.8474576271186445 0.9627118644067798 -3.1593220338983055 -2.56271186440678
1.96 2.4677966101694917 0.39322033898305087 -3.1593220338983055 -1.2338983050847459
1.98 3.6203389830508477 1.152542372881356 -3.633898305084746 -0.664406779661017
2.0 2.9423728813559324 0.6779661016949153 -3.633898305084746 -0.09491525423728814
2.02 4.284745762711865 1.3423728813559324 -4.488135593220339 0.8677966101694916
2.04 3.4305084745762717 0.8677966101694916 -4.488135593220339 0.6779661016949153
2.06 5.138983050847458 1.816949152542373 -5.627118644067798 1.6271186440677967
2.08 4.094915254237288 1.152542372881356 -5.342372881355932 1.057627118644068
2.1 5.328813559322034 1.9118644067796613 -5.722033898305085 1.4372881355932206
2.12 4.379661016949153 1.2474576271186442 -5.057627118644068 0.8677966101694916
2.14 4.284745762711865 1.9118644067796613 -4.013559322033899 1.057627118644068
2.16 3.5254237288135597 1.152542372881356 -3.728813559322034 0.6779661016949153
2.18 2.4677966101694917 1.6271186440677967 -1.9118644067796613 0.5830508474576271
2.2 2.0881355932203394 0.9627118644067798 -1.9118644067796613 0.48813559322033906
2.22 0.18983050847457628 1.2474576271186442 0.09491525423728814 0.48813559322033906
2.24 0.18983050847457628 0.8677966101694916 -0.7728813559322034 -0.37966101694915255
2.26 -2.291525423728814 1.4372881355932206 1.2338983050847459 -1.0440677966101697
2.28 -1.816949152542373 0.9627118644067798 0.47457627118644075 -1.993220338983051
2.3 -4.1084745762711865 1.2474576271186442 3.145762711864407 -2.56271186440678
2.32 -3.1593220338983055 1.057627118644068 1.7084745762711866 -3.2406779661016953
2.34 -5.437288135593221 1.2474576271186442 2.9423728813559324 -3.3355932203389833
2.36 -4.203389830508475 0.9627118644067798 1.328813559322034 -3.3355932203389833
2.38 -6.101694915254238 0.9627118644067798 2.0881355932203394 -3.3355932203389833
2.4 -4.488135593220339 0.48813559322033906 1.2338983050847459 -3.3355932203389833
2.42 -5.911864406779662 0.2983050847457627 1.6135593220338984 -3.2406779661016953
2.44 -4.013559322033899 -0.09491525423728814 1.1389830508474577 -3.2406779661016953
2.46 -4.867796610169492 0.10847457627118645 0.8542372881355933 -3.2406779661016953
2.48 -3.1593220338983055 -0.18983050847457628 0.8542372881355933 -3.2406779661016953
2.5 -4.1084745762711865 -0.18983050847457628 -0.10847457627118645 -3.2406779661016953
2.52 -2.7661016949152546 -0.37966101694915255 0.18983050847457628 -3.2406779661016953
2.54 -3.44406779661017 -0.18983050847457628 -1.152542372881356 -3.3355932203389833
2.56 -2.4813559322033902 -0.2847457627118644 -0.39322033898305087 -3.3355932203389833
2.58 -2.7661016949152546 -0.09491525423728814 -2.0067796610169495 -3.3355932203389833
2.6 -2.1016949152542375 -0.18983050847457628 -0.7728813559322034 -3.3355932203389833
2.62 -2.0067796610169495 0.10847457627118645 -2.576271186440678 -3.3355932203389833
2.64 -1.722033898305085 -0.0 -1.057627118644068 -3.3355932203389833
2.66 -1.3423728813559324 0.48813559322033906 -2.7661016949152546 -3.4305084745762717
2.68 -1.152542372881356 0.10847457627118645 -1.722033898305085 -3.4305084745762717
2.7 -0.5830508474576271 0.7728813559322034 -3.349152542372882 -3.6203389830508477
2.72 -0.5830508474576271 0.39322033898305087 -2.7661016949152546 -3.5254237288135597
2.74 0.09491525423728814 1.2474576271186442 -4.393220338983051 -3.6203389830508477
2.76 -0.2033898305084746 0.7728813559322034 -4.298305084745763 -3.3355932203389833
2.78 0.5694915254237288 1.816949152542373 -4.488135593220339 -3.5254237288135597
2.8 0.18983050847457628 1.5322033898305085 -4.203389830508475 -3.2406779661016953
2.82 0.9491525423728815 3.2542372881355934 -3.349152542372882 -3.810169491525424
2.84 0.37966101694915255 2.4813559322033902 -3.050847457627119 -3.715254237288136
2.86 1.2338983050847459 4.203389830508475 -1.6271186440677967 -4.56949152542373
2.88 0.5694915254237288 3.2542372881355934 -1.4372881355932206 -4.284745762711865
2.9 1.4237288135593222 4.488135593220339 -0.2983050847457627 -4.854237288135594
2.92 0.7593220338983051 3.633898305084746 -0.10847457627118645 -4.664406779661017
2.94 1.4237288135593222 3.538983050847458 0.37966101694915255 -4.094915254237288
2.96 0.8542372881355933 2.7661016949152546 0.2847457627118644 -4.094915254237288
2.98 1.5186440677966102 1.6271186440677967 0.664406779661017 -2.3728813559322037
3.0 0.9491525423728815 1.4372881355932206 0.37966101694915255 -2.3728813559322037
3.02 1.6135593220338984 -0.37966101694915255 0.2847457627118644 -0.09491525423728814
3.04 1.328813559322034 -0.2847457627118644 -0.39322033898305087 -0.8542372881355933
3.06 1.7084745762711866 -2.657627118644068 -0.8677966101694916 1.2474576271186442
3.08 1.2338983050847459 -2.1830508474576273 -1.5322033898305085 0.39322033898305087
3.1 1.4237288135593222 -4.379661016949153 -2.291525423728814 2.576271186440678
3.12 1.328813559322034 -3.4305084745762717 -2.8610169491525426 1.4372881355932206
3.14 1.7084745762711866 -5.898305084745763 -3.1593220338983055 2.8610169491525426
3.16 1.6135593220338984 -4.56949152542373 -3.2542372881355934 1.4372881355932206
3.18 1.7084745762711866 -6.576271186440678 -3.349152542372882 2.386440677966102
3.2 1.328813559322034 -4.9491525423728815 -3.2542372881355934 1.4372881355932206
3.22 1.328813559322034 -6.481355932203391 -3.2542372881355934 1.6271186440677967
3.24 0.9491525423728815 -4.854237288135594 -3.2542372881355934 0.9627118644067798
3.26 1.0440677966101697 -5.898305084745763 -3.2542372881355934 0.5830508474576271
3.28 0.7593220338983051 -4.189830508474577 -3.349152542372882 0.5830508474576271
3.3 0.8542372881355933 -5.138983050847458 -3.2542372881355934 -0.2847457627118644
3.32 0.8542372881355933 -4.0 -3.2542372881355934 -0.0
3.34 1.2338983050847459 -4.56949152542373 -3.2542372881355934 -1.6135593220338984
3.36 1.1389830508474577 -3.5254237288135597 -3.2542372881355934 -0.7593220338983051
3.38 1.4237288135593222 -3.6203389830508477 -3.2542372881355934 -2.3728813559322037
3.4 1.328813559322034 -2.752542372881356 -3.2542372881355934 -1.0440677966101697
3.42 1.7084745762711866 -2.4677966101694917 -3.349152542372882 -3.145762711864407
3.44 1.6135593220338984 -2.0881355932203394 -3.349152542372882 -1.4237288135593222
3.46 1.993220338983051 -1.5186440677966102 -3.44406779661017 -3.715254237288136
3.48 1.7084745762711866 -1.328813559322034 -3.1593220338983055 -3.145762711864407
3.5 2.3728813559322037 -0.664406779661017 -3.050847457627119 -5.328813559322034
3.52 2.2779661016949153 -0.7593220338983051 -2.955932203389831 -3.4305084745762717
3.54 3.4305084745762717 -0.18983050847457628 -3.2542372881355934 -3.3355932203389833
3.56 3.145762711864407 -0.37966101694915255 -3.2542372881355934 -1.6135593220338984
3.58 4.56949152542373 0.48813559322033906 -3.9186440677966106 -0.8542372881355933
3.6 3.810169491525424 0.2983050847457627 -3.8237288135593226 -0.2847457627118644
3.62 5.233898305084746 1.152542372881356 -4.867796610169492 0.9627118644067798
3.64 4.189830508474577 0.7728813559322034 -4.867796610169492 0.7728813559322034
3.66 6.101694915254238 1.816949152542373 -6.101694915254238 2.0067796610169495
3.68 5.04406779661017 1.2474576271186442 -5.532203389830509 1.3423728813559324
3.7 6.481355932203391 2.1016949152542375 -5.911864406779662 1.9118644067796613
3.72 5.328813559322034 1.3423728813559324 -4.772881355932204 1.152542372881356
3.74 5.423728813559323 1.9118644067796613 -3.538983050847458 1.152542372881356
3.76 4.56949152542373 1.152542372881356 -2.8610169491525426 0.6779661016949153
3.78 3.5254237288135597 1.6271186440677967 -1.152542372881356 0.5830508474576271
3.8 3.145762711864407 0.8677966101694916 -1.3423728813559324 0.39322033898305087
3.82 1.1389830508474577 1.2474576271186442 0.8542372881355933 0.48813559322033906
3.84 1.1389830508474577 0.7728813559322034 -0.39322033898305087 0.2983050847457627
3.86 -1.3423728813559324 1.057627118644068 1.1389830508474577 -0.37966101694915255
3.88 -1.057627118644068 0.9627118644067798 -0.10847457627118645 -1.4237288135593222
3.9 -3.9186440677966106 1.3423728813559324 2.56271186440678 -2.2779661016949153
3.92 -2.7661016949152546 1.057627118644068 1.7084745762711866 -3.050847457627119
3.94 -5.532203389830509 1.3423728813559324 3.2406779661016953 -3.6203389830508477
3.96 -4.203389830508475 1.152542372881356 1.5186440677966102 -3.715254237288136
3.98 -6.589830508474577 1.4372881355932206 2.3728813559322037 -3.6203389830508477
4.0 -5.057627118644068 0.9627118644067798 1.0440677966101697 -3.6203389830508477
4.02 -6.779661016949153 0.7728813559322034 1.4237288135593222 -3.6203389830508477
4.04 -4.867796610169492 0.2033898305084746 0.8542372881355933 -3.5254237288135597
4.06 -5.911864406779662 0.2983050847457627 0.664406779661017 -3.6203389830508477
4.08 -3.8237288135593226 -0.09491525423728814 0.664406779661017 -3.6203389830508477
4.1 -4.583050847457628 -0.09491525423728814 -0.2033898305084746 -3.715254237288136
4.12 -3.050847457627119 -0.2847457627118644 0.09491525423728814 -3.715254237288136
4.14 -3.633898305084746 -0.18983050847457628 -1.4372881355932206 -3.715254237288136
4.16 -2.386440677966102 -0.37966101694915255 -0.39322033898305087 -3.715254237288136
4.18 -2.8610169491525426 -0.18983050847457628 -2.1966101694915254 -3.715254237288136
4.2 -2.1016949152542375 -0.37966101694915255 -0.7728813559322034 -3.715254237288136
4.22 -1.9118644067796613 -0.0 -2.671186440677966 -3.810169491525424
4.24 -1.5322033898305085 -0.18983050847457628 -1.057627118644068 -3.810169491525424
4.26 -1.2474576271186442 0.39322033898305087 -3.349152542372882 -3.810169491525424
4.28 -1.2474576271186442 0.10847457627118645 -2.291525423728814 -3.810169491525424
4.3 -0.7728813559322034 0.7728813559322034 -4.677966101694916 -3.9050847457627125
4.32 -0.7728813559322034 0.48813559322033906 -4.488135593220339 -3.6203389830508477
4.34 -0.2033898305084746 1.3423728813559324 -6.101694915254238 -3.5254237288135597
4.36 -0.48813559322033906 1.057627118644068 -5.8169491525423735 -3.050847457627119
4.38 0.18983050847457628 2.291525423728814 -5.911864406779662 -3.3355932203389833
4.4 -0.2033898305084746 1.722033898305085 -5.627118644067798 -2.9423728813559324
4.42 0.47457627118644075 3.633898305084746 -4.393220338983051 -3.6203389830508477
4.44 -0.10847457627118645 2.7661016949152546 -4.203389830508475 -3.5254237288135597
4.46 0.8542372881355933 4.772881355932204 -2.291525423728814 -4.664406779661017
4.48 0.18983050847457628 3.728813559322034 -2.1966101694915254 -4.379661016949153
4.5 1.1389830508474577 5.247457627118645 -0.7728813559322034 -5.233898305084746
4.52 0.5694915254237288 4.013559322033899 -0.39322033898305087 -4.9491525423728815
4.54 1.4237288135593222 3.9186440677966106 0.664406779661017 -4.56949152542373
4.56 0.9491525423728815 2.955932203389831 0.7593220338983051 -4.474576271186441
4.58 1.7084745762711866 1.816949152542373 1.0440677966101697 -2.752542372881356
4.6 1.328813559322034 1.4372881355932206 0.8542372881355933 -2.752542372881356
4.62 1.7084745762711866 -0.37966101694915255 0.8542372881355933 -0.5694915254237288
4.64 1.328813559322034 -0.18983050847457628 0.2847457627118644 -1.1389830508474577
4.66 1.6135593220338984 -2.4677966101694917 -0.2983050847457627 1.057627118644068
4.68 1.2338983050847459 -1.993220338983051 -1.2474576271186442 -0.0
4.7 1.4237288135593222 -4.379661016949153 -2.0067796610169495 2.386440677966102
4.72 1.4237288135593222 -3.5254237288135597 -2.7661016949152546 1.3423728813559324
4.74 1.8033898305084748 -5.898305084745763 -3.1593220338983055 2.955932203389831
4.76 1.6135593220338984 -4.56949152542373 -3.44406779661017 1.4372881355932206
4.78 1.8033898305084748 -6.481355932203391 -3.44406779661017 2.4813559322033902
4.8 1.4237288135593222 -4.7593220338983055 -3.44406779661017 1.5322033898305085
4.82 1.328813559322034 -6.481355932203391 -3.44406779661017 1.9118644067796613
4.84 0.9491525423728815 -4.664406779661017 -3.349152542372882 1.2474576271186442
4.86 1.0440677966101697 -5.8033898305084755 -3.349152542372882 0.9627118644067798
4.88 0.7593220338983051 -4.094915254237288 -3.44406779661017 0.8677966101694916
4.9 0.7593220338983051 -5.04406779661017 -3.44406779661017 -0.09491525423728814
4.92 0.7593220338983051 -3.715254237288136 -3.349152542372882 0.10847457627118645
4.94 1.0440677966101697 -4.474576271186441 -3.349152542372882 -1.2338983050847459
4.96 0.9491525423728815 -3.4305084745762717 -3.349152542372882 -0.5694915254237288
4.98 1.2338983050847459 -3.5254237288135597 -3.349152542372882 -2.1830508474576273
5.0 1.1389830508474577 -2.752542372881356 -3.349152542372882 -0.8542372881355933
5.02 1.6135593220338984 -2.56271186440678 -3.44406779661017 -2.8474576271186445
5.04 1.5186440677966102 -2.1830508474576273 -3.44406779661017 -1.1389830508474577
5.06 1.898305084745763 -1.7084745762711866 -3.538983050847458 -3.4305084745762717
5.08 1.7084745762711866 -1.5186440677966102 -3.349152542372882 -2.752542372881356
5.1 2.2779661016949153 -1.0440677966101697 -3.2542372881355934 -4.9491525423728815
5.12 2.0881355932203394 -1.0440677966101697 -3.050847457627119 -3.5254237288135597
5.14 3.2406779661016953 -0.37966101694915255 -3.349152542372882 -3.5254237288135597
5.16 3.050847457627119 -0.5694915254237288 -3.349152542372882 -1.993220338983051
5.18 4.379661016949153 0.2033898305084746 -3.8237288135593226 -1.7084745762711866
5.2 3.715254237288136 -0.0 -3.8237288135593226 -0.9491525423728815
5.22 5.04406779661017 0.8677966101694916 -4.583050847457628 0.48813559322033906
5.24 4.189830508474577 0.5830508474576271 -4.488135593220339 0.48813559322033906
5.26 5.898305084745763 1.6271186440677967 -5.722033898305085 1.5322033898305085
5.28 4.854237288135594 1.152542372881356 -5.342372881355932 1.057627118644068
5.3 5.993220338983051 1.9118644067796613 -5.627118644067798 1.5322033898305085
5.32 5.04406779661017 1.2474576271186442 -4.772881355932204 1.057627118644068
5.34 5.138983050847458 1.9118644067796613 -3.728813559322034 1.152542372881356
5.36 4.474576271186441 1.152542372881356 -3.1593220338983055 0.6779661016949153
5.38 3.3355932203389833 1.6271186440677967 -1.3423728813559324 0.5830508474576271
5.4 3.145762711864407 0.9627118644067798 -1.4372881355932206 0.39322033898305087
5.42 1.1389830508474577 1.152542372881356 0.5694915254237288 0.39322033898305087
5.44 1.2338983050847459 0.5830508474576271 -0.5830508474576271 0.2033898305084746
5.46 -1.152542372881356 0.9627118644067798 1.1389830508474577 -0.5694915254237288
5.48 -0.7728813559322034 0.9627118644067798 0.18983050847457628 -1.4237288135593222
5.5 -3.633898305084746 1.4372881355932206 2.4677966101694917 -2.1830508474576273
5.52 -2.671186440677966 1.152542372881356 1.6135593220338984 -2.752542372881356
5.54 -5.057627118644068 1.3423728813559324 3.145762711864407 -3.3355932203389833
5.56 -3.9186440677966106 1.2474576271186442 1.6135593220338984 -3.4305084745762717
5.58 -6.101694915254238 1.5322033898305085 2.2779661016949153 -3.4305084745762717
5.6 -4.772881355932204 1.4372881355932206 0.8542372881355933 -3.4305084745762717
5.62 -6.494915254237289 1.5322033898305085 1.0440677966101697 -3.3355932203389833
5.64 -4.772881355932204 1.057627118644068 0.8542372881355933 -3.3355932203389833
5.66 -5.8169491525423735 0.7728813559322034 0.664406779661017 -3.3355932203389833
5.68 -4.1084745762711865 0.2983050847457627 0.664406779661017 -3.4305084745762717
5.7 -4.772881355932204 0.2983050847457627 -0.39322033898305087 -3.4305084745762717
5.72 -3.1593220338983055 0.10847457627118645 0.0 -3.4305084745762717
5.74 -3.44406779661017 0.2033898305084746 -1.5322033898305085 -3.4305084745762717
5.76 -2.4813559322033902 -0.0 -0.48813559322033906 -3.4305084745762717
5.78 -2.671186440677966 0.2033898305084746 -2.1016949152542375 -3.5254237288135597
5.8 -1.9118644067796613 0.10847457627118645 -0.7728813559322034 -3.5254237288135597
5.82 -1.722033898305085 0.48813559322033906 -2.671186440677966 -3.6203389830508477
5.84 -1.4372881355932206 0.2983050847457627 -1.057627118644068 -3.5254237288135597
5.86 -1.152542372881356 0.7728813559322034 -3.44406779661017 -3.715254237288136
5.88 -1.152542372881356 0.5830508474576271 -2.1016949152542375 -3.6203389830508477
5.9 -0.48813559322033906 1.3423728813559324 -3.633898305084746 -3.715254237288136
5.92 -0.5830508474576271 1.152542372881356 -3.2542372881355934 -3.5254237288135597
5.94 0.09491525423728814 2.1016949152542375 -4.772881355932204 -3.4305084745762717
5.96 -0.2033898305084746 1.6271186440677967 -4.488135593220339 -3.145762711864407
5.98 0.47457627118644075 2.671186440677966 -4.677966101694916 -3.3355932203389833
6.0 0.0 2.1966101694915254 -4.298305084745763 -2.9423728813559324
6.02 0.7593220338983051 4.1084745762711865 -2.955932203389831 -3.5254237288135597
6.04 0.18983050847457628 3.2542372881355934 -2.8610169491525426 -3.3355932203389833
6.06 1.0440677966101697 5.342372881355932 -0.9627118644067798 -4.474576271186441
6.08 0.37966101694915255 4.298305084745763 -0.7728813559322034 -4.189830508474577
6.1 1.4237288135593222 5.722033898305085 0.47457627118644075 -5.04406779661017
6.12 0.7593220338983051 4.488135593220339 0.7593220338983051 -4.664406779661017
6.14 1.6135593220338984 4.488135593220339 1.2338983050847459 -4.284745762711865
6.16 1.0440677966101697 3.633898305084746 0.8542372881355933 -4.094915254237288
6.18 1.7084745762711866 2.386440677966102 1.0440677966101697 -2.3728813559322037
6.2 1.1389830508474577 2.1016949152542375 0.8542372881355933 -2.3728813559322037
6.22 1.4237288135593222 0.2033898305084746 0.8542372881355933 -0.09491525423728814
6.24 0.9491525423728815 0.2983050847457627 0.2847457627118644 -0.8542372881355933
6.26 1.328813559322034 -2.0881355932203394 -0.2033898305084746 1.2474576271186442
6.28 1.1389830508474577 -1.6135593220338984 -1.152542372881356 0.10847457627118645
6.3 1.5186440677966102 -4.189830508474577 -1.9118644067796613 2.386440677966102
6.32 1.1389830508474577 -3.2406779661016953 -2.7661016949152546 1.4372881355932206
6.34 1.4237288135593222 -5.708474576271187 -3.349152542372882 2.955932203389831
6.36 1.328813559322034 -4.474576271186441 -3.538983050847458 1.6271186440677967
6.38 1.5186440677966102 -6.766101694915255 -3.538983050847458 2.386440677966102
6.4 1.2338983050847459 -5.138983050847458 -3.538983050847458 1.3423728813559324
6.42 1.328813559322034 -6.8610169491525435 -3.44406779661017 1.6271186440677967
6.44 0.7593220338983051 -5.138983050847458 -3.538983050847458 0.9627118644067798
6.46 0.664406779661017 -6.386440677966102 -3.538983050847458 0.6779661016949153
6.48 0.2847457627118644 -4.56949152542373 -3.538983050847458 0.6779661016949153
6.5 0.5694915254237288 -5.518644067796611 -3.538983050847458 -0.09491525423728814
6.52 0.7593220338983051 -4.0 -3.538983050847458 0.2983050847457627
6.54 1.0440677966101697 -4.7593220338983055 -3.538983050847458 -1.5186440677966102
6.56 0.8542372881355933 -3.715254237288136 -3.538983050847458 -0.5694915254237288
6.58 1.1389830508474577 -3.9050847457627125 -3.538983050847458 -2.4677966101694917
6.6 1.0440677966101697 -2.9423728813559324 -3.538983050847458 -1.0440677966101697
6.62 1.328813559322034 -2.752542372881356 -3.538983050847458 -3.050847457627119
6.64 1.1389830508474577 -2.1830508474576273 -3.633898305084746 -1.5186440677966102
6.66 1.5186440677966102 -1.7084745762711866 -3.633898305084746 -4.094915254237288
6.68 1.2338983050847459 -1.4237288135593222 -3.349152542372882 -3.2406779661016953
6.7 1.993220338983051 -0.8542372881355933 -3.633898305084746 -4.474576271186441
6.72 1.898305084745763 -0.8542372881355933 -3.633898305084746 -2.1830508474576273
6.74 2.9423728813559324 -0.18983050847457628 -3.9186440677966106 -2.752542372881356
6.76 2.56271186440678 -0.2847457627118644 -3.9186440677966106 -1.993220338983051
6.78 4.094915254237288 0.48813559322033906 -4.488135593220339 -1.898305084745763
6.8 3.4305084745762717 0.10847457627118645 -4.488135593220339 -1.328813559322034
6.82 5.138983050847458 0.9627118644067798 -5.342372881355932 0.2983050847457627
6.84 4.189830508474577 0.5830508474576271 -5.247457627118645 0.39322033898305087
6.86 6.101694915254238 1.6271186440677967 -6.494915254237289 1.722033898305085
6.88 5.04406779661017 1.057627118644068 -5.911864406779662 1.152542372881356
6.9 6.386440677966102 2.0067796610169495 -6.305084745762713 1.816949152542373
6.92 5.233898305084746 1.4372881355932206 -5.152542372881356 1.057627118644068
6.94 5.138983050847458 2.0067796610169495 -3.9186440677966106 1.2474576271186442
6.96 4.379661016949153 1.2474576271186442 -3.2542372881355934 0.6779661016949153
6.98 3.4305084745762717 1.722033898305085 -1.5322033898305085 0.6779661016949153
7.0 3.145762711864407 1.057627118644068 -1.6271186440677967 0.39322033898305087
7.02 1.1389830508474577 1.3423728813559324 0.5694915254237288 0.48813559322033906
7.04 1.2338983050847459 0.7728813559322034 -0.5830508474576271 0.2983050847457627
7.06 -1.2474576271186442 1.057627118644068 1.0440677966101697 -0.37966101694915255
7.08 -0.8677966101694916 1.057627118644068 -0.10847457627118645 -1.4237288135593222
7.1 -3.8237288135593226 1.4372881355932206 2.4677966101694917 -2.1830508474576273
7.12 -2.671186440677966 1.2474576271186442 1.7084745762711866 -2.8474576271186445
7.14 -5.342372881355932 1.4372881355932206 3.2406779661016953 -3.4305084745762717
7.16 -4.013559322033899 1.3423728813559324 1.6135593220338984 -3.6203389830508477
7.18 -6.4 1.722033898305085 2.4677966101694917 -3.6203389830508477
7.2 -4.9627118644067805 1.5322033898305085 0.9491525423728815 -3.6203389830508477
7.22 -6.779661016949153 1.5322033898305085 1.328813559322034 -3.5254237288135597
7.24 -4.867796610169492 0.8677966101694916 0.9491525423728815 -3.5254237288135597
7.26 -6.101694915254238 0.6779661016949153 0.664406779661017 -3.6203389830508477
7.28 -4.203389830508475 0.2983050847457627 0.664406779661017 -3.5254237288135597
7.3 -4.772881355932204 0.2983050847457627 -0.2033898305084746 -3.715254237288136
7.32 -3.1593220338983055 0.10847457627118645 0.09491525423728814 -3.715254237288136
7.34 -3.633898305084746 0.2033898305084746 -1.4372881355932206 -3.715254237288136
7.36 -2.4813559322033902 -0.0 -0.48813559322033906 -3.6203389830508477
7.38 -2.955932203389831 0.2033898305084746 -2.1016949152542375 -3.715254237288136
7.4 -2.1966101694915254 0.10847457627118645 -0.7728813559322034 -3.715254237288136
7.42 -1.9118644067796613 0.48813559322033906 -2.671186440677966 -3.715254237288136
7.44 -1.6271186440677967 0.39322033898305087 -1.152542372881356 -3.810169491525424
7.46 -1.3423728813559324 0.9627118644067798 -3.2542372881355934 -3.810169491525424
7.48 -1.2474576271186442 0.7728813559322034 -2.0067796610169495 -3.715254237288136
7.5 -0.6779661016949153 1.5322033898305085 -3.538983050847458 -3.9050847457627125
7.52 -0.6779661016949153 1.152542372881356 -2.955932203389831 -3.810169491525424
7.54 -0.10847457627118645 2.1016949152542375 -4.583050847457628 -3.6203389830508477
7.56 -0.2983050847457627 1.722033898305085 -4.298305084745763 -3.3355932203389833
7.58 0.37966101694915255 2.955932203389831 -4.393220338983051 -3.4305084745762717
7.6 -0.10847457627118645 2.291525423728814 -4.013559322033899 -3.145762711864407
7.62 0.664406779661017 4.203389830508475 -2.7661016949152546 -3.715254237288136
7.64 0.09491525423728814 3.44406779661017 -2.576271186440678 -3.5254237288135597
7.66 0.9491525423728815 5.437288135593221 -0.7728813559322034 -4.664406779661017
7.68 0.37966101694915255 4.393220338983051 -0.5830508474576271 -4.474576271186441
7.7 1.4237288135593222 5.8169491525423735 0.664406779661017 -5.423728813559323
7.72 0.7593220338983051 4.583050847457628 0.8542372881355933 -4.9491525423728815
7.74 1.7084745762711866 4.488135593220339 1.2338983050847459 -4.474576271186441
7.76 1.1389830508474577 3.633898305084746 0.9491525423728815 -4.284745762711865
7.78 1.8033898305084748 2.4813559322033902 1.0440677966101697 -2.4677966101694917
7.8 1.1389830508474577 2.1016949152542375 0.8542372881355933 -2.4677966101694917
7.82 1.4237288135593222 0.2983050847457627 0.8542372881355933 -0.09491525423728814
7.84 0.8542372881355933 0.39322033898305087 0.47457627118644075 -0.9491525423728815
7.86 1.1389830508474577 -1.993220338983051 -0.10847457627118645 1.152542372881356
7.88 1.0440677966101697 -1.5186440677966102 -1.057627118644068 -0.09491525423728814
7.9 1.4237288135593222 -4.189830508474577 -1.9118644067796613 2.1016949152542375
7.92 1.1389830508474577 -6.766101694915255 -2.7661016949152546 1.2474576271186442
7.94 1.4237288135593222 -5.613559322033899 -3.349152542372882 2.955932203389831
7.96 1.2338983050847459 -4.379661016949153 -3.538983050847458 1.6271186440677967
7.98 1.5186440677966102 -6.766101694915255 -3.538983050847458 2.386440677966102
8.0 1.2338983050847459 -5.04406779661017 -3.538983050847458 1.3423728813559324
8.02 1.2338983050847459 -6.955932203389831 -3.538983050847458 1.6271186440677967
8.04 0.8542372881355933 -5.328813559322034 -3.538983050847458 0.9627118644067798
8.06 0.664406779661017 -6.481355932203391 -3.538983050847458 0.5830508474576271
8.08 0.2847457627118644 -4.7593220338983055 -3.538983050847458 0.5830508474576271
8.1 0.37966101694915255 -5.613559322033899 -3.538983050847458 -0.2847457627118644
8.12 0.18983050847457628 -4.0 -3.538983050847458 0.10847457627118645
8.14 0.47457627118644075 -4.474576271186441 -3.538983050847458 -1.4237288135593222
8.16 0.2847457627118644 -3.2406779661016953 -3.538983050847458 -0.47457627118644075
8.18 0.8542372881355933 -3.4305084745762717 -3.538983050847458 -2.3728813559322037
8.2 0.664406779661017 -2.56271186440678 -3.538983050847458 -1.0440677966101697
8.22 1.0440677966101697 -2.3728813559322037 -3.633898305084746 -2.9423728813559324
8.24 0.8542372881355933 -1.898305084745763 -3.633898305084746 -1.328813559322034
8.26 1.328813559322034 -1.5186440677966102 -3.728813559322034 -4.0
8.28 1.0440677966101697 -1.4237288135593222 -3.349152542372882 -3.4305084745762717
8.3 1.8033898305084748 -0.8542372881355933 -3.538983050847458 -5.423728813559323
8.32 1.5186440677966102 -0.9491525423728815 -3.538983050847458 -3.3355932203389833
8.34 2.56271186440678 -0.18983050847457628 -3.728813559322034 -4.094915254237288
8.36 2.1830508474576273 -0.2847457627118644 -3.2542372881355934 -3.5254237288135597
8.38 2.9423728813559324 -0.0 -3.633898305084746 -3.2406779661016953
8.4 2.9423728813559324 -0.0 -3.633898305084746 -3.2406779661016953
8.42 4.664406779661017 0.6779661016949153 -4.203389830508475 -1.8033898305084748
8.44 3.810169491525424 0.2983050847457627 -4.013559322033899 -1.4237288135593222
8.46 5.8033898305084755 1.2474576271186442 -5.532203389830509 0.5830508474576271
8.48 4.7593220338983055 0.7728813559322034 -5.437288135593221 0.5830508474576271
8.5 5.993220338983051 1.9118644067796613 -6.305084745762713 1.5322033898305085
8.52 4.7593220338983055 1.3423728813559324 -5.437288135593221 1.057627118644068
8.54 4.7593220338983055 2.0067796610169495 -4.488135593220339 1.3423728813559324
8.56 3.810169491525424 1.3423728813559324 -4.013559322033899 0.8677966101694916
8.58 2.8474576271186445 1.9118644067796613 -2.1966101694915254 0.8677966101694916
8.6 2.56271186440678 1.2474576271186442 -2.291525423728814 0.6779661016949153
8.62 0.8542372881355933 1.4372881355932206 -0.10847457627118645 0.6779661016949153
8.64 0.9491525423728815 0.8677966101694916 -0.9627118644067798 0.39322033898305087
8.66 -1.4372881355932206 1.3423728813559324 1.0440677966101697 -0.47457627118644075
8.68 -1.152542372881356 1.152542372881356 0.09491525423728814 -1.4237288135593222
8.7 -3.8237288135593226 1.4372881355932206 2.657627118644068 -2.2779661016949153
8.72 -2.671186440677966 1.2474576271186442 1.6135593220338984 -2.9423728813559324
8.74 -5.342372881355932 1.4372881355932206 3.2406779661016953 -3.4305084745762717
8.76 -4.1084745762711865 1.4372881355932206 1.6135593220338984 -3.6203389830508477
8.78 -6.305084745762713 1.722033898305085 2.56271186440678 -3.5254237288135597
8.8 -4.867796610169492 1.5322033898305085 1.0440677966101697 -3.5254237288135597
8.82 -6.494915254237289 1.4372881355932206 1.5186440677966102 -3.5254237288135597
8.84 -4.583050847457628 0.9627118644067798 0.9491525423728815 -3.5254237288135597
8.86 -5.8169491525423735 0.7728813559322034 0.8542372881355933 -3.5254237288135597
8.88 -4.013559322033899 0.2983050847457627 0.7593220338983051 -3.5254237288135597
8.9 -4.772881355932204 0.39322033898305087 0.0 -3.5254237288135597
8.92 -3.1593220338983055 0.10847457627118645 0.2847457627118644 -3.5254237288135597
8.94 -3.728813559322034 0.2983050847457627 -1.3423728813559324 -3.6203389830508477
8.96 -2.576271186440678 0.10847457627118645 -0.2983050847457627 -3.6203389830508477
8.98 -2.955932203389831 0.39322033898305087 -2.1016949152542375 -3.5254237288135597
9.0 -2.1016949152542375 0.2983050847457627 -0.6779661016949153 -3.5254237288135597
9.02 -2.1016949152542375 0.7728813559322034 -2.576271186440678 -3.5254237288135597
9.04 -1.6271186440677967 0.6779661016949153 -0.9627118644067798 -3.5254237288135597
9.06 -1.4372881355932206 1.152542372881356 -2.7661016949152546 -3.715254237288136
9.08 -1.2474576271186442 0.8677966101694916 -1.816949152542373 -3.715254237288136
9.1 -0.6779661016949153 1.5322033898305085 -3.2542372881355934 -3.810169491525424
9.12 -0.7728813559322034 1.2474576271186442 -2.0067796610169495 -3.810169491525424
9.14 -0.10847457627118645 2.0067796610169495 -3.44406779661017 -3.9050847457627125
9.16 -0.2983050847457627 1.722033898305085 -3.2542372881355934 -3.5254237288135597
9.18 0.47457627118644075 2.8610169491525426 -3.538983050847458 -3.810169491525424
9.2 0.0 2.386440677966102 -3.2542372881355934 -3.4305084745762717
9.22 0.7593220338983051 4.013559322033899 -2.291525423728814 -3.810169491525424
9.24 0.18983050847457628 3.349152542372882 -2.1016949152542375 -3.6203389830508477
9.26 1.0440677966101697 5.247457627118645 -0.5830508474576271 -4.56949152542373
9.28 0.47457627118644075 4.203389830508475 -0.5830508474576271 -4.379661016949153
9.3 1.328813559322034 5.437288135593221 0.5694915254237288 -5.04406779661017
9.32 0.7593220338983051 4.488135593220339 0.7593220338983051 -4.664406779661017
9.34 1.5186440677966102 4.393220338983051 1.0440677966101697 -4.0
9.36 1.0440677966101697 3.728813559322034 0.7593220338983051 -3.9050847457627125
9.38 1.6135593220338984 2.4813559322033902 0.9491525423728815 -2.1830508474576273
9.4 0.9491525423728815 2.291525423728814 0.7593220338983051 -2.1830508474576273
9.42 1.2338983050847459 0.48813559322033906 0.7593220338983051 -0.0
9.44 0.7593220338983051 0.5830508474576271 0.18983050847457628 -0.8542372881355933
9.46 1.1389830508474577 -1.898305084745763 -0.2983050847457627 1.057627118644068
9.48 1.0440677966101697 -1.2338983050847459 -1.057627118644068 -0.09491525423728814
9.5 1.328813559322034 -3.4305084745762717 -1.816949152542373 2.0067796610169495
9.52 1.0440677966101697 -2.8474576271186445 -2.4813559322033902 1.152542372881356
9.54 1.328813559322034 -5.233898305084746 -3.050847457627119 2.7661016949152546
9.56 1.2338983050847459 -4.094915254237288 -3.349152542372882 1.5322033898305085
9.58 1.5186440677966102 -6.291525423728814 -3.44406779661017 2.291525423728814
9.6 1.328813559322034 -4.9491525423728815 -3.44406779661017 1.3423728813559324
9.62 1.5186440677966102 -6.8610169491525435 -3.349152542372882 1.4372881355932206
9.64 1.1389830508474577 -5.328813559322034 -3.349152542372882 0.7728813559322034
9.66 1.2338983050847459 -6.481355932203391 -3.44406779661017 0.2983050847457627
9.68 0.664406779661017 -4.664406779661017 -3.44406779661017 0.2983050847457627
9.7 0.5694915254237288 -5.423728813559323 -3.44406779661017 -0.47457627118644075
9.72 0.664406779661017 -4.0 -3.44406779661017 -0.0
9.74 0.9491525423728815 -4.284745762711865 -3.44406779661017 -1.4237288135593222
9.76 0.5694915254237288 -3.3355932203389833 -3.44406779661017 -0.664406779661017
9.78 0.9491525423728815 -3.3355932203389833 -3.44406779661017 -2.3728813559322037
9.8 0.7593220338983051 -2.56271186440678 -3.44406779661017 -0.9491525423728815
9.82 1.1389830508474577 -2.2779661016949153 -3.44406779661017 -3.145762711864407
9.84 0.9491525423728815 -1.898305084745763 -3.44406779661017 -1.7084745762711866
9.86 1.5186440677966102 -1.4237288135593222 -3.538983050847458 -4.0
9.88 1.328813559322034 -1.4237288135593222 -3.349152542372882 -2.9423728813559324
9.9 2.0881355932203394 -0.7593220338983051 -3.633898305084746 -4.284745762711865
9.92 2.0881355932203394 -0.8542372881355933 -3.633898305084746 -2.2779661016949153
9.94 3.145762711864407 -0.18983050847457628 -3.8237288135593226 -2.752542372881356
9.96 2.752542372881356 -0.2847457627118644 -3.8237288135593226 -1.7084745762711866
9.98 4.094915254237288 0.6779661016949153 -4.488135593220339 -1.2338983050847459
10.0 3.3355932203389833 0.2983050847457627 -4.488135593220339 -0.47457627118644075
10.02 4.9491525423728815 1.152542372881356 -5.437288135593221 0.8677966101694916
10.04 4.0 0.7728813559322034 -5.437288135593221 0.6779661016949153
10.06 6.101694915254238 1.816949152542373 -6.589830508474577 1.9118644067796613
10.08 5.04406779661017 1.152542372881356 -6.0067796610169495 1.2474576271186442
10.1 6.481355932203391 2.0067796610169495 -6.210169491525424 1.816949152542373
10.12 5.423728813559323 1.3423728813559324 -5.057627118644068 1.057627118644068
10.14 5.423728813559323 1.9118644067796613 -3.8237288135593226 1.152542372881356
10.16 4.664406779661017 1.152542372881356 -3.1593220338983055 0.6779661016949153
10.18 3.6203389830508477 1.6271186440677967 -1.3423728813559324 0.6779661016949153
10.2 3.3355932203389833 0.9627118644067798 -1.4372881355932206 0.39322033898305087
10.22 1.5186440677966102 1.2474576271186442 0.5694915254237288 0.48813559322033906
10.24 1.5186440677966102 0.6779661016949153 -0.5830508474576271 0.2983050847457627
10.26 -0.8677966101694916 1.057627118644068 1.0440677966101697 -0.2847457627118644
10.28 -0.5830508474576271 0.9627118644067798 -0.2983050847457627 -1.328813559322034
10.3 -3.44406779661017 1.4372881355932206 2.2779661016949153 -2.1830508474576273
10.32 -2.4813559322033902 1.2474576271186442 1.6135593220338984 -2.752542372881356
10.34 -5.152542372881356 1.4372881355932206 3.2406779661016953 -3.4305084745762717
10.36 -3.8237288135593226 1.3423728813559324 1.8033898305084748 -3.6203389830508477
10.38 -6.210169491525424 1.6271186440677967 2.56271186440678 -3.6203389830508477
10.4 -4.772881355932204 1.4372881355932206 1.0440677966101697 -3.6203389830508477
10.42 -6.494915254237289 1.4372881355932206 1.4237288135593222 -3.5254237288135597
10.44 -4.677966101694916 0.9627118644067798 0.9491525423728815 -3.5254237288135597
10.46 -5.911864406779662 0.6779661016949153 0.8542372881355933 -3.5254237288135597
10.48 -4.1084745762711865 0.2033898305084746 0.7593220338983051 -3.5254237288135597
10.5 -4.9627118644067805 0.2983050847457627 -0.10847457627118645 -3.5254237288135597
10.52 -3.2542372881355934 0.10847457627118645 0.18983050847457628 -3.5254237288135597
10.54 -3.633898305084746 0.10847457627118645 -1.2474576271186442 -3.6203389830508477
10.56 -2.386440677966102 -0.09491525423728814 -0.39322033898305087 -3.715254237288136
10.58 -2.8610169491525426 0.2033898305084746 -2.0067796610169495 -3.6203389830508477
10.6 -2.1016949152542375 -0.0 -0.6779661016949153 -3.715254237288136
10.62 -1.9118644067796613 0.2983050847457627 -2.4813559322033902 -3.715254237288136
10.64 -1.6271186440677967 0.2033898305084746 -0.9627118644067798 -3.6203389830508477
10.66 -1.4372881355932206 0.6779661016949153 -2.7661016949152546 -3.715254237288136
10.68 -1.2474576271186442 0.48813559322033906 -1.722033898305085 -3.715254237288136
10.7 -0.6779661016949153 1.2474576271186442 -3.349152542372882 -3.9050847457627125
10.72 -0.6779661016949153 1.057627118644068 -2.291525423728814 -3.9050847457627125
10.74 -0.10847457627118645 1.816949152542373 -3.728813559322034 -4.0
10.76 -0.2983050847457627 1.4372881355932206 -3.633898305084746 -3.715254237288136
10.78 0.37966101694915255 2.576271186440678 -4.013559322033899 -4.0
10.8 0.0 2.1016949152542375 -3.8237288135593226 -3.715254237288136
10.82 0.664406779661017 3.728813559322034 -2.7661016949152546 -4.094915254237288
10.84 0.18983050847457628 2.955932203389831 -2.4813559322033902 -3.9050847457627125
10.86 1.0440677966101697 4.772881355932204 -1.057627118644068 -4.7593220338983055
10.88 0.37966101694915255 3.9186440677966106 -0.8677966101694916 -4.56949152542373
10.9 1.328813559322034 5.057627118644068 0.37966101694915255 -5.328813559322034
10.92 0.664406779661017 4.1084745762711865 0.37966101694915255 -5.04406779661017
10.94 1.5186440677966102 4.1084745762711865 1.0440677966101697 -4.474576271186441
10.96 0.9491525423728815 3.349152542372882 0.8542372881355933 -4.474576271186441
10.98 1.6135593220338984 2.1966101694915254 0.9491525423728815 -2.752542372881356
11.0 0.9491525423728815 2.0067796610169495 0.7593220338983051 -2.752542372881356
11.02 1.328813559322034 0.2033898305084746 0.7593220338983051 -0.47457627118644075
11.04 0.8542372881355933 0.2983050847457627 0.18983050847457628 -1.1389830508474577
11.06 1.328813559322034 -1.993220338983051 -0.2983050847457627 0.9627118644067798
11.08 1.1389830508474577 -1.4237288135593222 -1.057627118644068 -0.09491525423728814
11.1 1.4237288135593222 -3.715254237288136 -1.9118644067796613 1.9118644067796613
11.12 1.1389830508474577 -2.9423728813559324 -2.576271186440678 1.057627118644068
11.14 1.4237288135593222 -5.138983050847458 -3.1593220338983055 2.671186440677966
11.16 1.328813559322034 -4.094915254237288 -3.538983050847458 1.5322033898305085
11.18 1.5186440677966102 -6.196610169491526 -3.44406779661017 2.1966101694915254
11.2 1.328813559322034 -4.7593220338983055 -3.538983050847458 1.3423728813559324
11.22 1.4237288135593222 -6.576271186440678 -3.538983050847458 1.6271186440677967
11.24 1.1389830508474577 -4.854237288135594 -3.44406779661017 0.9627118644067798
11.26 1.0440677966101697 -6.101694915254238 -3.538983050847458 0.5830508474576271
11.28 0.7593220338983051 -4.379661016949153 -3.538983050847458 0.5830508474576271
11.3 0.5694915254237288 -5.04406779661017 -3.538983050847458 -0.18983050847457628
11.32 0.664406779661017 -3.715254237288136 -3.538983050847458 0.2033898305084746
11.34 1.1389830508474577 -4.474576271186441 -3.44406779661017 -1.2338983050847459
11.36 1.0440677966101697 -3.715254237288136 -3.538983050847458 -0.7593220338983051
11.38 1.328813559322034 -3.9050847457627125 -3.538983050847458 -2.4677966101694917
11.4 1.2338983050847459 -2.9423728813559324 -3.538983050847458 -0.8542372881355933
11.42 1.6135593220338984 -2.657627118644068 -3.538983050847458 -2.752542372881356
11.44 1.5186440677966102 -2.0881355932203394 -3.633898305084746 -1.5186440677966102
11.46 1.898305084745763 -1.6135593220338984 -3.633898305084746 -3.9050847457627125
11.48 1.6135593220338984 -1.4237288135593222 -3.349152542372882 -3.4305084745762717
11.5 2.2779661016949153 -0.9491525423728815 -3.44406779661017 -4.854237288135594
11.52 2.2779661016949153 -0.9491525423728815 -3.44406779661017 -2.752542372881356
11.54 3.5254237288135597 -0.2847457627118644 -3.728813559322034 -2.9423728813559324
11.56 3.2406779661016953 -0.37966101694915255 -3.728813559322034 -2.1830508474576273
11.58 4.474576271186441 0.39322033898305087 -4.203389830508475 -2.4677966101694917
11.6 3.810169491525424 0.10847457627118645 -4.203389830508475 -1.898305084745763
11.62 5.328813559322034 0.8677966101694916 -4.867796610169492 -0.2847457627118644
11.64 4.474576271186441 0.48813559322033906 -4.9627118644067805 -0.0
11.66 6.386440677966102 1.6271186440677967 -6.101694915254238 1.2474576271186442
11.68 5.328813559322034 0.9627118644067798 -5.8169491525423735 0.9627118644067798
11.7 6.386440677966102 1.9118644067796613 -6.0067796610169495 1.4372881355932206
11.72 5.328813559322034 1.152542372881356 -5.152542372881356 0.9627118644067798
11.74 5.328813559322034 1.9118644067796613 -3.9186440677966106 1.152542372881356
11.76 4.474576271186441 1.152542372881356 -3.2542372881355934 0.6779661016949153
11.78 3.4305084745762717 1.6271186440677967 -1.4372881355932206 0.6779661016949153
11.8 3.2406779661016953 0.9627118644067798 -1.6271186440677967 0.39322033898305087
11.82 1.1389830508474577 1.152542372881356 0.37966101694915255 0.39322033898305087
11.84 1.2338983050847459 0.6779661016949153 -0.6779661016949153 -0.2847457627118644
11.86 -1.2474576271186442 1.152542372881356 1.2338983050847459 -0.7593220338983051
11.88 -0.7728813559322034 1.057627118644068 0.37966101694915255 -1.7084745762711866
11.9 -3.633898305084746 1.4372881355932206 2.752542372881356 -2.3728813559322037
11.92 -2.671186440677966 1.2474576271186442 1.7084745762711866 -2.9423728813559324
11.94 -5.057627118644068 1.3423728813559324 3.145762711864407 -3.3355932203389833
11.96 -3.9186440677966106 1.2474576271186442 1.7084745762711866 -3.6203389830508477
11.98 -6.101694915254238 1.6271186440677967 2.2779661016949153 -3.5254237288135597
12.0 -4.772881355932204 1.4372881355932206 0.7593220338983051 -3.5254237288135597
12.02 -6.4 1.5322033898305085 1.0440677966101697 -3.4305084745762717
12.04 -4.583050847457628 1.152542372881356 0.9491525423728815 -3.4305084745762717
12.06 -5.8169491525423735 0.8677966101694916 0.664406779661017 -3.4305084745762717
12.08 -4.1084745762711865 0.2983050847457627 0.664406779661017 -3.4305084745762717
12.1 -4.867796610169492 0.39322033898305087 -0.39322033898305087 -3.5254237288135597
12.12 -3.1593220338983055 0.10847457627118645 0.0 -3.5254237288135597
12.14 -3.44406779661017 0.2983050847457627 -1.5322033898305085 -3.5254237288135597
12.16 -2.4813559322033902 0.10847457627118645 -0.48813559322033906 -3.5254237288135597
12.18 -2.671186440677966 0.2983050847457627 -2.1016949152542375 -3.5254237288135597
12.2 -1.9118644067796613 0.10847457627118645 -0.7728813559322034 -3.5254237288135597
12.22 -1.816949152542373 0.5830508474576271 -2.671186440677966 -3.6203389830508477
12.24 -1.5322033898305085 0.48813559322033906 -1.057627118644068 -3.6203389830508477
12.26 -1.152542372881356 0.9627118644067798 -3.1593220338983055 -3.715254237288136
12.28 -1.057627118644068 0.8677966101694916 -2.1016949152542375 -3.6203389830508477
12.3 -0.48813559322033906 1.5322033898305085 -3.44406779661017 -3.810169491525424
12.32 -0.5830508474576271 1.3423728813559324 -2.386440677966102 -3.810169491525424
12.34 0.0 2.1966101694915254 -3.8237288135593226 -3.810169491525424
12.36 -0.2033898305084746 1.816949152542373 -3.633898305084746 -3.5254237288135597
12.38 0.47457627118644075 2.955932203389831 -3.8237288135593226 -3.810169491525424
12.4 0.0 2.4813559322033902 -3.44406779661017 -3.4305084745762717
12.42 0.664406779661017 4.298305084745763 -2.1016949152542375 -4.0
12.44 0.18983050847457628 3.538983050847458 -1.9118644067796613 -3.9050847457627125
12.46 1.0440677966101697 5.532203389830509 -0.10847457627118645 -5.138983050847458
12.48 0.47457627118644075 4.488135593220339 0.0 -5.04406779661017
12.5 1.5186440677966102 5.911864406779662 1.328813559322034 -5.708474576271187
12.52 0.9491525423728815 4.677966101694916 1.0440677966101697 -5.233898305084746
12.54 1.898305084745763 4.772881355932204 1.328813559322034 -4.56949152542373
12.56 1.2338983050847459 3.8237288135593226 0.9491525423728815 -4.189830508474577
12.58 1.7084745762711866 2.7661016949152546 1.0440677966101697 -2.3728813559322037
12.6 1.0440677966101697 2.4813559322033902 0.7593220338983051 -2.4677966101694917
12.62 1.328813559322034 0.6779661016949153 0.7593220338983051 -0.2847457627118644
12.64 0.664406779661017 0.7728813559322034 0.47457627118644075 -0.9491525423728815
12.66 0.8542372881355933 -1.5186440677966102 0.37966101694915255 1.057627118644068
12.68 0.47457627118644075 -0.9491525423728815 -0.6779661016949153 -0.18983050847457628
12.7 1.1389830508474577 -3.5254237288135597 -1.5322033898305085 1.816949152542373
12.72 1.0440677966101697 -2.657627118644068 -2.291525423728814 0.8677966101694916
12.74 1.2338983050847459 -5.138983050847458 -3.050847457627119 2.8610169491525426
12.76 1.0440677966101697 -3.9050847457627125 -3.538983050847458 1.5322033898305085
12.78 1.328813559322034 -6.196610169491526 -3.538983050847458 2.386440677966102
12.8 1.1389830508474577 -4.854237288135594 -3.538983050847458 1.152542372881356
12.82 1.1389830508474577 -6.8610169491525435 -3.633898305084746 1.722033898305085
12.84 0.7593220338983051 -5.138983050847458 -3.538983050847458 0.9627118644067798
12.86 0.664406779661017 -6.576271186440678 -3.538983050847458 0.7728813559322034
12.88 0.2847457627118644 -4.7593220338983055 -3.538983050847458 0.5830508474576271
12.9 0.2847457627118644 -5.613559322033899 -3.538983050847458 -0.2847457627118644
12.92 0.09491525423728814 -4.0 -3.538983050847458 0.10847457627118645
12.94 0.2847457627118644 -4.474576271186441 -3.538983050847458 -1.2338983050847459
12.96 0.09491525423728814 -3.2406779661016953 -3.633898305084746 -0.37966101694915255
12.98 0.37966101694915255 -3.145762711864407 -3.538983050847458 -1.898305084745763
13.0 0.2847457627118644 -2.1830508474576273 -3.538983050847458 -0.7593220338983051
13.02 0.664406779661017 -2.1830508474576273 -3.633898305084746 -2.56271186440678
13.04 0.664406779661017 -1.7084745762711866 -3.633898305084746 -4.474576271186441
13.06 1.1389830508474577 -1.4237288135593222 -3.728813559322034 -3.4305084745762717
13.08 0.8542372881355933 -1.4237288135593222 -3.728813559322034 -2.752542372881356
13.1 1.4237288135593222 -0.9491525423728815 -3.633898305084746 -5.04406779661017
13.12 1.0440677966101697 -0.9491525423728815 -3.8237288135593226 -3.5254237288135597
13.14 1.898305084745763 -0.18983050847457628 -3.9186440677966106 -4.189830508474577
13.16 1.4237288135593222 -0.37966101694915255 -3.2542372881355934 -4.0
13.18 2.56271186440678 0.2983050847457627 -3.538983050847458 -4.474576271186441
13.2 1.993220338983051 -0.0 -3.349152542372882 -4.379661016949153
13.22 3.5254237288135597 0.6779661016949153 -3.8237288135593226 -3.4305084745762717
13.24 2.657627118644068 0.2033898305084746 -3.728813559322034 -3.145762711864407
13.26 4.56949152542373 1.152542372881356 -4.772881355932204 -1.7084745762711866
13.28 3.6203389830508477 0.48813559322033906 -4.583050847457628 -1.7084745762711866
13.3 4.854237288135594 1.2474576271186442 -5.342372881355932 -0.664406779661017
13.32 3.810169491525424 0.5830508474576271 -5.152542372881356 -0.5694915254237288
13.34 3.810169491525424 1.4372881355932206 -4.583050847457628 0.39322033898305087
13.36 2.9423728813559324 0.9627118644067798 -4.583050847457628 0.39322033898305087
13.38 1.328813559322034 1.3423728813559324 -2.7661016949152546 0.48813559322033906
13.4 1.328813559322034 1.3423728813559324 -2.7661016949152546 0.48813559322033906
13.42 -0.5830508474576271 1.816949152542373 -0.48813559322033906 0.2983050847457627
13.44 -0.6779661016949153 1.4372881355932206 -1.152542372881356 -0.37966101694915255
13.46 -2.955932203389831 1.816949152542373 1.2338983050847459 -0.8542372881355933
13.48 -2.1016949152542375 1.5322033898305085 0.37966101694915255 -1.7084745762711866
13.5 -4.488135593220339 1.9118644067796613 2.752542372881356 -2.56271186440678
13.52 -3.44406779661017 1.722033898305085 1.6135593220338984 -3.050847457627119
13.54 -5.911864406779662 2.1016949152542375 2.9423728813559324 -3.3355932203389833
13.56 -4.393220338983051 2.1016949152542375 1.328813559322034 -3.3355932203389833
13.58 -6.305084745762713 2.1966101694915254 2.2779661016949153 -3.3355932203389833
13.6 -4.488135593220339 1.816949152542373 1.2338983050847459 -3.3355932203389833
13.62 -6.0067796610169495 1.9118644067796613 1.5186440677966102 -3.3355932203389833
13.64 -4.203389830508475 1.5322033898305085 1.0440677966101697 -3.3355932203389833
13.66 -5.437288135593221 1.5322033898305085 0.7593220338983051 -3.3355932203389833
13.68 -3.8237288135593226 1.3423728813559324 0.7593220338983051 -3.2406779661016953
13.7 -4.677966101694916 1.4372881355932206 -0.39322033898305087 -3.3355932203389833
13.72 -3.349152542372882 1.3423728813559324 0.0 -3.3355932203389833
13.74 -3.9186440677966106 1.5322033898305085 -1.6271186440677967 -3.3355932203389833
13.76 -2.8610169491525426 1.4372881355932206 -0.5830508474576271 -3.3355932203389833
13.78 -3.050847457627119 1.6271186440677967 -2.386440677966102 -3.3355932203389833
13.8 -2.386440677966102 1.5322033898305085 -0.9627118644067798 -3.3355932203389833
13.82 -2.1016949152542375 1.9118644067796613 -2.7661016949152546 -3.4305084745762717
13.84 -1.6271186440677967 1.722033898305085 -1.152542372881356 -3.5254237288135597
13.86 -1.152542372881356 2.1966101694915254 -3.44406779661017 -3.5254237288135597
13.88 -1.057627118644068 1.9118644067796613 -2.1016949152542375 -3.5254237288135597
13.9 -0.48813559322033906 2.4813559322033902 -3.1593220338983055 -3.6203389830508477
13.92 -0.5830508474576271 2.291525423728814 -1.816949152542373 -3.6203389830508477
13.94 0.09491525423728814 3.2542372881355934 -2.8610169491525426 -3.810169491525424
13.96 -0.2033898305084746 2.7661016949152546 -2.671186440677966 -3.5254237288135597
13.98 0.5694915254237288 3.9186440677966106 -2.955932203389831 -3.715254237288136
14.0 0.0 3.349152542372882 -2.576271186440678 -3.2406779661016953
14.02 0.7593220338983051 5.152542372881356 -1.3423728813559324 -3.9050847457627125
14.04 0.18983050847457628 4.298305084745763 -1.2474576271186442 -3.715254237288136
14.06 1.1389830508474577 6.210169491525424 0.37966101694915255 -4.9491525423728815
14.08 0.47457627118644075 5.152542372881356 0.37966101694915255 -4.7593220338983055
14.1 1.6135593220338984 6.589830508474577 1.6135593220338984 -5.613559322033899
14.12 0.9491525423728815 5.247457627118645 1.0440677966101697 -4.9491525423728815
14.14 1.8033898305084748 5.247457627118645 1.328813559322034 -4.284745762711865
14.16 1.2338983050847459 4.298305084745763 0.9491525423728815 -4.0
14.18 1.7084745762711866 3.050847457627119 1.0440677966101697 -2.2779661016949153
14.2 1.0440677966101697 2.7661016949152546 0.7593220338983051 -2.2779661016949153
14.22 1.328813559322034 0.8677966101694916 0.664406779661017 -0.09491525423728814
14.24 0.7593220338983051 0.8677966101694916 0.47457627118644075 -0.8542372881355933
14.26 0.8542372881355933 -1.4237288135593222 0.18983050847457628 1.152542372881356
14.28 0.47457627118644075 -0.9491525423728815 -0.8677966101694916 -0.18983050847457628
14.3 1.1389830508474577 -3.6203389830508477 -1.6271186440677967 2.0067796610169495
14.32 1.0440677966101697 -2.752542372881356 -2.4813559322033902 1.152542372881356
14.34 1.328813559322034 -5.138983050847458 -3.349152542372882 2.955932203389831
14.36 1.0440677966101697 -4.0 -3.633898305084746 1.5322033898305085
14.38 1.0440677966101697 -4.9491525423728815 -3.538983050847458 1.2474576271186442
14.4 1.0440677966101697 -4.9491525423728815 -3.538983050847458 1.2474576271186442
14.42 0.8542372881355933 -6.955932203389831 -3.538983050847458 1.6271186440677967
14.44 0.47457627118644075 -5.233898305084746 -3.538983050847458 0.9627118644067798
14.46 0.2847457627118644 -6.576271186440678 -3.633898305084746 0.6779661016949153
14.48 0.09491525423728814 -4.7593220338983055 -3.538983050847458 0.5830508474576271
14.5 0.09491525423728814 -5.423728813559323 -3.633898305084746 -0.2847457627118644
14.52 -0.10847457627118645 -3.4305084745762717 -3.633898305084746 0.10847457627118645
14.54 0.0 -4.0 -3.538983050847458 -1.0440677966101697
14.56 -0.2033898305084746 -2.9423728813559324 -3.633898305084746 -0.2847457627118644
14.58 0.0 -3.050847457627119 -3.633898305084746 -1.898305084745763
14.6 -0.10847457627118645 -2.2779661016949153 -3.633898305084746 -0.664406779661017
14.62 0.37966101694915255 -2.2779661016949153 -3.633898305084746 -2.752542372881356
14.64 0.18983050847457628 -1.993220338983051 -3.633898305084746 -1.1389830508474577
14.66 0.5694915254237288 -1.7084745762711866 -3.728813559322034 -3.5254237288135597
14.68 0.37966101694915255 -1.7084745762711866 -3.728813559322034 -3.050847457627119
14.7 0.9491525423728815 -1.2338983050847459 -3.728813559322034 -5.423728813559323
14.72 0.8542372881355933 -1.2338983050847459 -3.8237288135593226 -4.189830508474577
14.74 1.7084745762711866 -0.5694915254237288 -3.728813559322034 -5.708474576271187
14.76 1.1389830508474577 -0.664406779661017 -3.1593220338983055 -5.423728813559323
14.78 2.4677966101694917 0.10847457627118645 -3.349152542372882 -5.8033898305084755
14.8 1.8033898305084748 -0.2847457627118644 -2.8610169491525426 -5.613559322033899
14.82 3.2406779661016953 0.48813559322033906 -3.2542372881355934 -4.56949152542373
14.84 2.2779661016949153 -0.0 -3.2542372881355934 -4.474576271186441
14.86 4.094915254237288 1.057627118644068 -4.393220338983051 -2.9423728813559324
14.88 2.8474576271186445 0.39322033898305087 -4.393220338983051 -2.9423728813559324
14.9 4.094915254237288 1.152542372881356 -5.057627118644068 -1.898305084745763
14.92 3.145762711864407 0.48813559322033906 -4.772881355932204 -1.898305084745763
14.94 3.2406779661016953 1.152542372881356 -4.393220338983051 -1.0440677966101697
14.96 2.56271186440678 0.5830508474576271 -4.393220338983051 -1.0440677966101697
14.98 1.328813559322034 1.2474576271186442 -2.576271186440678 -0.7593220338983051
15.0 1.0440677966101697 0.7728813559322034 -2.576271186440678 -0.8542372881355933
15.02 -0.8677966101694916 1.4372881355932206 -0.2033898305084746 -0.7593220338983051
15.04 -0.8677966101694916 1.152542372881356 -0.6779661016949153 -1.1389830508474577
15.06 -3.050847457627119 1.5322033898305085 1.7084745762711866 -1.4237288135593222
15.08 -2.1966101694915254 1.2474576271186442 0.7593220338983051 -2.0881355932203394
15.1 -4.488135593220339 1.5322033898305085 3.145762711864407 -2.657627118644068
15.12 -3.349152542372882 1.5322033898305085 1.7084745762711866 -3.050847457627119
15.14 -5.8169491525423735 1.9118644067796613 2.9423728813559324 -3.2406779661016953
15.16 -4.393220338983051 1.816949152542373 1.4237288135593222 -3.2406779661016953
15.18 -6.305084745762713 2.1966101694915254 2.3728813559322037 -3.2406779661016953
15.2 -4.583050847457628 1.9118644067796613 1.2338983050847459 -3.3355932203389833
15.22 -6.101694915254238 2.1016949152542375 1.6135593220338984 -3.2406779661016953
15.24 -4.298305084745763 1.816949152542373 1.0440677966101697 -3.145762711864407
15.26 -5.532203389830509 1.9118644067796613 0.7593220338983051 -3.2406779661016953
15.28 -3.9186440677966106 1.816949152542373 0.7593220338983051 -3.2406779661016953
15.3 -4.772881355932204 2.0067796610169495 -0.39322033898305087 -3.3355932203389833
15.32 -3.44406779661017 1.816949152542373 -0.10847457627118645 -3.3355932203389833
15.34 -4.013559322033899 2.1016949152542375 -1.6271186440677967 -3.3355932203389833
15.36 -2.955932203389831 2.1016949152542375 -0.6779661016949153 -3.3355932203389833
15.38 -3.1593220338983055 2.291525423728814 -2.386440677966102 -3.2406779661016953
15.4 -2.4813559322033902 2.1966101694915254 -0.9627118644067798 -3.3355932203389833
15.42 -2.1016949152542375 2.4813559322033902 -2.7661016949152546 -3.4305084745762717
15.44 -1.722033898305085 2.386440677966102 -1.152542372881356 -3.4305084745762717
15.46 -1.2474576271186442 2.8610169491525426 -3.44406779661017 -3.5254237288135597
15.48 -1.152542372881356 2.576271186440678 -2.0067796610169495 -3.4305084745762717
15.5 -0.48813559322033906 3.2542372881355934 -3.2542372881355934 -3.5254237288135597
15.52 -0.5830508474576271 3.050847457627119 -1.057627118644068 -3.5254237288135597
15.54 0.09491525423728814 4.013559322033899 -2.291525423728814 -3.810169491525424
15.56 -0.2033898305084746 3.44406779661017 -1.6271186440677967 -3.810169491525424
15.58 0.5694915254237288 4.488135593220339 -2.0067796610169495 -4.189830508474577
15.6 0.18983050847457628 3.8237288135593226 -1.9118644067796613 -3.9050847457627125
15.62 0.8542372881355933 5.627118644067798 -0.5830508474576271 -4.474576271186441
15.64 0.37966101694915255 4.772881355932204 -0.48813559322033906 -4.189830508474577
15.66 1.328813559322034 6.589830508474577 1.1389830508474577 -5.423728813559323
15.68 0.664406779661017 5.532203389830509 1.0440677966101697 -5.138983050847458
15.7 1.8033898305084748 6.969491525423729 1.7084745762711866 -5.898305084745763
15.72 1.1389830508474577 5.627118644067798 1.0440677966101697 -5.233898305084746
15.74 1.898305084745763 5.532203389830509 1.328813559322034 -4.379661016949153
15.76 1.2338983050847459 4.583050847457628 0.8542372881355933 -3.9050847457627125
15.78 1.7084745762711866 3.349152542372882 0.9491525423728815 -2.0881355932203394
15.8 1.0440677966101697 3.050847457627119 0.664406779661017 -2.1830508474576273
15.82 1.328813559322034 1.057627118644068 0.664406779661017 -0.0
15.84 0.664406779661017 1.057627118644068 0.37966101694915255 -0.8542372881355933
15.86 0.9491525423728815 -1.328813559322034 -0.10847457627118645 1.057627118644068
15.88 0.5694915254237288 -0.9491525423728815 -0.9627118644067798 -0.2847457627118644
15.9 1.2338983050847459 -3.715254237288136 -1.9118644067796613 2.0067796610169495
15.92 1.0440677966101697 -2.8474576271186445 -2.8610169491525426 1.3423728813559324
15.94 1.2338983050847459 -5.233898305084746 -3.538983050847458 2.955932203389831
15.96 1.0440677966101697 -4.189830508474577 -3.633898305084746 1.5322033898305085
15.98 1.1389830508474577 -6.386440677966102 -3.728813559322034 2.386440677966102
16.0 0.47457627118644075 -4.9491525423728815 -3.728813559322034 1.3423728813559324
16.02 0.37966101694915255 -6.955932203389831 -3.633898305084746 1.6271186440677967
16.04 0.09491525423728814 -5.233898305084746 -3.728813559322034 0.8677966101694916
16.06 0.09491525423728814 -6.291525423728814 -3.728813559322034 0.7728813559322034
16.08 -0.2033898305084746 -4.094915254237288 -3.633898305084746 0.7728813559322034
16.1 -0.2983050847457627 -4.664406779661017 -3.728813559322034 -0.09491525423728814
16.12 -0.5830508474576271 -3.2406779661016953 -3.728813559322034 0.2033898305084746
16.14 -0.2983050847457627 -3.9050847457627125 -3.728813559322034 -1.0440677966101697
16.16 -0.5830508474576271 -3.050847457627119 -3.728813559322034 -0.2847457627118644
16.18 -0.2983050847457627 -3.2406779661016953 -3.728813559322034 -1.993220338983051
16.2 -0.48813559322033906 -2.4677966101694917 -3.728813559322034 -0.8542372881355933
16.22 0.0 -2.56271186440678 -3.8237288135593226 -2.8474576271186445
16.24 -0.2033898305084746 -2.1830508474576273 -3.8237288135593226 -1.1389830508474577
16.26 0.09491525423728814 -1.8033898305084748 -3.9186440677966106 -3.810169491525424
16.28 -0.2983050847457627 -1.6135593220338984 -3.8237288135593226 -3.145762711864407
16.3 0.2847457627118644 -1.1389830508474577 -3.8237288135593226 -5.518644067796611
16.32 0.0 -1.2338983050847459 -3.349152542372882 -5.328813559322034
16.34 0.7593220338983051 -0.47457627118644075 -3.44406779661017 -6.955932203389831
16.36 0.37966101694915255 -0.5694915254237288 -2.8610169491525426 -6.766101694915255
16.38 1.1389830508474577 -0.2847457627118644 -2.671186440677966 -6.8610169491525435
16.4 1.1389830508474577 -0.2847457627118644 -2.671186440677966 -6.8610169491525435
16.42 2.752542372881356 0.48813559322033906 -3.2542372881355934 -5.898305084745763
16.44 1.993220338983051 -0.09491525423728814 -3.2542372881355934 -5.8033898305084755
16.46 3.810169491525424 0.7728813559322034 -4.488135593220339 -4.284745762711865
16.48 2.8474576271186445 0.2033898305084746 -4.393220338983051 -4.189830508474577
16.5 4.0 1.152542372881356 -5.152542372881356 -3.145762711864407
16.52 2.8474576271186445 0.48813559322033906 -4.9627118644067805 -2.9423728813559324
16.54 2.657627118644068 1.2474576271186442 -4.488135593220339 -2.1830508474576273
16.56 1.993220338983051 0.6779661016949153 -4.488135593220339 -2.1830508474576273
16.58 0.9491525423728815 1.152542372881356 -2.7661016949152546 -1.898305084745763
16.6 0.7593220338983051 0.6779661016949153 -2.7661016949152546 -1.898305084745763
16.62 -1.057627118644068 1.152542372881356 -0.39322033898305087 -1.7084745762711866
16.64 -0.9627118644067798 0.7728813559322034 -0.6779661016949153 -1.898305084745763
16.66 -2.955932203389831 1.3423728813559324 1.7084745762711866 -1.993220338983051
16.68 -2.1016949152542375 1.057627118644068 0.9491525423728815 -2.3728813559322037
16.7 -4.393220338983051 1.4372881355932206 3.145762711864407 -2.657627118644068
16.72 -3.349152542372882 1.2474576271186442 1.6135593220338984 -3.050847457627119
16.74 -5.532203389830509 1.722033898305085 3.050847457627119 -3.2406779661016953
16.76 -4.1084745762711865 1.6271186440677967 1.4237288135593222 -3.3355932203389833
16.78 -6.0067796610169495 1.816949152542373 2.4677966101694917 -3.3355932203389833
16.8 -4.298305084745763 1.722033898305085 1.328813559322034 -3.4305084745762717
16.82 -5.8169491525423735 1.816949152542373 1.7084745762711866 -3.4305084745762717
16.84 -4.1084745762711865 1.6271186440677967 1.0440677966101697 -3.4305084745762717
16.86 -5.247457627118645 1.9118644067796613 0.8542372881355933 -3.5254237288135597
16.88 -3.728813559322034 1.722033898305085 0.7593220338983051 -3.4305084745762717
16.9 -4.772881355932204 1.9118644067796613 -0.2983050847457627 -3.4305084745762717
16.92 -3.44406779661017 1.816949152542373 0.09491525423728814 -3.4305084745762717
16.94 -4.013559322033899 2.1016949152542375 -1.4372881355932206 -3.5254237288135597
16.96 -2.955932203389831 2.0067796610169495 -0.48813559322033906 -3.5254237288135597
16.98 -3.050847457627119 2.1966101694915254 -2.291525423728814 -3.6203389830508477
17.0 -2.386440677966102 2.1016949152542375 -0.8677966101694916 -3.5254237288135597
17.02 -2.1966101694915254 2.386440677966102 -2.576271186440678 -3.6203389830508477
17.04 -1.722033898305085 2.1016949152542375 -1.057627118644068 -3.5254237288135597
17.06 -1.3423728813559324 2.576271186440678 -2.8610169491525426 -3.6203389830508477
17.08 -1.152542372881356 2.1966101694915254 -1.9118644067796613 -3.6203389830508477
17.1 -0.5830508474576271 2.8610169491525426 -3.1593220338983055 -3.715254237288136
17.12 -0.6779661016949153 2.576271186440678 -1.152542372881356 -3.810169491525424
17.14 0.0 3.44406779661017 -2.386440677966102 -4.0
17.16 -0.2033898305084746 2.955932203389831 -2.1016949152542375 -3.810169491525424
17.18 0.5694915254237288 4.013559322033899 -2.4813559322033902 -4.0
17.2 0.09491525423728814 3.538983050847458 -2.291525423728814 -3.715254237288136
17.22 0.7593220338983051 5.057627118644068 -1.3423728813559324 -4.094915254237288
17.24 0.2847457627118644 4.203389830508475 -1.2474576271186442 -3.810169491525424
17.26 1.1389830508474577 5.911864406779662 0.09491525423728814 -4.7593220338983055
17.28 0.47457627118644075 4.867796610169492 0.09491525423728814 -4.56949152542373
17.3 1.328813559322034 6.101694915254238 1.2338983050847459 -5.233898305084746
17.32 0.664406779661017 5.057627118644068 0.9491525423728815 -4.9491525423728815
17.34 1.5186440677966102 4.867796610169492 1.1389830508474577 -4.284745762711865
17.36 0.9491525423728815 4.013559322033899 0.8542372881355933 -4.189830508474577
17.38 1.6135593220338984 2.8610169491525426 0.9491525423728815 -2.4677966101694917
17.4 0.9491525423728815 2.576271186440678 0.7593220338983051 -2.4677966101694917
17.42 1.2338983050847459 0.6779661016949153 0.7593220338983051 -0.2847457627118644
17.44 0.7593220338983051 0.7728813559322034 0.37966101694915255 -1.0440677966101697
17.46 1.0440677966101697 -1.6135593220338984 -0.2033898305084746 0.8677966101694916
17.48 0.8542372881355933 -1.328813559322034 -1.057627118644068 -0.2847457627118644
17.5 1.328813559322034 -3.6203389830508477 -1.9118644067796613 1.722033898305085
17.52 1.0440677966101697 -2.752542372881356 -2.576271186440678 1.057627118644068
17.54 1.328813559322034 -5.138983050847458 -3.2542372881355934 2.7661016949152546
17.56 1.1389830508474577 -3.9050847457627125 -3.538983050847458 1.4372881355932206
17.58 1.1389830508474577 -6.101694915254238 -3.538983050847458 2.1966101694915254
17.6 0.9491525423728815 -4.854237288135594 -3.538983050847458 1.3423728813559324
17.62 0.9491525423728815 -6.671186440677967 -3.538983050847458 1.5322033898305085
17.64 0.37966101694915255 -5.04406779661017 -3.538983050847458 0.8677966101694916
17.66 0.37966101694915255 -6.196610169491526 -3.538983050847458 0.5830508474576271
17.68 0.09491525423728814 -4.56949152542373 -3.538983050847458 0.48813559322033906
17.7 0.18983050847457628 -5.233898305084746 -3.538983050847458 -0.2847457627118644
17.72 0.0 -3.6203389830508477 -3.538983050847458 -0.0
17.74 0.18983050847457628 -3.810169491525424 -3.538983050847458 -1.2338983050847459
17.76 0.0 -2.657627118644068 -3.538983050847458 -0.2847457627118644
17.78 0.18983050847457628 -2.8474576271186445 -3.538983050847458 -1.993220338983051
17.8 0.09491525423728814 -2.0881355932203394 -3.538983050847458 -0.7593220338983051
17.82 0.5694915254237288 -1.993220338983051 -3.633898305084746 -2.56271186440678
17.84 0.47457627118644075 -1.8033898305084748 -3.633898305084746 -1.1389830508474577
17.86 1.0440677966101697 -1.5186440677966102 -3.728813559322034 -3.4305084745762717
17.88 0.664406779661017 -1.5186440677966102 -3.633898305084746 -2.752542372881356
17.9 1.328813559322034 -0.9491525423728815 -3.633898305084746 -5.04406779661017
17.92 1.0440677966101697 -0.9491525423728815 -3.728813559322034 -3.4305084745762717
17.94 1.898305084745763 -0.2847457627118644 -3.728813559322034 -4.56949152542373
17.96 1.328813559322034 -0.47457627118644075 -3.2542372881355934 -4.379661016949153
17.98 2.56271186440678 0.39322033898305087 -3.633898305084746 -4.9491525423728815
18.0 1.898305084745763 -0.0 -3.349152542372882 -4.7593220338983055
18.02 3.3355932203389833 0.6779661016949153 -3.728813559322034 -3.715254237288136
18.04 2.3728813559322037 0.2033898305084746 -3.538983050847458 -3.5254237288135597
18.06 4.284745762711865 1.152542372881356 -4.677966101694916 -2.0881355932203394
18.08 3.2406779661016953 0.48813559322033906 -4.583050847457628 -2.0881355932203394
18.1 4.474576271186441 1.2474576271186442 -5.247457627118645 -1.0440677966101697
18.12 3.5254237288135597 0.5830508474576271 -4.9627118644067805 -0.9491525423728815
18.14 3.6203389830508477 1.3423728813559324 -4.488135593220339 -0.18983050847457628
18.16 2.8474576271186445 0.8677966101694916 -4.583050847457628 -0.18983050847457628
18.18 1.6135593220338984 1.4372881355932206 -2.7661016949152546 0.2033898305084746
18.2 1.328813559322034 1.057627118644068 -2.7661016949152546 0.10847457627118645
18.22 -0.5830508474576271 1.722033898305085 -0.48813559322033906 -0.0
18.24 -0.6779661016949153 1.4372881355932206 -0.9627118644067798 -0.5694915254237288
18.26 -2.955932203389831 1.816949152542373 1.328813559322034 -0.9491525423728815
18.28 -2.1016949152542375 1.5322033898305085 0.5694915254237288 -1.7084745762711866
18.3 -4.488135593220339 1.816949152542373 2.8474576271186445 -2.4677966101694917
18.32 -3.349152542372882 1.722033898305085 1.6135593220338984 -2.9423728813559324
18.34 -5.8169491525423735 2.1016949152542375 2.9423728813559324 -3.3355932203389833
18.36 -4.393220338983051 2.1016949152542375 1.328813559322034 -3.4305084745762717
18.38 -4.583050847457628 2.1016949152542375 1.2338983050847459 -3.4305084745762717
18.4 -4.583050847457628 2.1016949152542375 1.2338983050847459 -3.4305084745762717
18.42 -6.101694915254238 2.1966101694915254 1.5186440677966102 -3.3355932203389833
18.44 -4.298305084745763 1.816949152542373 1.0440677966101697 -3.3355932203389833
18.46 -5.532203389830509 1.9118644067796613 0.7593220338983051 -3.3355932203389833
18.48 -3.8237288135593226 1.722033898305085 0.7593220338983051 -3.3355932203389833
18.5 -4.677966101694916 1.816949152542373 -0.39322033898305087 -3.4305084745762717
18.52 -3.349152542372882 1.722033898305085 0.0 -3.4305084745762717
18.54 -3.9186440677966106 1.9118644067796613 -1.6271186440677967 -3.4305084745762717
18.56 -2.8610169491525426 1.816949152542373 -0.5830508474576271 -3.4305084745762717
18.58 -3.050847457627119 2.1016949152542375 -2.386440677966102 -3.4305084745762717
18.6 -2.386440677966102 2.0067796610169495 -0.9627118644067798 -3.5254237288135597
18.62 -2.1016949152542375 2.386440677966102 -2.8610169491525426 -3.5254237288135597
18.64 -1.722033898305085 2.1966101694915254 -1.057627118644068 -3.5254237288135597
18.66 -1.2474576271186442 2.671186440677966 -3.538983050847458 -3.6203389830508477
18.68 -1.152542372881356 2.386440677966102 -2.1016949152542375 -3.5254237288135597
18.7 -0.48813559322033906 3.050847457627119 -3.2542372881355934 -3.715254237288136
18.72 -0.5830508474576271 2.7661016949152546 -1.2474576271186442 -3.715254237288136
18.74 0.09491525423728814 3.728813559322034 -2.386440677966102 -3.9050847457627125
18.76 -0.2033898305084746 3.2542372881355934 -2.0067796610169495 -3.9050847457627125
18.78 0.5694915254237288 4.298305084745763 -2.386440677966102 -4.189830508474577
18.8 0.09491525423728814 3.633898305084746 -2.1966101694915254 -3.810169491525424
18.82 0.7593220338983051 5.437288135593221 -0.8677966101694916 -4.284745762711865
18.84 0.2847457627118644 4.583050847457628 -0.8677966101694916 -4.094915254237288
18.86 1.2338983050847459 6.494915254237289 0.7593220338983051 -5.233898305084746
18.88 0.5694915254237288 5.342372881355932 0.7593220338983051 -5.04406779661017
18.9 1.7084745762711866 6.779661016949153 1.6135593220338984 -5.708474576271187
18.92 1.0440677966101697 5.437288135593221 1.0440677966101697 -5.233898305084746
18.94 1.8033898305084748 5.342372881355932 1.328813559322034 -4.474576271186441
18.96 1.2338983050847459 4.393220338983051 0.9491525423728815 -4.0
18.98 1.7084745762711866 3.2542372881355934 0.9491525423728815 -2.2779661016949153
19.0 1.0440677966101697 2.8610169491525426 0.7593220338983051 -2.2779661016949153
19.02 1.328813559322034 0.9627118644067798 0.664406779661017 -0.09491525423728814
19.04 0.664406779661017 0.9627118644067798 0.47457627118644075 -0.8542372881355933
19.06 0.8542372881355933 -1.328813559322034 0.0 1.057627118644068
19.08 0.5694915254237288 -0.9491525423728815 -0.9627118644067798 -0.2847457627118644
19.1 1.1389830508474577 -3.715254237288136 -1.816949152542373 1.9118644067796613
19.12 1.0440677966101697 -2.8474576271186445 -2.671186440677966 1.152542372881356
19.14 1.328813559322034 -5.233898305084746 -3.44406779661017 3.050847457627119
19.16 1.0440677966101697 -4.094915254237288 -3.633898305084746 1.5322033898305085
19.18 1.2338983050847459 -6.481355932203391 -3.633898305084746 2.386440677966102
19.2 0.7593220338983051 -4.9491525423728815 -3.633898305084746 1.3423728813559324
19.22 0.47457627118644075 -6.955932203389831 -3.633898305084746 1.722033898305085
19.24 0.18983050847457628 -5.233898305084746 -3.633898305084746 0.8677966101694916
19.26 0.2847457627118644 -6.481355932203391 -3.633898305084746 0.6779661016949153
19.28 0.0 -4.56949152542373 -3.633898305084746 0.6779661016949153
19.3 0.0 -4.9491525423728815 -3.633898305084746 -0.18983050847457628
19.32 -0.2983050847457627 -3.3355932203389833 -3.633898305084746 0.2033898305084746
19.34 -0.2033898305084746 -3.9050847457627125 -3.633898305084746 -1.0440677966101697
19.36 -0.39322033898305087 -2.9423728813559324 -3.728813559322034 -0.37966101694915255
19.38 -0.10847457627118645 -3.2406779661016953 -3.633898305084746 -1.993220338983051
19.4 -0.2033898305084746 -2.4677966101694917 -3.633898305084746 -0.8542372881355933
19.42 0.2847457627118644 -2.4677966101694917 -3.728813559322034 -2.752542372881356
19.44 0.09491525423728814 -2.1830508474576273 -3.728813559322034 -1.2338983050847459
19.46 0.37966101694915255 -1.898305084745763 -3.8237288135593226 -3.810169491525424
19.48 0.09491525423728814 -1.7084745762711866 -3.728813559322034 -3.4305084745762717
19.5 0.664406779661017 -1.2338983050847459 -3.8237288135593226 -5.423728813559323
19.52 0.37966101694915255 -1.2338983050847459 -3.728813559322034 -4.854237288135594
19.54 1.2338983050847459 -0.5694915254237288 -3.44406779661017 -6.291525423728814
19.56 0.8542372881355933 -0.5694915254237288 -2.8610169491525426 -6.101694915254238
19.58 2.0881355932203394 0.10847457627118645 -3.050847457627119 -6.481355932203391
19.6 1.5186440677966102 -0.2847457627118644 -2.671186440677966 -6.196610169491526
19.62 3.145762711864407 0.48813559322033906 -3.1593220338983055 -5.138983050847458
19.64 2.2779661016949153 -0.0 -3.1593220338983055 -5.138983050847458
19.66 4.094915254237288 1.057627118644068 -4.393220338983051 -3.6203389830508477
19.68 2.9423728813559324 0.48813559322033906 -4.203389830508475 -3.6203389830508477
19.7 3.9050847457627125 1.2474576271186442 -4.9627118644067805 -2.4677966101694917
19.72 2.8474576271186445 0.5830508474576271 -4.867796610169492 -2.4677966101694917
19.74 2.9423728813559324 1.2474576271186442 -4.393220338983051 -1.7084745762711866
19.76 2.3728813559322037 0.6779661016949153 -4.488135593220339 -1.8033898305084748
19.78 1.2338983050847459 1.152542372881356 -2.576271186440678 -1.4237288135593222
19.8 1.0440677966101697 0.6779661016949153 -2.576271186440678 -1.4237288135593222
19.82 -0.7728813559322034 1.152542372881356 -0.2033898305084746 -1.2338983050847459
19.84 -0.7728813559322034 1.057627118644068 -0.5830508474576271 -1.5186440677966102
19.86 -2.955932203389831 1.5322033898305085 1.898305084745763 -1.8033898305084748
19.88 -2.1016949152542375 1.152542372881356 0.8542372881355933 -2.2779661016949153
19.9 -4.488135593220339 1.5322033898305085 3.2406779661016953 -2.657627118644068
19.92 -3.349152542372882 1.4372881355932206 1.7084745762711866 -3.050847457627119
19.94 -5.627118644067798 1.722033898305085 3.145762711864407 -3.2406779661016953
19.96 -4.298305084745763 1.722033898305085 1.328813559322034 -3.3355932203389833
19.98 -6.305084745762713 2.0067796610169495 2.2779661016949153 -3.3355932203389833
20.0 -4.583050847457628 2.0067796610169495 1.2338983050847459 -3.3355932203389833
