0.0 0.0 0.0 0.0 0.0
0.02 0.00017558364077307687 0.00017558364077307695 -0.000314556281696727 -0.00031455628169672727
0.04 -0.14447761009056498 -0.14447761009056498 0.2857709597517964 0.28577095975179634
0.06 -0.4797537600618058 -0.47975376006180587 1.1644141354155881 1.164414135415588
0.08 -0.9676099211236623 -0.9676099211236623 2.4161874132028 2.4161874132027994
0.1 -1.517384551835721 -1.517384551835721 3.9521553548821275 3.952155354882127
0.12 -2.115055875355409 -2.115055875355409 5.650701568837423 5.650701568837422
0.14 -2.7343145267961386 -2.7343145267961386 7.434016765756637 7.434016765756635
0.16 -3.3852368193622677 -3.3852368193622677 9.241426317559926 9.241426317559922
0.18 -4.050812367853897 -4.050812367853897 11.064643005796002 11.064643005795997
0.2 -4.7392990051366946 -4.739299005136695 12.82391822337617 12.823918223376165
0.22 -5.447485868168526 -5.4474858681685285 14.596253822711871 14.596253822711867
0.24 -6.157711413646695 -6.1577114136466955 16.278311412752863 16.27831141275287
0.26 -6.892348137339884 -6.892348137339885 17.981827267124697 17.9818272671247
0.28 -7.605604196024193 -7.605604196024191 19.594589026691555 19.594589026691562
0.3 -8.34334893244275 -8.343348932442748 21.23425815095075 21.234258150950758
0.32 -9.044206183576442 -9.04420618357644 22.7919189321798 22.7919189321798
0.34 -9.76697238456428 -9.766972384564276 24.371427755536224 24.371427755536224
0.36 -10.44670781359368 -10.446707813593678 25.88146698175563 25.88146698175563
0.38 -11.144332443838072 -11.144332443838072 27.399168977721356 27.399168977721356
0.4 -11.799970139593077 -11.799970139593077 28.861105368603226 28.861105368603226
0.42 -12.467976768235246 -12.467976768235246 30.313610929779674 30.313610929779678
0.44 -13.098885023627139 -13.098885023627133 31.72317639234596 31.723176392345962
0.46 -13.735679452612096 -13.735679452612091 33.10792136940023 33.10792136940023
0.48 -14.341390493980043 -14.341390493980038 34.45995207823526 34.45995207823526
0.5 -14.946455838104736 -14.946455838104734 35.775644014760694 35.775644014760694
0.52 -15.525924298972486 -15.525924298972482 37.06526478350237 37.06526478350237
0.54 -16.098990240743298 -16.098990240743298 38.31121409481364 38.31121409481364
0.56 -16.65065842813067 -16.650658428130665 39.534071611819435 39.534071611819435
0.58 -17.19139743455471 -17.191397434554705 40.709408607985964 40.70940860798595
0.6 -17.713482224843847 -17.713482224843844 41.86158130096036 41.86158130096035
0.62 -18.221400830048267 -18.221400830048264 42.96479255174635 42.96479255174635
0.64 -18.712111243899987 -18.71211124389998 44.042644945197154 44.042644945197154
0.66 -19.186497597140065 -19.186497597140054 45.071443326297256 45.071443326297256
0.68 -19.644119529411867 -19.64411952941185 46.07147972829193 46.07147972829193
0.7 -20.084016014222446 -20.084016014222428 47.022865754804094 47.022865754804094
0.72 -20.506900179670975 -20.50690017967096 47.94158004006596 47.94158004006596
0.74 -20.911097852723614 -20.9110978527236 48.81195790182025 48.81195790182025
0.76 -21.29760216321996 -21.29760216321995 49.64568175339278 49.64568175339278
0.78 -21.664649624613098 -21.66464962461308 50.43095143599826 50.43095143599826
0.8 -22.013070219386737 -22.01307021938672 51.17571184028842 51.17571184028842
0.82 -22.341284174630708 -22.341284174630697 51.87130905018606 51.87130905018606
0.84 -22.64978989600023 -22.64978989600022 52.52270195925279 52.5227019592528
0.86 -22.937255971165563 -22.93725597116554 53.12358442710382 53.12358442710382
0.88 -23.203828600567384 -23.203828600567363 53.67666158860523 53.67666158860523
0.9 -23.448385733695773 -23.448385733695744 54.177248564726625 54.17724856472663
0.92 -23.67076229797881 -23.670762297978793 54.62640618612979 54.6264061861298
0.94 -23.869967994784442 -23.86996799478441 55.02047631561901 55.02047631561901
0.96 -24.045579038614605 -24.045579038614573 55.35932980060208 55.35932980060208
0.98 -24.196654115587794 -24.196654115587762 55.63987696692086 55.63987696692086
1.0 -24.322549282843898 -24.322549282843863 55.861102563510684 55.861102563510684
1.02 -24.42228634578264 -24.42228634578261 56.02013234998454 56.02013234998454
1.04 -24.497733211525237 -24.497733211525205 56.120490745610134 56.120490745610134
1.06 -24.555052829034988 -24.555052829034956 56.17508422586592 56.17508422586592
1.08 -24.60006905076857 -24.600069050768536 56.20132418302468 56.20132418302468
1.1 -24.63546711351642 -24.635467113516388 56.21171440125607 56.21171440125607
1.12 -24.662747058218134 -24.662747058218105 56.2147013570764 56.2147013570764
1.14 -24.683559942391287 -24.683559942391263 56.2165731537059 56.216573153705916
1.16 -24.69788152396523 -24.697881523965194 56.2186628184831 56.2186628184831
1.18 -24.70691938028733 -24.7069193802873 56.22021642209601 56.220216422096
1.2 -24.712470717471106 -24.712470717471078 56.2225051664571 56.2225051664571
1.22 -24.714827830105904 -24.714827830105882 56.224104314429106 56.224104314429106
1.24 -24.71682674669973 -24.716826746699713 56.22747025914951 56.22747025914951
1.26 -24.719231560725007 -24.71923156072499 56.231747322663075 56.231747322663075
1.28 -24.721694289897187 -24.726693834222683 56.236254945358404 56.24720527040843
1.3 -24.729091895392866 -24.755889298656886 56.24864651392161 56.307481588869706
1.32 -24.75779903190648 -24.825710411470727 56.293401269216 56.44230358384023
1.34 -24.816471831926556 -24.944411548292337 56.38730165427299 56.66751954308439
1.36 -24.908277539680935 -25.11806889325767 56.53169787291553 56.98066164071042
1.38 -25.02442341289044 -25.392967985577584 56.71741959504506 57.33869174914226
1.4 -25.112104351820882 -25.842394777351664 56.91351850170623 57.73305410433328
1.42 -25.130948734144937 -26.429689711493484 57.099129114115605 58.292383688336876
1.44 -25.11710260151386 -27.116978759796613 57.28577815432309 58.99495887677926
1.46 -25.081426168735806 -27.86599583027601 57.46116576149133 59.78394242520819
1.48 -25.02258765476917 -28.66808175796806 57.595196958510336 60.61842910152508
1.5 -24.95494998587974 -29.512872872338686 57.692908821634404 61.4530517959482
1.52 -24.887205098627188 -30.38505739856639 57.76315387823074 62.252375405626914
1.54 -24.822773399873082 -31.271386889955906 57.808749849150814 62.9863504140261
1.56 -24.763707368404816 -32.157781586891176 57.83511789398221 63.62847093886328
1.58 -24.710355202314098 -33.03055585961424 57.84793491033033 64.15652809605726
1.6 -24.661879956771013 -33.876341514502165 57.85318614182202 64.55189166832488
1.62 -24.61653882037035 -34.68198488487339 57.85721273891873 64.7996106430925
1.64 -24.570069893274354 -35.435850781953484 57.860767432656196 64.89110783406991
1.66 -24.516711485943365 -36.131847885577876 57.864209322937114 64.87697911767447
1.68 -24.453862955871823 -36.74949214363651 57.86734152554556 64.7265731092924
1.7 -24.385550662388372 -37.28473504567703 57.869861555616914 64.37047615395622
1.72 -24.307614602973207 -37.73048403553957 57.87229811934528 63.82464077511479
1.74 -24.217641923204713 -38.08486227299445 57.87451407685759 63.112163126667895
1.76 -24.1129827708553 -38.34252882984806 57.876451618351254 62.25025806547677
1.78 -23.991011217423793 -38.50138013323391 57.878003086336165 61.261481655912995
1.8 -23.851144406170842 -38.568030458127275 57.87841970009742 60.171261255148536
1.82 -23.694708501911176 -38.56195491215357 57.87866538888131 59.01181288625884
1.84 -23.517914669534136 -38.498765262603285 57.87671860946599 57.80043186672937
1.86 -23.30796826814152 -38.355157511828914 57.86897855195911 56.57574261612454
1.88 -23.06088663346712 -38.12402617556644 57.86031194050272 55.37702736162379
1.9 -22.770239334203925 -37.81785580834567 57.83965510769871 54.26559150156336
1.92 -22.432285811545693 -37.43157171645553 57.78221736588478 53.35861567272666
1.94 -22.042410360476634 -36.97084939992876 57.56680665258997 52.83193715003958
1.96 -21.611810117646936 -36.555757260801194 57.075227280466926 52.44351273904078
1.98 -21.176794181949678 -36.176563692353746 56.507458478126054 52.071891603289004
2.0 -20.67000186695477 -35.78518455357112 55.97147819572972 51.846816759539045
2.02 -20.03451132759642 -35.35003632795184 55.46891001910538 51.81887461142033
2.04 -19.241893216479937 -34.85695694180424 54.980339333498996 52.00456671189305
2.06 -18.290160690225377 -34.30228558309504 54.482646795767934 52.38154534691496
2.08 -17.211558380025455 -33.67772416224896 53.99854005002557 52.89144588918341
2.1 -16.080209728082586 -33.01218975999413 53.55732414860549 53.46932697616766
2.12 -14.992332328580458 -32.358648877237975 53.21816372433445 54.07779080858973
2.14 -14.026117011212037 -31.763792059457902 53.00844941077525 54.67666870350617
2.16 -13.290707784784551 -31.257006138889437 52.92139287635986 55.22898835908729
2.18 -12.910735926830391 -30.787259279756025 52.946242378704845 55.68576288285948
2.2 -12.842680229974581 -30.29139760191445 53.21288286849618 56.05491816168248
2.22 -12.99854695852497 -29.764858000837226 53.868238693098164 56.383794841955805
2.24 -13.396965920562568 -29.23676545993878 54.833104025255636 56.6715403890811
2.26 -14.025830705728305 -28.724711522350077 56.00551219380048 56.9168796790198
2.28 -14.86097062384389 -28.240292532808343 57.30744163686036 57.12316665318209
2.3 -15.874419283453516 -27.790472103450476 58.672969705973166 57.294780800443014
2.32 -17.03738814887326 -27.378152114058565 60.04478316138024 57.43488657444478
2.34 -18.32109364740472 -27.003853761583745 61.37213782591096 57.54706796096104
2.36 -19.69729086339917 -26.66616251469221 62.61033073795002 57.63492730811814
2.38 -21.138504873976167 -26.362327149027855 63.72040351026473 57.70205263131461
2.4 -22.6180804207716 -26.08873475603036 64.66908952190657 57.752016750817695
2.42 -24.11025637930085 -25.841235684064117 65.42891097254838 57.78818981173641
2.44 -25.590267505584485 -25.61559227057493 65.97833807411818 57.814036932284786
2.46 -27.034497254086205 -25.407463645191704 66.30186711680457 57.832673355871464
2.48 -28.422755285776635 -25.212451895326257 66.40241114988275 57.84688278014524
2.5 -29.735316125507346 -25.02397209300825 66.34019291727662 57.86091171665558
2.52 -30.94520825820773 -24.838518603836604 66.03981379411361 57.869162503369736
2.54 -32.043214282167085 -24.657530940437194 65.47798191499554 57.87452126124407
2.56 -33.01658004327311 -24.476457887224015 64.68339399106979 57.88049794601446
2.58 -33.857564756779304 -24.289822359041267 63.68769752325115 57.884726236595135
2.6 -34.55901913354374 -24.09397282154605 62.52209594900406 57.88905136053145
2.62 -35.119185736529644 -23.88453327146091 61.223201331019766 57.89258912221555
2.64 -35.53988868679074 -23.65753216177872 59.830819200627936 57.89469629227081
2.66 -35.82576860844549 -23.408062442183567 58.40173915406789 57.89434817500025
2.68 -35.982515429338235 -23.13271623523951 56.98442893995329 57.88274304663624
2.7 -36.00441710410478 -22.835127452927477 55.742625701394374 57.8485200291843
2.72 -35.90580938683481 -22.51174544315172 54.75580140924905 57.7080327036525
2.74 -35.647128550770006 -22.183301149036197 54.13104878938205 57.34684763765546
2.76 -35.3384056322566 -21.900112438996565 53.55441574400843 56.81067683512651
2.78 -35.02710575936521 -21.608320840054617 53.00235796895051 56.21788216356477
2.8 -34.69230477420424 -21.22960267634653 52.604107072000104 55.65580567758074
2.82 -34.30357279346092 -20.697775176612776 52.46050046474315 55.156966440462384
2.84 -33.825152091978545 -19.981171185502024 52.54714138356439 54.70002472275366
2.86 -33.266808281203595 -19.079185944204802 52.859104425186985 54.25226756861716
2.88 -32.62450455255763 -18.032259090267925 53.316884909046806 53.82343656092009
2.9 -31.9291090877981 -16.920954761509634 53.859460798820464 53.456296129057854
2.92 -31.236316773021585 -15.841913935571977 54.440037296411035 53.193276195109
2.94 -30.603177081583716 -14.878699006071727 55.0259679031996 53.06395364816901
2.96 -30.073507163233263 -14.085031727489884 55.582486794720545 53.05436809130691
2.98 -29.66919933626382 -13.528275752353858 56.06664024815581 53.1876944479415
3.0 -29.360707621500243 -13.327768863090114 56.45609349897278 53.48038491698717
3.02 -29.043997152093105 -13.433564855890275 56.72734886238229 54.07232926275745
3.04 -28.69789552997606 -13.782323929761885 56.898942238602764 55.012045214124434
3.06 -28.35804021973187 -14.37606300923857 57.02838990091452 56.18492401150329
3.08 -28.024809626233232 -15.193960549365936 57.12414693056131 57.498472231139885
3.1 -27.701568304055044 -16.207993814969814 57.2002064370423 58.87764769093158
3.12 -27.39040435439193 -17.386774699778922 57.26983706100518 60.25913161336497
3.14 -27.090181759284647 -18.699819601914566 57.336598886756704 61.58965289166795
3.16 -26.80078328464541 -20.116529966829134 57.40345393851907 62.822387667026995
3.18 -26.521771572489698 -21.606807480589758 57.470847969814656 63.91730023946604
3.2 -26.252801925285116 -23.141331959321086 57.537789174957055 64.84057076301394
3.22 -25.993679737387765 -24.691585918827403 57.60285076526008 65.56446666653015
3.24 -25.74411659083861 -26.23015633547616 57.66428120871489 66.06745834590996
3.26 -25.503670451745762 -27.7310020564297 57.72042311926932 66.33426017712586
3.28 -25.271760292706823 -29.173879934822477 57.77160416816216 66.38562776019988
3.3 -25.044070717816197 -30.530610121078002 57.8189562145843 66.26335956671103
3.32 -24.821263456784344 -31.779161509481554 57.85077217082022 65.86624763135096
3.34 -24.606055135591724 -32.907633891208604 57.87475742802543 65.20398349683856
3.36 -24.39286782661457 -33.90314289594215 57.889234196751225 64.30730564369145
3.38 -24.179151378797787 -34.75640143878735 57.898166350587 63.20663797507574
3.4 -23.960542671576455 -35.46097801185035 57.904272134363325 61.93504574219712
3.42 -23.731625173473347 -36.01514971124219 57.90854416497652 60.52995295614129
3.44 -23.486228828231624 -36.42191608893137 57.90992339527819 59.033655134289695
3.46 -23.218266112858537 -36.68691385101099 57.907179124641395 57.521834114759386
3.48 -22.923634849514627 -36.8120398853387 57.8849723027621 56.062458138388166
3.5 -22.61441089960926 -36.80150016460152 57.80783014988556 54.782444478257375
3.52 -22.28133353585261 -36.66787303805145 57.59628159955604 53.76318065720317
3.54 -21.94787519282878 -36.39416497385607 57.18491061159482 53.02649583309539
3.56 -21.638307218348817 -36.06164814860561 56.627285594428855 52.40291719003021
3.58 -21.297723448785224 -35.71939579405723 56.00770751422977 51.86722327329616
3.6 -20.854332809273096 -35.35605058292989 55.41870043235417 51.52262705324346
3.62 -20.237863306505968 -34.93351120619481 54.88001132661687 51.448737349419304
3.64 -19.41876521350878 -34.430077178387066 54.3658528809307 51.642846888387524
3.66 -18.39382915640924 -33.84364734840903 53.84831657726872 52.07908240550579
3.68 -17.20395574167243 -33.17516956382236 53.337228590872286 52.657047969200214
3.7 -15.933742486862416 -32.45433596508924 52.871241213768634 53.31329127193594
3.72 -14.698381599691587 -31.71571566137311 52.50778802122999 54.02168415959659
3.74 -13.596740655238943 -31.036043851684653 52.28060683190947 54.713712390691626
3.76 -12.694515097287598 -30.466694482256354 52.19891893643856 55.35051027258572
3.78 -12.052701783267546 -30.032872393218014 52.275841311441525 55.90472668467731
3.8 -11.782656542708592 -29.699765279800644 52.51391026944199 56.33802761317663
3.82 -11.85923129701183 -29.364287055305372 53.07615995502506 56.628143384950725
3.84 -12.184854584156948 -28.999295163802035 54.021384398381045 56.81545243937117
3.86 -12.769688871661765 -28.639800035688754 55.23679949733055 56.953868144059406
3.88 -13.594777417584341 -28.288157217746576 56.61605413781703 57.0559176482175
3.9 -14.631312187001415 -27.946846289011518 58.07704730726049 57.13616610184609
3.92 -15.846589730125618 -27.61788110254734 59.55065962807716 57.20941104586002
3.94 -17.20846246822116 -27.299945554120427 60.97912072500766 57.28029571865444
3.96 -18.68474520330541 -26.99272048262129 62.312039100771806 57.352083576274545
3.98 -20.243725080691778 -26.695785793030385 63.50639349987251 57.42541662610337
4.0 -21.854500096354183 -26.40886879777874 64.5259371166766 57.49917398118288
4.02 -23.487003498933205 -26.131944338537675 65.34092700988079 57.57166313706202
4.04 -25.112291094106016 -25.86495051777436 65.928193102414 57.64080119150399
4.06 -26.702816107234344 -25.607694168474044 66.27114766879824 57.704572852213694
4.08 -28.23514038776425 -25.3598761700084 66.37457441691645 57.76210352972478
4.1 -29.685217160757098 -25.11840928903739 66.29938527829249 57.81587453924488
4.12 -31.02374793112192 -24.88158353446595 65.95924109009171 57.85488063714895
4.14 -32.23960275854306 -24.653323382693532 65.34048159478156 57.883007606364934
4.16 -33.31850442768365 -24.429219744463456 64.47403691376208 57.901123022603684
4.18 -34.250629758259684 -24.20591421913744 63.39237534776508 57.911525217142355
4.2 -35.028787406783515 -23.979594524962398 62.12975795331765 57.918152745804974
4.22 -35.650434076752354 -23.744785043380457 60.72481148201616 57.922764374565304
4.24 -36.11807173569474 -23.49489319408109 59.22094819903554 57.924308394816535
4.26 -36.43753369660239 -23.22327647974954 57.692138399909894 57.92150735695185
4.28 -36.60902150400973 -22.92428102116313 56.21443705153213 57.89691851704441
4.3 -36.62328016556583 -22.609205273328097 54.92037558748727 57.81673006959354
4.32 -36.50941519166122 -22.277198959824755 53.90607685604769 57.59810123080349
4.34 -36.25419843003232 -21.953315059651068 53.16990573167342 57.169429488211314
4.36 -35.937477600050386 -21.661149687688997 52.52254801504966 56.598549532993914
4.38 -35.60447068447249 -21.338910567289883 51.96290809246268 55.97400696008105
4.4 -35.247903199301234 -20.910875658070854 51.597717916319105 55.38228934994049
4.42 -34.8313153153867 -20.306359925784353 51.51166783158574 54.84435210523256
4.44 -34.329916493127705 -19.495651619255412 51.69403803773704 54.334807096499546
4.46 -33.74869857169824 -18.47511778079022 52.1162246438689 53.82322750774331
4.48 -33.09761784247074 -17.283447197897562 52.66525464339569 53.31830006979297
4.5 -32.40163234396416 -15.999410570539556 53.296359190613664 52.858882200445485
4.52 -31.67389735797954 -14.741002591388908 54.01313739796468 52.50021433834686
4.54 -30.985308140648435 -13.620904395534737 54.72648230314243 52.274525104420135
4.56 -30.406864509730603 -12.704134852817438 55.372740950108984 52.190364488747676
4.58 -29.965013264044806 -12.040203363435117 55.93245532166953 52.25538737358391
4.6 -29.631891002340467 -11.728850664525323 56.37097569240181 52.47700001058937
4.62 -29.306231510280753 -11.766832190824417 56.66389509957318 53.00089280026535
4.64 -28.951725405184312 -12.05113389437644 56.84945037031184 53.90973841733467
4.66 -28.60164130583712 -12.589926691723688 56.98117970673189 55.094964920430385
4.68 -28.259973002159658 -13.364192543162048 57.07672280883099 56.448912068059336
4.7 -27.928242924976356 -14.34611016438638 57.150146458874794 57.89015034327351
4.72 -27.608440993714712 -15.503917805140505 57.21695656521335 59.35010061605488
4.74 -27.299201095491508 -16.8063157422871 57.28240462367005 60.77180347846921
4.76 -27.00006609612546 -18.222097544049788 57.34976636201497 62.105832680312105
4.78 -26.710669533647582 -19.72052699253024 57.419800983372525 63.310019032253706
4.8 -26.430815905728508 -21.271725426220286 57.49133626442067 64.34888913761141
4.82 -26.160617575597712 -22.84669211940151 57.56256365855834 65.19330594614509
4.84 -25.900195932510993 -24.417562665169356 57.63126978019709 65.82049801400908
4.86 -25.64956293411262 -25.957863563137252 57.69529226417981 66.2140425027366
4.88 -25.40854663975459 -27.443513559514454 57.75299596953873 66.36750766216522
4.9 -25.175704622072473 -28.856077827827818 57.80665044408455 66.33865674007119
4.92 -24.947145735053592 -30.163717541129213 57.85003396824804 66.09220410797928
4.94 -24.72656908414222 -31.35519523760081 57.879439218690386 65.57322108680373
4.96 -24.512615372581237 -32.41751931980356 57.90034679662484 64.80917868726792
4.98 -24.300388509629375 -33.34116913104235 57.91187594164525 63.83327180468446
5.0 -24.087184092354917 -34.11920550072721 57.91906394850296 62.67897398244285
5.02 -23.867988914570347 -34.748518952392466 57.92415771225086 61.383182542074245
5.04 -23.636755536562877 -35.23047408276536 57.927273712513525 59.98679281492481
5.06 -23.38660601021375 -35.57046144491635 57.926559758815664 58.55493244690835
5.08 -23.112703079867746 -35.77091023210517 57.909394998196866 57.15061480183411
5.1 -22.82267917540531 -35.81035165322111 57.85335658984618 55.91799868606559
5.12 -22.51578496000544 -35.72353776889645 57.68080490565519 54.94390477698167
5.14 -22.21529374514927 -35.49879286401576 57.3046583664697 54.25438753144522
5.16 -21.949547719434605 -35.209044908693535 56.77208905280525 53.64003556479984
5.18 -21.668639294444997 -34.90383173837329 56.1844433703279 53.07868561348495
5.2 -21.29815878116048 -34.57391204321897 55.62344387434453 52.673650440827686
5.22 -20.774068736363986 -34.189405329167094 55.124963518130265 52.52263268625428
5.24 -20.06387439903838 -33.71300802702931 54.671002781826544 52.60263785951538
5.26 -19.16691704400573 -33.15518795433885 54.22756731442194 52.90611654357847
5.28 -18.12196184653266 -32.51752649478493 53.8042464048596 53.35119633471033
5.3 -17.008255799498972 -31.82874328256112 53.44389493519305 53.88298981335799
5.32 -15.926099601894693 -31.131197311504355 53.190106744912306 54.46714363059495
5.34 -14.961252922710484 -30.493244401146434 53.070132691947464 55.05528798522876
5.36 -14.165469248159441 -29.95912839513236 53.06544899722462 55.61181501792716
5.38 -13.603034459199817 -29.55241239968279 53.206095312762834 56.09756611411024
5.4 -13.382766506838754 -29.252187511926067 53.50783008590406 56.49251361035604
5.42 -13.479554672923353 -28.956520060146865 54.08928025293582 56.76922089006251
5.44 -13.817758004414 -28.627688443415412 55.02057067978431 56.934967878641785
5.46 -14.402173245742981 -28.304304840072756 56.19011833393382 57.053781531786036
5.48 -15.211939589650454 -27.987211913783135 57.50206106590193 57.13904620892507
5.5 -16.219474598723544 -27.678113122807886 58.88089446456626 57.20394353323481
5.52 -17.393101520013474 -27.379281444426677 60.26234281567626 57.26411466698342
5.54 -18.7021903661871 -27.089139579439443 61.59292660174638 57.32362648375788
5.56 -20.11606045689964 -26.807409333240685 62.825678906156774 57.38554917327909
5.58 -21.60444425881685 -26.53373775237917 63.92047418964086 57.45037508753886
5.6 -23.137876810039497 -26.26793195194343 64.84350219821545 57.5167883565767
5.62 -24.687682816812234 -26.010088292735244 65.56704654191252 57.58297484865964
5.64 -26.226291007089866 -25.760271110526993 66.0696118303713 57.64673996631014
5.66 -27.72751536951106 -25.518418793616323 66.33595039166144 57.70597594573298
5.68 -29.17098260202497 -25.28432977505599 66.38686155769672 57.76060541794436
5.7 -30.528402436863157 -25.054037434264774 66.26414310397752 57.81141331176748
5.72 -31.77765795004145 -24.82849997286826 65.86664481573305 57.84642889526239
5.74 -32.9089676782432 -24.61022374450275 65.20246372896946 57.873227528374485
5.76 -33.90493232536624 -24.394418327846694 64.30579758749268 57.8895583305825
5.78 -34.75807732925157 -24.17858746608592 63.205494380507986 57.89938322341959
5.8 -35.46260373669926 -23.958625012791444 61.93415306827609 57.905960854225505
5.82 -36.0166724975382 -23.72908494243678 60.529272792855984 57.91068125412246
5.84 -36.423183913355984 -23.48343214082404 59.03309661582137 57.91217284064276
5.86 -36.68825676922458 -23.21542895693262 57.51789288858347 57.909578595062584
5.88 -36.81466925513965 -22.91986900115302 56.052766584866376 57.88643589831677
5.9 -36.80503218220147 -22.609671984982484 54.77234052672683 57.812065422300755
5.92 -36.67273802280164 -22.275315411205582 53.75327266231118 57.604579251775704
5.94 -36.3976345279435 -21.93956335157023 53.02461952161084 57.192401208805684
5.96 -36.064847506436855 -21.630026680109573 52.4050322280287 56.630819848243874
5.98 -35.7236178024004 -21.29112215798436 51.86677494341683 56.0090920911749
6.0 -35.36079408696353 -20.849068187616794 51.52006749319263 55.41946272544055
6.02 -34.938725690642656 -20.23333799747609 51.44583935098466 54.8809067075231
6.04 -34.43533700669209 -19.414429037467613 51.639914636666575 54.367017361319746
6.06 -33.848911442840404 -18.389486223343113 52.076567564961515 53.849505154073256
6.08 -33.18000552768174 -17.199699444461313 52.6554703872416 53.33811679801981
6.1 -32.45837934003495 -15.92994255229647 53.31279802176761 52.87182568157927
6.12 -31.719614330955018 -14.695255341440056 54.02077506292628 52.507893377147845
6.14 -31.04022677921121 -13.593995705433533 54.7121545914681 52.280235181040354
6.16 -30.471096467608344 -12.692006993728574 55.34872783922743 52.19837015176358
6.18 -30.037326364599558 -12.050467887275284 55.90289338914168 52.27499256010293
6.2 -29.70379030147421 -11.781189172671924 56.33612108679023 52.51280660149993
6.22 -29.367527603289467 -11.858175946122815 56.626380689188046 53.07549996843892
6.24 -29.001809266392094 -12.184088896429044 56.81412179717868 54.021005995916646
6.26 -28.64163488867746 -12.769161991746888 56.95307880400411 55.236558776824495
6.28 -28.289352928261668 -13.594462050198139 57.05560541414791 56.6158860821901
6.3 -27.947499171045916 -14.631168752639441 57.13629035212284 58.07690379776061
6.32 -27.61808313165082 -15.846581890802973 57.20987039632327 59.55052575144621
6.34 -27.299799099599824 -17.208555412675707 57.28097932030044 60.97899216685904
6.36 -26.99233022956556 -18.684903985936643 57.35289224985143 62.31191639306453
6.38 -26.695246429063403 -20.24392008346676 57.426256642269934 63.50628111755248
6.4 -26.408264304878934 -21.854706491475678 57.499971383994186 64.52583874040266
6.42 -26.13134309487982 -23.48720201585787 57.57236380174946 65.34084550108945
6.44 -25.8644038497979 -25.11246834052291 57.64137050440016 65.9281299567566
6.46 -25.60723665389812 -26.702963871245025 57.704994958076014 66.27110285437911
6.48 -25.35952472748302 -28.235241419248542 57.76237310701157 66.3744785215289
6.5 -25.118177773648505 -29.68531012240173 57.81601487785605 66.29937804490068
6.52 -24.881456220537583 -31.023800179421315 57.8549062025742 65.95926256773242
6.54 -24.65328964889447 -32.239629948681205 57.88293710594163 65.3405048022033
6.56 -24.429263032484783 -33.31851058658362 57.90099063303913 64.47405951772411
6.58 -24.206025255836416 -34.25062202950552 57.91139247712286 63.39240198368628
6.6 -23.979748298726182 -35.02876639288239 57.91804495887508 62.1297776266735
6.62 -23.74497470094251 -35.65041321775356 57.92274089423062 60.72483294692343
6.64 -23.495079407361995 -36.11805105426639 57.92437125892914 59.220980894538215
6.66 -23.22343435757781 -36.437457454183985 57.92167715819606 57.69235221063067
6.68 -22.92433780873686 -36.608782120758356 57.89691579130414 56.21493796118958
6.7 -22.60920177683464 -36.62267582187708 57.816387989364856 54.921192961213066
6.72 -22.277427130153143 -36.50898524533796 57.5974100867444 53.907047878112316
6.74 -21.953661341097753 -36.25391080302701 57.16869958873134 53.17008056329992
6.76 -21.661303701300252 -35.93721834727317 56.59817381334076 52.52254062257035
6.78 -21.338620793129714 -35.603994973513885 55.973854107836814 51.9634889951458
6.8 -20.910143243243702 -35.2472323998267 55.382151593039254 51.59880252752163
6.82 -20.305227774807474 -34.830458257506045 54.84406240992968 51.51303684429267
6.84 -19.494162098818283 -34.32885876511999 54.334279758771885 51.695497035050906
6.86 -18.47323615740278 -33.74744197697488 53.822371901954035 52.117639020996556
6.88 -17.28142049078302 -33.096277193647815 53.317583054570406 52.66649187105175
6.9 -15.998467548291954 -32.400332011610345 52.860135594891844 53.298177286943975
6.92 -14.743943845407234 -31.67330088687509 52.506533670452136 54.015936215865196
6.94 -13.631026211049688 -30.988348825951963 52.28934771728687 54.72932061989734
6.96 -12.723035870876354 -30.41569181220118 52.21143779490322 55.37484224681929
6.98 -12.077707926380967 -29.981089864796168 52.28995379586774 55.92997156271716
7.0 -11.799409833453645 -29.652317583933385 52.52923816563531 56.36345384671742
7.02 -11.871728502198959 -29.325293697636425 53.085823879407364 56.651121497144985
7.04 -12.194525723184514 -28.968990168956633 54.02679498645144 56.833582192848304
7.06 -12.776898839294581 -28.617415404816587 55.24017225420569 56.965280836263055
7.08 -13.599641412956275 -28.27331611722176 56.61841880298364 57.06119215929762
7.1 -14.634105995587875 -27.938627088589524 58.079026401820094 57.135981808968744
7.12 -15.847686143991728 -27.615214323019256 59.552511219094455 57.204810588855906
7.14 -17.20824198899169 -27.301688743803346 60.980905967525956 57.27256527490535
7.16 -18.683596355287005 -26.997679724024756 62.31375185978969 57.342439587739335
7.18 -20.242002865655483 -26.70283509365453 63.50798650202741 57.41498200105418
7.2 -21.852508261521226 -26.41699799700358 64.52736020146048 57.488888811700825
7.22 -23.48498687033917 -26.140302177236 65.34214048661872 57.56224550643
7.24 -25.110430614165516 -25.8728703897698 65.92917228880259 57.632745018404734
7.26 -26.70123195756983 -25.614698483052926 66.27188492346379 57.69815705062972
7.28 -28.23389195463553 -25.365666509611867 66.37506324480098 57.75741780991615
7.3 -29.684340179536 -25.122854996467126 66.2996746908104 57.81286080429302
7.32 -31.02321773372048 -24.884678864404414 65.95934779039686 57.85336549816566
7.34 -32.239379549465895 -24.65516608592795 65.34044070655482 57.88274065289902
7.36 -33.31853198946651 -24.42998282035772 64.47388452659258 57.901824583513545
7.38 -34.250840701111436 -24.20573709419804 63.39213189217136 57.912724803769215
7.4 -35.02913846830045 -23.978761888725753 62.129470535789814 57.919614032649655
7.42 -35.65089458541743 -23.7436246068894 60.724545687388606 57.92444693062302
7.44 -36.11851302254842 -23.493639641498625 59.22070851045594 57.92625309941913
7.46 -36.43798743941518 -23.222097790789803 57.691085646828945 57.9238851544515
7.48 -36.60969471211639 -22.922842979327196 56.21247807987373 57.89915381555379
7.5 -36.62388907914146 -22.607377218838693 54.9187732616106 57.81899120510906
7.52 -36.510068397989265 -22.27519979804978 53.905306038833466 57.6004095947124
7.54 -36.25433462869024 -21.951170686838655 53.170810194300785 57.17073259934204
7.56 -35.937625658034364 -21.659338188845418 52.523556722330774 56.59884997905423
7.58 -35.60474001506104 -21.337366552556155 51.96332441638284 55.973829984995994
7.6 -35.248143913452864 -20.90936824530257 51.59792882380905 55.38201528256789
7.62 -34.83142660496936 -20.30464248536578 51.5119950377062 54.84400860320916
7.64 -34.32984021058118 -19.493604039785726 51.69455210331123 54.334321780703114
7.66 -33.74835329988834 -18.47264689683998 52.11697300550706 53.822488226644836
7.68 -33.09701412354686 -17.280821495390214 52.66622989252548 53.31770633653297
7.7 -32.40079090552579 -15.997972419120318 53.298267820241 52.860230065336346
7.72 -31.673619617322935 -14.74362409249893 54.0159998647014 52.50655574199702
7.74 -30.988712965253363 -13.630813093944205 54.72918596582879 52.2892854838412
7.76 -30.41608158786576 -12.72287334111586 55.374625371837055 52.211343059974325
7.78 -29.98148006949962 -12.07758839450805 55.92975077725232 52.28984146861594
7.8 -29.65265619935224 -11.799345742867803 56.36323746829151 52.529131563176776
7.82 -29.325567094443127 -11.871683331599222 56.65094728604299 53.08576126968131
7.84 -28.969198604201978 -12.194492354016154 56.83346219113287 54.02676135321855
7.86 -28.617562676000098 -12.776877769799942 56.96521459765859 55.240152894179545
7.88 -28.273408239974813 -13.599632373353575 57.06117381477636 56.61840547334533
7.9 -27.93867181396675 -14.634107577120751 57.13600249486944 58.079015187026556
7.92 -27.615220599540592 -15.847696187502393 57.204860292273096 59.552500560765196
7.94 -27.30166590040929 -17.208258045492382 57.272633793253384 60.980895558216424
7.96 -26.997636867145133 -18.68361600146329 57.342517501898854 62.31374192910576
7.98 -26.70278056089696 -20.242023923581613 57.41506127242896 63.507977440906586
8.0 -26.41693896006968 -21.85252893855914 57.488963108768246 64.52735236654236
8.02 -26.140244407026817 -23.485005817263506 57.56231033245496 65.34213411309807
8.04 -25.872818162097786 -25.110446928655133 57.63279764892988 65.92916747086498
8.06 -25.614654612469867 -26.70124514727132 57.69819634403236 66.27188162636628
8.08 -25.36563248066576 -28.23390187565475 57.757443933453075 66.37506133096971
8.1 -25.122831163143122 -29.68434696335763 57.81287491913566 66.29967394579572
8.12 -24.884664696110043 -31.023221716534565 57.85336944328917 65.9593479526905
8.14 -24.65516039765013 -32.23938120475802 57.882736622502904 65.34044149803015
8.16 -24.429984021720124 -33.31853186617885 57.90181488229714 64.47388566588631
8.18 -24.20574340700749 -34.25083936187264 57.91271164983957 63.3921331222206
8.2 -23.978771660006558 -35.02913657101442 57.91959952308158 62.12947148368072
8.22 -23.743637333504488 -35.65089358247374 57.924433707673 60.72454460972718
8.24 -23.493657827981846 -36.11851643441274 57.92624546625718 59.22069937606722
8.26 -23.222126388443936 -36.437997621216084 57.92388109928158 57.69109455559364
8.28 -22.922899920167787 -36.609698092528554 57.89914693543878 56.2125148242888
8.3 -22.607499528748313 -36.623903046526735 57.81896405161383 54.91877618404198
8.32 -22.275426968677266 -36.51009755297818 57.600369175537715 53.90522825331728
8.34 -21.95154242150045 -36.2544226861979 57.17072907696483 53.170547209697816
8.36 -21.65986419227368 -35.93778324522164 56.59891377849334 52.523128698911385
8.38 -21.338076346657452 -35.60498219277548 55.97396259465145 51.962754066365605
8.4 -20.910311754748747 -35.2485042350184 55.382238093655594 51.597202403448534
8.42 -20.30587710816158 -34.831946197319304 54.844365202690085 51.511115658167135
8.44 -19.495194805174854 -34.330558017451246 54.33486802668072 51.693524486107336
8.46 -18.47466981655075 -33.749304097333486 53.82329629311733 52.11585833965323
8.48 -17.28305042104012 -33.09812338732289 53.31835634743327 52.665063070828694
8.5 -15.999147465429566 -32.40196419974252 52.858917384998946 53.29629428230407
8.52 -14.740917403243621 -31.674145934899958 52.500195998244735 54.01296658478096
8.54 -13.620929474347575 -30.985583764570997 52.27446255210444 54.72610772688476
8.56 -12.704184326236618 -30.407146465239084 52.19026989549332 55.372295901963874
8.58 -12.040299230630628 -29.965268408752635 52.25537045308707 55.93202756657347
8.6 -11.729045022368826 -29.632081290934643 52.477381326394934 56.3707267271217
8.62 -11.766947779042818 -29.30629322059909 53.00117549457545 56.66384441304114
8.64 -12.051251286994814 -28.951702883419106 53.90988000945028 56.84953502096751
8.66 -12.590044579314615 -28.60155382449701 55.095018469103216 56.981372036087535
8.68 -13.36430949459791 -28.2598255246718 56.44892859523632 57.07694893898254
8.7 -14.346218580689593 -27.928068701528954 57.89014706082593 57.15039066179786
8.72 -15.504014233140008 -27.608259560924743 59.35009136241295 57.21718823964154
8.74 -16.806398929939284 -27.299030830716998 60.77179536698315 57.28259882780827
8.76 -18.22216512788918 -26.999923998205496 62.10582822803278 57.34991336049182
8.78 -19.72057864906015 -26.710565291152257 63.310020164953066 57.41989264328958
8.8 -21.271761653942317 -26.430755314080557 64.3488958224152 57.49137206618784
8.82 -22.84671416353823 -26.16060175810305 65.19331740178393 57.562548132230965
8.84 -24.41757263091745 -25.900221948212685 65.82051302376975 57.631210559371
8.86 -25.957863922500575 -25.649624974416497 66.21405951445098 57.695199618256474
8.88 -27.443517655645763 -25.40863734820802 66.3675937416948 57.752884523211094
8.9 -28.856048050671564 -25.175807959768207 66.33869278833197 57.80652268734315
8.92 -30.16370853952763 -24.947270786099416 66.0921777843115 57.849902497742136
8.94 -31.355184186878322 -24.72669461679802 65.5732082619742 57.879321307859634
8.96 -32.41751138629563 -24.51273061599145 64.80917381988176 57.900239202685455
8.98 -33.34116366792367 -24.300490663625943 63.833267164117096 57.91178980009327
9.0 -34.119208957234626 -24.08732958631859 62.6789817990506 57.91915426794325
9.02 -34.74851641402886 -23.86815757559706 61.383198319410305 57.92446591869415
9.04 -35.230451951324135 -23.637010977543014 59.98681455176918 57.92806943090523
9.06 -35.57039694013883 -23.38667500677984 58.55515281176585 57.927278683723635
9.08 -35.77072547864364 -23.112615215148317 57.15119012648041 57.90985217497874
9.1 -35.81013274081174 -22.822614720182273 55.91879997075108 57.853160090494484
9.12 -35.723428896530926 -22.51606394655967 54.9447858699364 57.68021221295196
9.14 -35.49891854045134 -22.21586858820803 54.25413913658336 57.30401308418554
9.16 -35.209257550514664 -21.95009449091416 53.639428508810035 56.771856590198794
9.18 -34.90389683454317 -21.668918402324607 53.0784845399488 56.18448146006728
9.2 -34.573883780986925 -21.298225180457383 52.67381496110224 55.6236232957244
9.22 -34.18932518248611 -20.773999267074554 52.52294847439563 55.12512312266058
9.24 -33.712922486037634 -20.063789925319988 52.60294024409181 54.67112446424089
9.26 -33.155120652515826 -19.16685677916588 52.90632209238788 54.22760570662577
9.28 -32.51747654681708 -18.121970449667902 53.35128084808529 53.80424254198576
9.3 -31.82870617312487 -17.008335934184554 53.882943062623134 53.443864426296734
9.32 -31.13117565061572 -15.926245997928591 54.46697608107006 53.19007299777724
9.34 -30.493219321908324 -14.961436135941026 55.0550511559623 53.070114973681136
9.36 -29.959100040670602 -14.165664652992469 55.611558659789786 53.06544574904963
9.38 -29.55236307062286 -13.603222984640887 56.09732822200586 53.206127962399194
9.4 -29.252091313515095 -13.38291271376039 56.492363688258074 53.50785380375908
9.42 -28.95639441530969 -13.479640250885351 56.76921170258935 54.08934476317148
9.44 -28.62756431402287 -13.817849626704149 56.93505313328508 55.020577984185614
9.46 -28.304170733026545 -14.402258499479071 57.053914584082804 56.19010510547656
9.48 -27.98707016242642 -15.212018649672597 57.139183034046006 57.50204500266471
9.5 -27.677981815274492 -16.219542435210997 57.20408031793324 58.88087783393978
9.52 -27.379165968429657 -17.393158456617577 57.26423042476315 60.26233026847156
9.54 -27.08904748110288 -18.702237260680114 57.323708854868244 61.592918830078325
9.56 -26.807347395884914 -20.11609655665101 57.38559654402161 62.82567532545406
9.58 -26.533707887207036 -21.60447037247817 57.45038488652026 63.92047494192696
9.6 -26.267934572576696 -23.137893780869753 57.51676336765224 64.84350647555509
9.62 -26.01012119205151 -24.687691751666097 57.582920206400146 65.56705357909077
9.64 -25.76033003882005 -26.226293455714604 57.64666201424839 66.06962080864366
9.66 -25.518498253833055 -27.727512960553273 57.705882195524175 66.33596039198562
9.68 -25.284421390022448 -29.170972078861713 57.76050245947057 66.3868800322944
9.7 -25.054141036951695 -30.528396163078927 57.811309486478066 66.26414723999729
9.72 -24.82860561033098 -31.777652620257264 57.84633018769657 65.86664827876902
9.74 -24.610775277698398 -32.90677748748186 57.87308298639662 65.20406645900476
9.76 -24.39506913750329 -33.9028353411121 57.88931223332637 64.30709259519516
9.78 -24.179187024581307 -34.75656285879788 57.89907049742173 63.206223740559764
9.8 -23.95910844620973 -35.46154719006414 57.905623222347906 61.93454714524468
9.82 -23.729429250300576 -36.01594272324774 57.910369354636806 60.529465855232445
9.84 -23.483686651175557 -36.422698100167935 57.91202379713727 59.033183833955235
9.86 -23.21555302146066 -36.68794870175104 57.909503866997824 57.51777155020014
9.88 -22.91982169403648 -36.814492978295064 57.88632087400694 56.052332913309854
9.9 -22.609360945585326 -36.804632040929604 57.81180065474883 54.771732736108724
9.92 -22.27508250718651 -36.672343301060685 57.604593482822914 53.75283554527353
9.94 -21.93948558659472 -36.39730564335473 57.19250783400585 53.02452922341965
9.96 -21.63019306771487 -36.064664681242704 56.63078894407347 52.404919113732475
9.98 -21.291642537668586 -35.72362862790335 56.00907267382623 51.86636405762448
10.0 -20.849938697659912 -35.360981220897145 55.419522847201435 51.5193739503375
10.02 -20.23457812284819 -34.93911022189601 54.881144369301595 51.444953542984265
10.04 -19.416057922378574 -34.435934841292145 54.36746975953591 51.638852945935824
10.06 -18.391562195846188 -33.84977524492501 53.850255031263785 52.07540486679409
10.08 -17.20197207827121 -33.1810679114121 53.33873029480228 52.65422685106414
10.1 -15.931138332166443 -32.45940675208175 52.870505115659974 53.310995923229946
10.12 -14.692725379250705 -31.71954972402908 52.501569344165716 54.01829172247562
10.14 -13.584447210064532 -31.036520169143966 52.265447259085306 54.709380014452684
10.16 -12.67365315388124 -30.46157831554965 52.17710364388092 55.34649353836151
10.18 -12.013391708520551 -30.020599946147918 52.240796109334525 55.905314489282006
10.2 -11.710946266955034 -29.683017154488446 52.460936629026044 56.343955623966956
10.22 -11.753191266495458 -29.34809439486977 52.990703000407855 56.63957288039167
10.24 -12.040565542769448 -28.984200477126954 53.90409775438636 56.830282127915716
10.26 -12.582091455279485 -28.625627261780433 55.09140651604237 56.96925005651517
10.28 -13.358951034762264 -28.275826482071544 56.44640726363052 57.071277099142854
10.3 -14.34312844073649 -27.937003035659583 57.888037013489665 57.150519604274365
10.32 -15.502775746766785 -27.611261275559396 59.34811853481366 57.2220217746347
10.34 -16.806596486029136 -27.29731462301072 60.76989447490093 57.29076595372685
10.36 -18.22337423612395 -26.994766623569703 62.10400300646872 57.360128452441955
10.38 -19.722414649208872 -26.703167027750787 63.308321605402824 57.43095654619489
10.4 -21.2738956697405 -26.422195214050653 64.34737717020819 57.50228198224135
10.42 -22.848881009153587 -26.151789297273123 65.192021041204 57.57253765810437
10.44 -24.419576417588235 -25.891869179141686 65.81946545591666 57.63975148626119
10.46 -25.95957422173984 -25.642242224729333 66.21326883814703 57.70199388527257
10.48 -27.444856246405585 -25.40254135051628 66.36701032966273 57.75783229814738
10.5 -28.85701361621216 -25.17114703340053 66.33836512208552 57.80969312183404
10.52 -30.164292251654892 -24.94404016219356 66.09208014411513 57.8514823743069
10.54 -31.35543916134681 -24.724791294915736 65.57325995032254 57.879566676288604
10.56 -32.41749539967052 -24.51197265026659 64.80933671290877 57.89945935897615
10.58 -33.34094905312984 -24.30072865374508 63.83352406658028 57.910491040987445
10.6 -34.11884220844961 -24.088266318130923 62.679283487252945 57.917606178051074
10.62 -34.74803693779199 -23.86947116462919 61.383477016025616 57.92278387517858
10.64 -35.22999683808624 -23.63845158941651 59.98708428723083 57.926267552699294
10.66 -35.569894891863996 -23.388118060672856 58.556193640166164 57.92548626953899
10.68 -35.77009523764848 -23.114145556215608 57.1526682097186 57.90821293415261
10.7 -35.80902217959769 -22.82420561825998 55.91996736397095 57.85130379755772
10.72 -35.72249349007433 -22.517832447649745 54.945803977546646 57.678126136519666
10.74 -35.498562376841086 -22.21789739900979 54.25350042795671 57.30265146544804
10.76 -35.20901857241426 -21.951913575531123 53.63850751147825 56.771429759498716
10.78 -34.90353835700464 -21.670463599734923 53.0781767393522 56.18457564244697
10.8 -34.573538379831795 -21.29970685491242 52.67382267846394 55.62391014722125
10.82 -34.189104598352294 -20.77564719535506 52.52292122805025 55.125476851258185
10.84 -33.7128971971717 -20.06577650230298 52.60271787323334 54.67159690334964
10.86 -33.1553632441335 -19.169293837818188 52.905854218316314 54.22825685855419
10.88 -32.517976988434484 -18.124635303094305 53.35053339564762 53.804718865783926
10.9 -31.82916644653825 -17.00999193633468 53.88164081895537 53.442519711029846
10.92 -31.130289423793442 -15.924497502215948 54.46519631012977 53.18417162775551
10.94 -30.488812916754327 -14.953191498180743 55.05276371293396 53.056546048018944
10.96 -29.948834409306652 -14.147281751044153 55.60897435828663 53.04128830209247
10.98 -29.534097556019304 -13.568780477465467 56.0958927302988 53.17013310067896
11.0 -29.22925917369681 -13.317430593206545 56.49603477271074 53.458068100703734
11.02 -28.93659802658699 -13.385029944158559 56.78022055568727 54.01248280372952
11.04 -28.60900640843306 -13.684925414671227 56.94985164139428 54.914873911319845
11.06 -28.286871293625563 -14.225136812231549 57.069835296980656 56.06046430446413
11.08 -27.972276694135694 -14.986068050667457 57.15580931931104 57.35187190000394
11.1 -27.666134338858647 -15.941173055802022 57.219487887060595 58.71484794332096
11.12 -27.371107132907973 -17.059408128040403 57.27762436672752 60.08589605274742
11.14 -27.085505154934182 -18.310900933168714 57.334624826889346 61.41263458020102
11.16 -26.808940813691652 -19.665894344476442 57.39373738343889 62.649110976209755
11.18 -26.541023911863213 -21.095078781607416 57.45576690803981 63.75606530783779
11.2 -26.281482977179383 -22.570035973537507 57.51954706985837 64.70044381441554
11.22 -26.03037540488799 -24.06318382090074 57.583400597196814 65.45509492616458
11.24 -25.78774928958335 -25.548061717411382 57.645234590825815 65.99888313041117
11.26 -25.553553187643228 -26.999581973240357 57.70300731717891 66.31668964765531
11.28 -25.32764037768121 -28.396482260682276 57.75574169725054 66.41294201322721
11.3 -25.10732007963017 -29.71751757608208 57.805823133675084 66.34770387645032
11.32 -24.89082761399236 -30.935157005095302 57.84294886786746 66.04222752276998
11.34 -24.682219070755405 -32.03988677196108 57.869874110558506 65.4763244688629
11.36 -24.47777421208859 -33.01907127755979 57.888043864384656 64.6792239201249
11.38 -24.273923796900952 -33.863957345973674 57.898534753376026 63.68171168150869
11.4 -24.067603953351185 -34.568143843337886 57.90560745619619 62.5158153703255
11.42 -23.853833338300433 -35.1293079438755 57.910838128094284 61.21714968726545
11.44 -23.626884608620973 -35.549433955473795 57.914198062793965 59.82548003903499
11.46 -23.379955590557774 -35.83404266020613 57.913457626569155 58.402691185384626
11.48 -23.108790540779882 -35.98726931063214 57.89741019501249 57.00549449299472
11.5 -22.822089206814162 -35.99869256467573 57.847852838236506 55.78693763888991
11.52 -22.513896212660494 -35.89357700743679 57.68706909097231 54.80599196436135
11.54 -22.202431674232493 -35.64297524443628 57.32362058573435 54.1305096351722
11.56 -21.922819532558357 -35.335689166110114 56.79822180531408 53.538970242428356
11.58 -21.627424518134955 -35.021519502822024 56.212067424014116 52.99315786243943
11.6 -21.24438008603819 -34.68483199708034 55.65368601603115 52.60294596736102
11.62 -20.709343199911558 -34.29468747248583 55.155674317362156 52.463622363641186
11.64 -19.991038726018722 -33.81544021602417 54.699380207229225 52.55258940129268
11.66 -19.088177545464394 -33.256547296658894 54.25126458656836 52.86486646486326
11.68 -18.04113715947002 -32.613901014380616 53.82283543489976 53.32216492770286
11.7 -16.92966871474315 -31.918441558887835 53.45570250934721 53.8636757737731
11.72 -15.850710480621967 -31.225146600643825 53.19335062959079 54.443696995184
11.74 -14.887483679907476 -30.591491435252497 53.0645761448952 55.02913197163646
11.76 -14.0936264456972 -30.061373586633017 53.05523832369785 55.585341312451966
11.78 -13.536042022861512 -29.656840864214065 53.18966091421174 56.06946936943681
11.8 -13.333365315972353 -29.34954084142891 53.48326008747339 56.459781635415766
11.82 -13.438321961559083 -29.03507312441182 54.074167912404 56.73146085034874
11.84 -13.786001009215699 -28.690790498769275 55.012946117936806 56.90233347654246
11.86 -14.378731827035867 -28.352690892717224 56.18545138266931 57.03075059420414
11.88 -15.195769837227038 -28.02111889318529 57.49884013168002 57.12542619421747
11.9 -16.209122349328627 -27.699331840555296 58.87797767605221 57.200374802461745
11.92 -17.387370261397987 -27.389421248695353 60.25945667807824 57.269073132922315
11.94 -18.700014475057444 -27.090211362434683 61.58998347273998 57.3351230742539
11.96 -20.11644131017696 -26.80157723669714 62.82271731161901 57.40150846395357
11.98 -21.606534335842426 -26.52308939997278 63.91761598140553 57.46866963551542
12.0 -23.140956555991394 -26.25442241462347 64.84086005733637 57.53558266247588
12.02 -24.691173083932753 -25.995412656197253 65.56471910922527 57.60078040161667
12.04 -26.229754395521116 -25.74580835010835 66.06766722809954 57.662465135436534
12.06 -27.73064425422605 -25.50520675226216 66.33442253338097 57.718934101183365
12.08 -29.173581472699016 -25.273063499714798 66.38574680319371 57.770472562731214
12.1 -30.530390497155135 -25.045106381848914 66.2634298746218 57.818182351814855
12.12 -31.779016501597635 -24.822016832162618 65.86628088479696 57.85032482330943
12.14 -32.90755553092118 -24.606537599992304 65.20398981206985 57.87458984514119
12.16 -33.90311710468205 -24.39303377834457 64.30727273569273 57.8891003311926
12.18 -34.75643210163976 -24.179113664323182 63.206589049462636 57.8980817816731
12.2 -35.46108119689803 -23.960464159799884 61.93502739183679 57.90440635854712
12.22 -36.01522459002257 -23.73162155181591 60.52994492792252 57.90919270835976
12.24 -36.421937156802365 -23.48613951627199 59.0336242081726 57.9107528952425
12.26 -36.68700554502369 -23.218046034708596 57.52102339250743 57.90805190264745
12.28 -36.81254742815587 -22.92312291380292 56.06023128094917 57.885623285277916
12.3 -36.802489646662 -22.613679343287718 54.780051296803514 57.80913840776069
12.32 -36.66926412986533 -22.280276239826225 53.76078060125801 57.5983873129539
12.34 -36.39530982802877 -21.94635434521772 53.025687162241205 57.18676804582131
12.36 -36.062780941109736 -21.636868859549885 52.402907733409094 56.62833911823815
12.38 -35.72080075445408 -21.29675215258535 51.866597711911226 56.00834125825963
12.4 -35.357664322958996 -20.85383560487773 51.52143782550853 55.419282832048694
12.42 -34.935434532730916 -20.237796553497045 51.44744442070751 54.88073440903643
12.44 -34.43218420209133 -19.419097178028352 51.64135703111821 54.36685591190066
12.46 -33.84600388050351 -18.39460064300038 52.07750583192034 53.849536478463676
12.48 -33.17759967950549 -17.204995373226378 52.65552249220552 53.33815320047767
12.5 -32.45651396310527 -15.933899308675588 53.31136005250515 52.870102209117306
12.52 -31.716789280292442 -14.695053064130205 54.01881448091928 52.50148348798435
12.54 -31.03355114344611 -13.58652937456915 54.71030466664628 52.26570852227902
12.56 -30.458446250302035 -12.6755723079557 55.347573411702726 52.17752094076197
12.58 -30.017411486655092 -12.015101073822743 55.906438690493495 52.24143807227033
12.6 -29.68010435463439 -11.712096198192551 56.3451979090556 52.46172392980445
12.62 -29.345717189766614 -11.754011857095595 56.64083250120561 52.99117968469142
12.64 -28.9823260001083 -12.041175983471787 56.831303088586736 53.904355158445895
12.66 -28.62422283570315 -12.5825298478802 56.9699198217202 55.09155707656033
12.68 -28.27486877752746 -13.359234510108788 57.07161273442766 56.44650752016427
12.7 -27.93643652161815 -14.343281781026894 57.150541923158244 57.88812260817967
12.72 -27.6110268444422 -15.502824336543664 57.22178831099365 59.348202119229974
12.74 -27.297345980656605 -16.80656519219032 57.29034638910035 60.769979252772444
12.76 -26.994994741566156 -18.2232874256897 57.35959134733415 62.1040879168138
12.78 -26.703526473904827 -19.72229393462416 57.43036699110647 63.30840320670496
12.8 -26.42262663144486 -21.27375945571559 57.50169479605084 64.34745202831351
12.82 -26.15224235011251 -22.848744020175374 57.57199548691609 65.19208630679806
12.84 -25.89230402539561 -24.419449518629172 57.63928416361839 65.81951923120658
12.86 -25.642629905106492 -25.959464656308924 57.70161877637082 66.2133102756365
12.88 -25.402863418661873 -27.444768012513126 57.75755581516965 66.36703952244252
12.9 -25.171394477279623 -28.856948001759164 57.809512674286474 66.33838296995262
12.92 -24.944211836970585 -30.16424842465452 57.85138862105568 66.09208808233119
12.94 -24.724892188349813 -31.355414775111335 57.87954583016913 65.57325982674357
12.96 -24.512012115539715 -32.41748712266081 57.89949534887128 64.80933055473253
12.98 -24.30071859187728 -33.340953128332615 57.91056715073205 63.83351390099787
13.0 -24.08821715668426 -34.1188546326085 57.917699475086586 62.679270390588954
13.02 -23.86940014238027 -34.74805459750527 57.922891518152966 61.38346692110141
13.04 -23.638364602248103 -35.23000996561098 57.9263754425165 59.987079713495945
13.06 -23.388019791024593 -35.569905672315805 57.92559271311121 58.55613406605357
13.08 -23.11401707392896 -35.7701077485668 57.908316785540386 57.15257308911094
13.1 -22.82399991208352 -35.809026048872745 57.85141130407028 55.919904112767966
13.12 -22.51745846340391 -35.72216528029609 57.6782173077482 54.94586524577904
13.14 -22.21744846493664 -35.4981185744299 57.302648439844006 54.2539722624824
13.16 -21.951401773221065 -35.20853617935566 56.77127155054496 53.639081578278194
13.18 -21.6698595483101 -34.90301281190424 56.18432257457256 53.07877404984037
13.2 -21.29892212972025 -34.572912114399635 55.623579049293745 52.67451318672989
13.22 -20.774605610859425 -34.18832369732522 55.12504708855099 52.52373563394319
13.24 -20.06439700839089 -33.71191494053727 54.67101639065588 52.60368046922404
13.26 -19.167504987227783 -33.15411976271122 54.22746054410687 52.90691679862358
13.28 -18.122650563360654 -32.51654999189627 53.80410910074904 53.351668944043595
13.3 -17.008995784611496 -31.827888453816804 53.44375291356014 53.88313513313349
13.32 -15.926868710085495 -31.130341420186973 53.19003407628374 54.4671912807929
13.34 -14.962041999025256 -30.492345857989026 53.07015293592758 55.055292577859525
13.36 -14.166255046474806 -29.95819210411189 53.06552843124778 55.61180455536537
13.38 -13.60376309297044 -29.551440199974795 53.2062804100314 56.09758482872377
13.4 -13.38329982208084 -29.25124743175283 53.508070335636155 56.492662480683585
13.42 -13.479913187180493 -28.95570692609043 54.089456006265046 56.769542579322376
13.44 -13.818037824131935 -28.627017381440428 55.02064648291612 56.93533257026711
13.46 -14.402391494082302 -28.303760457889297 56.19014521330596 57.05410565486869
13.48 -15.21210500762882 -27.986787034154663 57.50207186567191 57.13928175587957
13.5 -16.219590577812486 -27.677810537047932 58.88090084266343 57.204090802166604
13.52 -17.393175880461715 -27.379090219979634 60.262352692624546 57.2641689849768
13.54 -18.702231443090387 -27.089048222267206 61.5929417169316 57.323594065559334
13.56 -20.116074552302724 -26.807405199540252 62.82569825344204 57.38544784561217
13.58 -21.604438381574578 -26.533804127672102 63.920496946487035 57.45022066369243
13.6 -23.137857071279075 -26.268052310703315 64.84352660291249 57.51659915951171
13.62 -24.687654503980088 -26.010246038807068 65.56707104628636 57.58276820670748
13.64 -26.22625875825765 -25.760450549475987 66.06963512385583 57.64653075314242
13.66 -27.72748287861408 -25.518606076596516 66.33597135776307 57.70577666884712
13.68 -29.170947767492706 -25.284511166468775 66.38688771324756 57.76042454041459
13.7 -30.528378017121163 -25.054210097624324 66.26415191862392 57.811258482064886
13.72 -31.777640436738515 -24.828653522802174 65.86665040189482 57.8463034605349
13.74 -32.90677061879294 -24.610803408848323 65.2040665599452 57.873076672790994
13.76 -33.90283285258231 -24.3950800975134 64.30709126543161 57.88932178158795
13.78 -34.75656368260714 -24.179184179108287 63.20622155879842 57.89909117624521
13.8 -35.461550232064894 -23.95909548535927 61.934544625905666 57.90565056282807
13.82 -36.01594696353633 -23.7294098159796 60.529463411558154 57.910399437391995
13.84 -36.42270266814439 -23.483664054067685 59.03318174969945 57.912053447084354
13.86 -36.68795911130169 -23.215534521941553 57.517706336068656 57.90954809808386
13.88 -36.81454087815128 -22.919797842627542 56.05216441762066 57.88639163176363
13.9 -36.80470544920026 -22.609307748819777 54.771531699556384 57.811946861921825
13.92 -36.67244908303281 -22.274977871371036 53.75264845445144 57.60480021453609
13.94 -36.39739310438796 -21.93932184929561 53.02449015037003 57.192686216906395
13.96 -36.06475458807071 -21.6300168916815 52.404955053986804 56.63087862428879
13.98 -35.723737255365734 -21.291495681591122 51.86634974071201 56.00911548554431
14.0 -35.361099415588995 -20.84981700522141 51.51931621558775 55.419549857884974
14.02 -34.93923290184594 -20.234471830794327 51.44487666680737 54.88116953190699
14.04 -34.43606087545959 -19.41595679400583 51.638773305081884 54.36749421080673
14.06 -33.84990282054149 -18.391461726624687 52.075334210110725 53.85027816503607
14.08 -33.181184579762764 -17.201873237545207 52.654182330018145 53.33874964171667
14.1 -32.45950555256299 -15.93104763668037 53.310979822674035 52.870517633348236
14.12 -31.719644165895883 -14.69264822692114 54.01827154246686 52.501572058627545
14.14 -31.03662126403409 -13.584377372201354 54.709347691174074 52.265438521274646
14.16 -30.461684683539882 -12.67358799394399 55.346456886498885 52.17708934855959
14.18 -30.020708345026506 -12.01333221173272 55.90527663215792 52.24077596338492
14.2 -29.68311774106056 -11.710905372460777 56.34391447832707 52.4609101547674
14.22 -29.348176868242167 -11.75316189609568 56.639530006164144 52.99068691664423
14.24 -28.984265757504623 -12.040543646180717 56.83024619746621 53.90408918653888
14.26 -28.625676707127578 -12.582075551043463 56.9692260165554 55.09140148507493
14.28 -28.275860618005233 -13.358940558122349 57.07126429828681 56.44640395383074
14.3 -27.93702371964945 -14.34312254016995 57.15051757225222 57.88803417717782
14.32 -27.611270464572677 -15.502773541270189 57.22202869292344 59.34811573338754
14.34 -27.297314518786845 -16.806597129609784 57.29077946718564 60.769891606064796
14.36 -26.994759567376594 -18.223376886919446 57.36014625446258 62.10400010195181
14.38 -26.70315524881128 -19.722418558039728 57.43097640042496 63.30831878745202
14.4 -26.422180753571215 -21.2739001946082 57.50230198383956 64.34737456138069
14.42 -26.151773902294643 -22.84888563085598 57.57255630811008 65.1920187450267
14.44 -25.89185424595447 -24.419580748651796 57.63976771541456 65.81946354440791
14.46 -25.642228782461224 -25.959577998871197 57.70200705054758 66.21326734690433
14.48 -25.402530069447643 -27.444859318683953 57.75784213437525 66.36700926139918
14.5 -25.171138258793622 -28.857015927467973 57.80969967801583 66.33836445085176
14.52 -24.94403396571701 -30.164293820469837 57.85148593840604 66.09207982442621
14.54 -24.72478753275816 -31.35544006024772 57.879567697408326 65.57325992113773
14.56 -24.511971022709517 -32.41749573691188 57.89945837282293 64.80933690606642
14.58 -24.30072876753119 -33.34094895334442 57.910488613125445 63.83352441277453
14.6 -24.08826760137309 -34.11884166683505 57.91760271810472 62.679284055901235
14.62 -23.86947203400102 -34.7480350101846 57.92277884940239 61.383479110397374
14.64 -23.638447744538425 -35.229990213217754 57.9262583334087 59.98709306360993
14.66 -23.3881007527687 -35.569876945137935 57.92546696329445 58.556222074526
14.68 -23.11410173861918 -35.770057247581505 57.90817608404545 57.152730192222016
14.7 -22.824116553180033 -35.80895342618167 57.85124306596599 55.920078396783495
14.72 -22.517672597330325 -35.7223927133121 57.678042637222894 54.94596094740613
14.74 -22.217628827102306 -35.4984175793191 57.302558475617886 54.2537187863029
14.76 -21.951488949448628 -35.2088022192475 56.77132277729956 53.63884292719631
14.78 -21.669839052303313 -34.903217985224586 56.18443437500214 53.078672527331
14.8 -21.298837609694214 -34.573085893208805 55.62369742903255 52.674485053459236
14.82 -20.774485269904975 -34.18848135321721 55.12514794785834 52.523733007617864
14.84 -20.064265812067628 -33.712067841490914 54.671094214901686 52.60367032876024
14.86 -19.16737102941429 -33.1542718258939 54.227517114596786 52.90689773992508
14.88 -18.122522224654887 -32.51669310978498 53.80414583720758 53.351650432519264
14.9 -17.0088797067702 -31.828016183026488 53.443775214521594 53.883125192414965
14.92 -15.92676541665599 -31.130474010908266 53.19003937596059 54.46716253108724
14.94 -14.961944847326178 -30.492485527186826 53.07014419852073 55.055252624204876
14.96 -14.166161928315935 -29.95833777708557 53.06551239209194 55.611761439735645
14.98 -13.6036751982626 -29.55158864570891 53.20625692388561 56.09754040192866
15.0 -13.383233981472031 -29.25138614319071 53.50803483864874 56.49261291722804
15.02 -13.479865406997522 -28.955821408694696 54.089437869763806 56.769487180372636
15.04 -13.818005339976098 -28.627109396996126 55.02063549757388 56.935283368260734
15.06 -14.40236815317549 -28.30383058841879 56.1901387486978 57.0540706403022
15.08 -15.21208937929374 -27.98683644230149 57.50206756669155 57.139262017571845
15.1 -16.21958138517884 -27.67784143319444 58.88089715761176 57.204085861587004
15.12 -17.393171930547883 -27.379105122901866 60.262349030650256 57.26417645857055
15.14 -18.702231544219433 -27.08905010030849 61.59293790155347 57.32361097354631
15.16 -20.11607755441759 -26.807397171461297 62.825694346114624 57.385471026682005
15.18 -21.604443251845037 -26.53378923402243 63.92049311207515 57.45024706819972
15.2 -23.13786291756532 -26.268033358656794 64.84352301555079 57.516626149456044
15.22 -24.687660602030483 -26.010225454410538 65.5670678570196 57.582793667534276
15.24 -26.226264559542805 -25.760430297860772 66.06963243943777 57.64655315388924
15.26 -27.727488003514395 -25.518587627488024 66.33596923590544 57.70579505600965
15.28 -29.170951989936867 -25.284495500564258 66.38688616475021 57.76043848185655
15.3 -30.528381241923224 -25.05419774794133 66.26415091619093 57.81126798327548
15.32 -31.7776426725559 -24.82864464377848 65.86664988565533 57.84630886712866
15.34 -32.90677195209471 -24.61079784578901 65.20406644994296 57.87307855775367
15.36 -33.9028334209782 -24.395077475452627 64.30709146875174 57.8893208544363
15.38 -34.756563648723706 -24.17918398354136 63.206221980735066 57.89908819741609
15.4 -35.46154976526236 -23.959097134444608 61.93454517821055 57.905646268236026
15.42 -36.01594622357581 -23.72941272325186 60.5294640180855 57.91039448776187
15.44 -36.42270179416844 -23.483667676024535 59.033182350609586 57.91204839225588
15.46 -36.687957896700766 -23.215538036672065 57.51770978714953 57.90954209023298
15.48 -36.81453831848776 -22.919801862449713 56.05217109417703 57.88638553905171
15.5 -36.804702208721416 -22.609312768280606 54.77153840096823 57.81193921345623
15.52 -36.67244495343866 -22.274984018685153 53.752654173263636 57.60479141521436
15.54 -36.3973905447992 -21.939329200136644 53.024489381335464 57.192679542416855
15.56 -36.064752199402825 -21.63002337468833 52.40495268490589 56.63087603534804
15.58 -35.72373393451959 -21.291500296107547 51.86635046732864 56.0091148468733
15.6 -35.36109567491034 -20.849820365497617 51.51931898892135 55.41954969542559
15.62 -34.939228980398504 -20.234474620347346 51.444880010061894 54.88116916469068
15.64 -34.43605688018418 -19.41595951744642 51.63877649460609 54.367493704112604
15.66 -33.84989882277274 -18.391464551320343 52.07533679630023 53.85027750685383
15.68 -33.181180924071235 -17.201876146068713 52.654183923627706 53.338749061038534
15.7 -32.4595025050204 -15.9310503681748 53.310980341463576 52.87051719923705
15.72 -31.719641266589726 -14.692650583786081 54.01827213201772 52.50157193558358
15.74 -31.036618164974595 -13.584379519096817 54.709348638558176 52.26543875631758
15.76 -30.46168142457323 -12.673590001118406 55.34645797564783 52.177089768249346
15.78 -30.02070501318878 -12.013334084546532 55.905277762803706 52.24077653389524
15.8 -29.683114609613117 -11.710906674376806 56.343915716338415 52.460910970330794
15.82 -29.348174284400066 -11.753162831953809 56.63953132615701 52.990687418253
15.84 -28.984263704008377 -12.04054434482023 56.830247337457834 53.90408945002105
15.86 -28.625675136218952 -12.582076062427245 56.969226795373615 55.09140163890428
15.88 -28.275859519880765 -13.35894089935975 57.07126473424488 56.446404053235035
15.9 -27.93702303925516 -14.34312273716924 57.15051767435557 57.88803426193342
15.92 -27.611270143335005 -15.502773621371887 57.222028512547624 59.34811581788515
15.94 -27.297314490750566 -16.80659711871073 57.29077907588302 60.76989169356053
15.96 -26.994759761018603 -18.223376811120644 57.36014572238842 62.10400019169238
15.98 -26.70315559558815 -19.72241844071982 57.430975796784445 63.308318875596015
16.0 -26.42218119016924 -21.273900055936156 57.50230136833147 64.34737464396137
16.02 -26.151774374009328 -22.848885487320775 57.572555728265755 65.19201881860063
16.04 -25.891854708630046 -24.419580612701903 57.639767205787265 65.8194636064535
16.06 -25.64222920310504 -25.959577879112267 57.70200663258342 66.2132673960319
16.08 -25.4025304261048 -27.444859220208624 57.75784181777313 66.36700929726484
16.1 -25.17113853960473 -28.85701585237541 57.80969946258926 66.33836447404279
16.12 -24.944034167404602 -30.164293768480906 57.85148581634109 66.09207983617762
16.14 -24.72478765886715 -31.355440029355794 57.8795676556188 65.57325992323325
16.16 -24.511971081797807 -32.41749572395378 57.899458395261384 64.80933690055168
16.18 -24.300728771242294 -33.340948954603654 57.91048868256325 63.8335244017773
16.2 -24.088267699459188 -34.11884181026111 57.9176029496695 62.67928390818998
16.22 -23.869473390290878 -34.748036354741636 57.922780242327214 61.38347746979036
16.24 -23.63845427535388 -35.22999616905285 57.92626389883289 59.987084732220204
16.26 -23.38812070114527 -35.56989401807425 57.92548235497797 58.556195636828626
16.28 -23.114148333304325 -35.77009402291009 57.90820903170716 57.15267117839624
16.3 -22.824208817286976 -35.80902037644105 57.851299780216166 55.91996994530959
16.32 -22.51783586435487 -35.72249155356371 57.678121995140664 54.94580603751421
16.34 -22.21790099013816 -35.498561355406906 57.30264868610726 54.253499599746874
16.36 -21.951916419303984 -35.20901763679536 56.77142877874572 53.638506449461566
16.38 -21.670465497278812 -34.90353697429251 56.18457556283598 53.078177169047656
16.4 -21.29970815663542 -34.573536765521084 55.623910306900115 52.67382404073058
16.42 -20.775648244797388 -34.189102890300674 55.12547688896705 52.52292279328198
16.44 -20.06577753799776 -33.7128954677848 54.67159684200169 52.60271932495195
16.46 -19.169294943114217 -33.1553615234751 54.22825667435799 52.90585535929991
16.48 -18.12463648149635 -32.517975398132954 53.80471867590467 53.35053412630369
16.5 -17.00999308798781 -31.829165050721972 53.442519535783184 53.881641165615605
16.52 -15.9244985939097 -31.13028801069398 53.1841715690761 54.46519666980836
16.54 -14.95319255879629 -30.48881143364214 53.05654611868759 55.0527641147449
16.56 -14.147282784016909 -29.948832865762707 53.04128845133378 55.608974769300374
16.58 -13.56878144146317 -29.534095979498623 53.17013335125054 56.09589315685178
16.6 -13.317431278640154 -29.22925770493243 53.45806845745821 56.496035270011255
16.62 -13.385030430947324 -28.93659682641364 54.012483022492454 56.780221132512615
16.64 -13.684925774068178 -28.609005453486876 54.914874029235904 56.949852142639095
16.66 -14.225137073522742 -28.286870565496155 56.06046437385947 57.06983564216733
16.68 -14.986068225546484 -27.97227618560048 57.35187194560809 57.15580951172205
16.7 -15.94117315938648 -27.666134023564705 58.71484798273683 57.21948792787773
16.72 -17.05940817452725 -27.37110698386846 60.08589609179029 57.27762427987572
16.74 -18.31090093570961 -27.085505141073924 61.41263462034381 57.334624644314665
16.76 -19.66589431582836 -26.808940901883503 62.64911101693944 57.39373713738797
16.78 -21.09507873294831 -26.54102407034272 63.75606534738692 57.455766630296495
16.8 -22.57003591440269 -26.281483176652582 64.70044385104524 57.519546787723066
16.82 -24.063183758986316 -26.030375620139115 65.45509495840743 57.58340033239481
16.84 -25.54806165848744 -25.787749500306692 65.9988831572659 57.645234359012164
16.86 -26.99958192127719 -25.553553378735792 66.31668966864285 57.70300712793712
16.88 -28.396482218025852 -25.327640539164246 66.41294202833755 57.7557415547415
16.9 -29.717517543707377 -25.107320206194508 66.34770388606889 57.80582303752301
16.92 -30.935156982887484 -24.89082770426734 66.04222752757762 57.842948814207965
16.94 -32.03988675899991 -24.682219126541938 65.47632446973499 57.86987409319153
16.96 -33.019071272380216 -24.47777423747011 64.67922391804375 57.88804387579053
16.98 -33.86395734684676 -24.273923797371232 63.68171167746351 57.898534785550666
17.0 -34.568143977726116 -24.067604071570745 62.51581522476948 57.90560763348722
17.02 -35.12930925560923 -23.85383473061235 61.217147995206524 57.91083945980458
17.04 -35.549439813192116 -23.62689118485092 59.82547148570358 57.91420357365365
17.06 -35.8340595168097 -23.379975598670793 58.402664109447315 57.913473014633944
17.08 -35.98730597554073 -23.108837209563397 57.005433819385765 57.89744331531336
17.1 -35.998757998123075 -22.822181319053815 55.78682295945163 57.847910467763995
17.12 -35.89367637467663 -22.5140592470175 54.80583315083857 57.6871511495052
17.14 -35.643121504700446 -22.2027022431531 54.130283212620846 57.32371547237777
17.16 -35.33590786632779 -21.923243287329065 53.5386276512508 56.79833026831652
17.18 -35.02184189922197 -21.62804757426539 52.99265617225179 56.21221278814006
17.2 -34.6852854569503 -21.24524718388043 52.60227870310472 55.65390424039018
17.22 -34.29530871695711 -20.71050336637519 52.46280084497025 55.15600975779694
17.24 -33.81627157146715 -19.992547843495593 52.5516324747208 54.699888812252105
17.26 -33.25764227372769 -19.090099671184625 52.863805808446706 54.25201431036293
17.28 -32.61521918744775 -18.043238482986975 53.321006376391594 53.82341933315789
17.3 -31.919516000959913 -16.930768677001566 53.86233360349117 53.45446125137891
17.32 -31.22469567011159 -15.848528613325241 54.441947042165935 53.18753201287148
17.34 -30.58757392738845 -14.878864692211382 55.02677361374035 53.05099344233763
17.36 -30.051652476901044 -14.074899419994095 55.58267109232324 53.03100477126316
17.38 -29.639271578555796 -13.501024350338868 56.068195958995496 53.15399027460331
17.4 -29.327998568960105 -13.268166270881197 56.46382813288135 53.43418261059057
17.42 -29.01715136141343 -13.348617768091147 56.74166398476579 53.997472164937705
17.44 -28.673299169308848 -13.657478741648035 56.9157880050237 54.906795513698974
17.46 -28.336130998112242 -14.204838816515156 57.0460188462477 56.055531893703986
17.48 -28.006787050377774 -14.97209654962068 57.14200170577117 57.34853265030349
17.5 -27.687654818792026 -15.932406203670412 57.215918535823924 58.711916125089914
17.52 -27.381374110144044 -17.05482236187754 57.28278005378668 60.08300654603393
17.54 -27.08656351215872 -18.309563245723123 57.34640577830202 61.409691906747724
17.56 -26.803001114785715 -19.66689927088512 57.41000751154413 62.646145241844344
17.58 -26.530215276192767 -21.09763590992621 57.474374898491405 63.75319563307829
17.6 -26.26778654891249 -22.573467997325864 57.538630084967615 64.69778665832878
17.62 -26.015508202371667 -24.066940016034163 57.601458759312074 65.45275078273379
17.64 -25.773104774130942 -25.551724568252272 57.66117044753264 65.99692229396244
17.66 -25.540178273446124 -27.002858534147364 57.71613244161259 66.31514743981728
17.68 -25.31623634488212 -28.39918265343463 57.765732887057354 66.41176237700273
17.7 -25.098277399132154 -29.71959103939803 57.81267964279277 66.34698341305412
17.72 -24.884252428933728 -30.93656084898071 57.846901639803725 66.04188271348048
17.74 -24.678014855349293 -32.04068614151552 57.871317065511256 65.4762643297525
17.76 -24.475681105967077 -33.019353457739896 57.88747986009179 64.67938434201704
17.78 -24.27383944729702 -33.863847022651576 57.897159282200484 63.682095870020966
17.8 -24.06892821155504 -34.56768566519972 57.90380374254128 62.51627946405244
17.82 -23.856042270818126 -35.12858027711429 57.90905988792114 61.21763944230423
17.84 -23.629408973963294 -35.54868128488532 57.91230899593325 59.82594031203442
17.86 -23.382519787286107 -35.833076478145024 57.91165172754746 58.40549589997214
17.88 -23.111519061470332 -35.985988918046885 57.89549822580996 57.01037373321311
17.9 -22.82542804886292 -35.99675387133207 57.844348349394714 55.79159926140187
17.92 -22.51762357328498 -35.891525288575096 57.68113318486316 54.810770618803865
17.94 -22.207299950107558 -35.642631712183146 57.31957466917814 54.12875881395234
17.96 -21.926790889701063 -35.33513737969055 56.7967983225683 53.53671767550817
17.98 -21.630127593579722 -35.02030363764953 56.21202386040998 52.9930041505413
18.0 -21.24610393345332 -34.68322625724395 55.653952850559826 52.60423484876681
18.02 -20.710653713021813 -34.29290536069888 55.155863260463676 52.46531909290506
18.04 -19.992209819479726 -33.81358814618609 54.69942135546068 52.554305015484154
18.06 -19.089399163087485 -33.25465948686833 54.25115465227284 52.86627474543011
18.08 -18.04245105014285 -32.61199963126346 53.82269418373804 53.32325498501043
18.1 -16.931042460607618 -31.916592045152928 53.45554507893084 53.86442969608343
18.12 -15.852126444667471 -31.223224444262666 53.193297328835506 54.444318723155014
18.14 -14.888921054122658 -30.58949681260377 53.06463313718645 55.02966719197967
18.16 -14.095056452947711 -30.05930747869676 53.055396211572386 55.585841908642976
18.18 -13.537344590732097 -29.65473783805713 53.18998497857634 56.069995168775414
18.2 -13.334301384712042 -29.347628213811227 53.483747002548974 56.46043407547225
18.22 -13.438972830712075 -29.033513662848556 54.074421546647045 56.732195720774456
18.24 -13.786451195554305 -28.689551994352197 55.0131055924172 56.902956147034686
18.26 -14.379049861946282 -28.351764690049496 56.18554577871202 57.03117834383449
18.28 -15.195977805722272 -28.020481233582927 57.49890441863832 57.12564475205309
18.3 -16.20924031876991 -27.698948582861025 58.878032566205135 57.20039457632953
18.32 -17.387416115410982 -27.38925481485246 60.259509843002526 57.2689303480999
18.34 -18.700005877388563 -27.090218324231966 61.590037377897616 57.33485951300615
18.36 -20.11639469633532 -26.801713428397143 62.82277104236314 57.401168299636886
18.38 -21.60646413831268 -26.523312417252292 63.917667428191706 57.46829447756893
18.4 -23.140874991621185 -26.25469376908133 64.84090707253286 57.53520779465364
18.42 -24.691089835762963 -25.995699664822514 65.56475991856666 57.600433519883346
18.44 -26.22967662186784 -25.746085032365954 66.0677007043652 57.662165614615986
18.46 -27.730576747605728 -25.505454167142865 66.33444821218227 57.718693299549074
18.48 -29.173526926381218 -25.273269509902878 66.38576482342383 57.770294738732446
18.5 -30.53034985240515 -25.04526496301652 66.2634408705413 57.818065929797484
18.52 -31.77898932615403 -24.82212704393939 65.86628587127515 57.850263808922165
18.54 -32.90754037582218 -24.606602582924303 65.20399000943642 57.87457544610612
18.56 -33.903111869381405 -24.39305949215423 64.30726949430094 57.88912218841276
18.58 -34.756434246039795 -24.179105304849053 63.20658251361884 57.898121078709146
18.6 -35.46109023221532 -23.960435287136242 61.935022474175256 57.904464589792106
18.62 -36.01523368336707 -23.7315792620827 60.529937723126324 57.909261770136276
18.64 -36.42194816878366 -23.486089116818803 59.03361983692882 57.910820732726364
18.66 -36.68702745422611 -23.218007780237805 57.52089828130891 57.90816828684329
18.68 -36.81257180752423 -22.923044098021936 56.05986160584658 57.88575942002198
18.7 -36.80212391820847 -22.613456358027747 54.779705297574466 57.809379346006835
18.72 -36.668731631092434 -22.280026653445812 53.760855828979885 57.59870930631369
18.74 -36.39474656098409 -21.946151540129158 53.02615550730033 57.18688171362435
18.76 -36.06231693155216 -21.636814622702055 52.403307613243385 56.628186483548454
18.78 -35.720424144673274 -21.296862292511193 51.866787920138066 56.00810995315591
18.8 -35.35733013608486 -20.854047008534504 51.521510181864095 55.41905631533032
18.82 -34.935118274940464 -20.238054868884042 51.44749373368431 54.88054983489165
18.84 -34.431871097858675 -19.419368627155364 51.6414179547282 54.3667096575718
18.86 -33.845690574859546 -18.394872801281593 52.07758194835127 53.84943244145788
18.88 -33.17731546060617 -17.205252720514096 52.65557065710931 53.338080232675075
18.9 -32.45627200492322 -15.934127221435597 53.31137087455388 52.87006233840767
18.92 -31.7165579765657 -14.695240089774117 54.01885436813904 52.501474339490386
18.94 -31.033303695744248 -13.586694943584128 54.71038419893353 52.26573017608328
18.96 -30.458186126113464 -12.675725195997657 55.34766704608303 52.17755679162202
18.98 -30.017147673682224 -12.0152380698169 55.906535601950374 52.24148992320592
19.0 -29.679862403874882 -11.712188832398732 56.34530178673042 52.4617881177551
19.02 -29.345519818988656 -11.75407835783209 56.640937250531394 52.991218329015865
19.04 -28.982170555775678 -12.041225544521067 56.831388294166864 53.904375907752744
19.06 -28.62410626056543 -12.582565571886049 56.969975448213965 55.091569299002295
19.08 -28.274789341166066 -13.359257644912965 57.07164066045206 56.446515671167745
19.1 -27.9363895444011 -14.343294301653655 57.150543826119645 57.88812961640342
19.12 -27.611007407934363 -15.502828303931686 57.22176896019882 59.34820899495289
19.14 -27.297348592250565 -16.80656262107837 57.29031162338102 60.76998622812912
19.16 -26.99501365820238 -18.223280312067217 57.35954684781659 62.10409489661865
19.18 -26.703556265963776 -19.722284049979557 57.4303181682064 63.308409898050506
19.2 -26.422662373232164 -21.273748309533936 57.501646199911804 64.3474581467594
19.22 -26.152279866229115 -22.84873282105317 57.57195065025721 65.19209162064595
19.24 -25.89234001417841 -24.419439157176676 57.63924555462114 65.81952358939607
19.26 -25.642661968933076 -25.959455725464707 57.70158782524865 66.21331361527528
19.28 -25.402890033243562 -27.44476083838967 57.75753304242208 66.36704185802999
19.3 -25.171414901433565 -28.85694268774874 57.8094978539273 66.33838438167699
19.32 -24.944225981835917 -30.164244899650722 57.85138096794218 66.09208869444493
19.34 -24.724900473894774 -31.355412842918945 57.87954419262795 65.57325979535015
19.36 -24.512015323801 -32.41748650513829 57.899498388820604 64.80933004972087
19.38 -24.300717715860454 -33.340953511662114 57.910573478701195 63.83351309126253
19.4 -24.0882132766799 -34.118855700521735 57.91770777832539 62.67926942782316
19.42 -23.869394319502607 -34.74805605762938 57.922900646428076 61.38346593077892
19.44 -23.638357797790924 -35.23001156897782 57.92638446161184 59.98707878876846
19.46 -23.388013892629516 -35.56990835864522 57.925604072530774 58.55612346458553
19.48 -23.11401259531364 -35.77011248069042 57.90833725420552 57.15255052489511
19.5 -22.82398801984068 -35.80903471054394 57.85143108834147 55.919883367718164
19.52 -22.517442734447396 -35.72217839977372 57.67824600197435 54.94584279653908
19.54 -22.217425602025596 -35.49812870515559 57.302667285521636 54.2539713025669
19.56 -21.95138114114759 -35.20854424838804 56.77128119246568 53.639089167389464
19.58 -21.669843752686315 -34.90302336981447 56.1843253656415 53.07877320410252
19.6 -21.298910264169255 -34.57292428667216 55.6235801117992 52.67450625090679
19.62 -20.774595567696803 -34.18833657524174 55.12504790999149 52.52372633086295
19.64 -20.06438759317604 -33.71192818192912 54.67101772435068 52.60367117739133
19.66 -19.167495348511796 -33.154133075765536 54.22746208541971 52.906908945329214
19.68 -18.12264085549231 -32.51656231270478 53.80411067675637 53.35166379515181
19.7 -17.008986477770836 -31.827899459355205 53.44375409450094 53.88313237643557
19.72 -15.926860020161268 -31.130352692808486 53.190034393886855 54.46718822458936
19.74 -14.962033562794263 -30.492357686888557 53.0701522359269 55.05528918342
19.76 -14.166246849206841 -29.95820443124213 53.0655271851653 55.611801151001664
19.78 -13.603755399360002 -29.55145276969982 53.2062784224765 56.09758131817766
19.8 -13.383294320014006 -29.25125918367677 53.508067504536 56.49265845994679
19.82 -13.479909262989379 -28.955716549122545 54.089454277697094 56.76953793550589
19.84 -13.818034925502987 -28.627025044964547 55.02064555759071 56.935328508814585
19.86 -14.402389383245334 -28.30376631663852 56.19014466753704 57.05410284979959
19.88 -15.212103591799668 -27.986791136069602 57.50207150713553 57.139280175216584
19.9 -16.219589736167777 -27.677813090544802 58.88090053094496 57.20409043974134
19.92 -17.393175498728432 -27.379091439117182 60.26235238152222 57.264169652732036
19.94 -18.70223141611913 -27.089048353624012 61.592941395280405 57.323595507347655
19.96 -20.11607477765683 -26.80740450774821 62.82569792539057 57.38544980381903
19.98 -21.604438769441202 -26.533802866857076 63.9204966264421 57.450222883278784
20.0 -23.137857544956958 -26.26805071579466 64.84352630509886 57.51660142081834
