0.0 0.0 0.0 0.0 0.0
0.02 0.0001337792062195767 0.00013377920621957768 -0.0002284803871671616 -0.00022848038716716157
0.04 -0.23425203074179266 -0.23425203074179268 0.49596864297756477 0.4959686429775647
0.06 -0.3532769142853687 -0.35327691428536867 0.9767594604630032 0.9767594604630031
0.08 -0.47147868663295367 -0.47147868663295367 1.22902684426759 1.2290268442675902
0.1 -0.49356946959821935 -0.49356946959821946 1.4235187643040592 1.4235187643040599
0.12 -0.5397055472230646 -0.5397055472230649 1.545491077546248 1.5454910775462485
0.14 -0.5483730476743885 -0.5483730476743887 1.5511296256419758 1.5511296256419769
0.16 -0.5827776787913441 -0.5827776787913446 1.6099976830661986 1.6099976830661993
0.18 -0.5813156090380803 -0.5813156090380808 1.5422319144486658 1.5422319144486665
0.2 -0.6221540901152253 -0.6221540901152257 1.5602699344695246 1.5602699344695257
0.22 -0.60683986346522 -0.60683986346522 1.4973432435283984 1.497343243528399
0.24 -0.6441060852293989 -0.644106085229398 1.4810316605457394 1.4810316605457379
0.26 -0.6217778718656897 -0.6217778718656886 1.4510703429965957 1.451070342996593
0.28 -0.6428211750616944 -0.6428211750616935 1.4081425848467943 1.4081425848467917
0.3 -0.6221420046323742 -0.622142004632373 1.4128086259564514 1.4128086259564485
0.32 -0.6252664706437562 -0.6252664706437564 1.3467840796488888 1.3467840796488884
0.34 -0.6117959011797566 -0.6117959011797567 1.37571693324014 1.3757169332401404
0.36 -0.599592529985665 -0.599592529985665 1.2922827684160425 1.2922827684160418
0.38 -0.5951937744726148 -0.5951937744726148 1.3326502446895738 1.3326502446895734
0.4 -0.5719004527690781 -0.5719004527690777 1.2406040724539777 1.240604072453978
0.42 -0.574922150229066 -0.5749221502290655 1.2816393004038442 1.2816393004038422
0.44 -0.5449213008395885 -0.5449213008395876 1.1896731282491837 1.1896731282491824
0.46 -0.5520641541256894 -0.5520641541256895 1.2239828577904477 1.223982857790448
0.48 -0.5191287297381264 -0.5191287297381267 1.1383734468613746 1.1383734468613753
0.5 -0.5270582468195222 -0.5270582468195221 1.1618732363963202 1.1618732363963202
0.52 -0.4940162174509539 -0.49401621745095453 1.0857762690351456 1.0857762690351465
0.54 -0.5002247505509375 -0.5002247505509377 1.0970717258074516 1.0970717258074514
0.56 -0.46887664696770137 -0.46887664696770154 1.0309778089576147 1.030977808957615
0.58 -0.4719017298779098 -0.47190172987791246 1.030548152748591 1.0305481527485956
0.6 -0.4431174044242887 -0.44311740442429154 0.9732196440645013 0.9732196440645076
0.62 -0.4423916582412748 -0.4423916582412753 0.9625964534726651 0.9625964534726656
0.64 -0.41632275824853887 -0.4163227582485384 0.9119908347833697 0.9119908347833688
0.66 -0.4118885925586382 -0.4118885925586364 0.8930704470385444 0.8930704470385407
0.68 -0.3882230287597336 -0.388223028759733 0.847012939176107 0.8470129391761074
0.7 -0.3804525834833166 -0.38045258348331706 0.8215846746804425 0.8215846746804434
0.72 -0.35864506905989435 -0.35864506905989496 0.7781452272226146 0.778145227222616
0.74 -0.34802724151396985 -0.3480272415139715 0.7476445631213744 0.747644563121377
0.76 -0.327467738752206 -0.32746773875220614 0.7052773539209984 0.705277353921
0.78 -0.3144739611280021 -0.31447396112799963 0.6707153236964861 0.6707153236964813
0.8 -0.294586638175818 -0.2945866381758197 0.6282499613810937 0.6282499613810978
0.82 -0.2796020033179851 -0.27960200331798596 0.5902475084312269 0.5902475084312298
0.84 -0.25988746093540027 -0.25988746093539544 0.546810357901815 0.5468103579018062
0.86 -0.24318594994126133 -0.2431859499412576 0.5056743033696932 0.5056743033696843
0.88 -0.22322627712667656 -0.22322627712667664 0.4605919612038915 0.46059196120389223
0.9 -0.20497045164343952 -0.2049704516434371 0.4163911790015051 0.41639117900149764
0.92 -0.18441440085286157 -0.18441440085285712 0.3691023131287995 0.3691023131287919
0.94 -0.1646651544434388 -0.164665154443439 0.3217242923414657 0.3217242923414652
0.96 -0.1432049424023821 -0.1432049424023828 0.2717076259254425 0.27170762592544445
0.98 -0.12193226055287504 -0.12193226055287393 0.22088995083034882 0.22088995083034785
1.0 -0.09927524221475151 -0.09927524221475018 0.16760392675347002 0.1676039267534642
1.02 -0.07634604088682702 -0.07634604088682453 0.11293053120591721 0.11293053120591068
1.04 -0.056699580500040474 -0.056699580500041424 0.06477958796475969 0.06477958796476081
1.06 -0.04414354813901455 -0.04414354813901501 0.03312826043844742 0.0331282604384507
1.08 -0.034792716406635615 -0.03479271640663767 0.014448523325812746 0.014448523325817302
1.1 -0.027201652950744018 -0.02720165295074601 0.004941298556301521 0.004941298556305018
1.12 -0.020571979441460525 -0.02057197944146201 0.0009234877260764083 0.0009234877260797544
1.14 -0.015708573193888454 -0.015708573193886074 0.00262910623370526 0.0026291062337020017
1.16 -0.009578796327057833 -0.009578796327059753 0.0009357178735718368 0.0009357178735760578
1.18 -0.006562780508314459 -0.006562780508320444 0.0022604814778952325 0.002260481477908491
1.2 -0.0030937906132121173 -0.003093790613215888 0.0013739140656608981 0.0013739140656661578
1.22 -0.001646926031837037 -0.0016469260318382306 0.0021701897313411616 0.0021701897313428625
1.24 -0.0016225316198196793 -0.0016225316198191738 0.002885462549978718 0.002885462549977174
1.26 -0.0025929490151183395 -0.002592949015118634 0.004710716532730625 0.004710716532732567
1.28 -0.0015270257391775835 -0.009331190723120492 0.0037045731759153223 0.02074109080916103
1.3 -0.013235422641745265 -0.038980036459069216 0.021359696205001225 0.0775230729588529
1.32 -0.03735790726452349 -0.07977442472205412 0.059412259137866685 0.15188345098410316
1.34 -0.06468258850591417 -0.12393568333230778 0.1037935486663407 0.23289117624088246
1.36 -0.09444952316600658 -0.18319390066827385 0.14711644100267077 0.2987248006672629
1.38 -0.09934191652106453 -0.31227200129021443 0.17101093642260984 0.3095364542171641
1.4 -0.04474689345892968 -0.45896069960995184 0.16611750316120272 0.4068426295196439
1.42 0.001870896388512607 -0.5616779447855633 0.1643278979936972 0.56063506730002
1.44 0.022124087081221617 -0.6298730630778971 0.15953445489705506 0.656824442102861
1.46 0.04235491872705393 -0.677290784526853 0.13776207248485517 0.7160229990768286
1.48 0.0573533649540891 -0.7215451162946982 0.09847689364088097 0.7359694642701549
1.5 0.059466207791067746 -0.7518467501039435 0.07321360860004641 0.7197668201561856
1.52 0.05797680400935017 -0.7702858881195824 0.0498860452077818 0.6760554088037278
1.54 0.053748449824972996 -0.7767308997189041 0.030862647503819028 0.6072623167885807
1.56 0.04890421620943753 -0.7708876630923237 0.01609204613492427 0.5172030449270261
1.58 0.04418608268609559 -0.7532624170432309 0.006771626129133783 0.409425730707255
1.6 0.03968019406856142 -0.7240290355516129 0.004772258663849416 0.28672417012898604
1.62 0.039151612549916434 -0.6836177255088571 0.003358500391099518 0.1523083023730113
1.64 0.04206194697980514 -0.6348651831831335 0.003191639030281877 0.022050324878215587
1.66 0.05137995171558817 -0.5781878382831936 0.0029314723489407336 -0.04387954596417758
1.68 0.056646332025915055 -0.5053282589717965 0.002509688405556135 -0.21758867806694185
1.7 0.06293930826344957 -0.4304587521616729 0.002154127433621033 -0.39325769187485854
1.72 0.07280393769315963 -0.3509219286180139 0.002159059475565011 -0.5482366299428043
1.74 0.08406833959620005 -0.2695758476369546 0.0020044501576849645 -0.6863739092744702
1.76 0.09855789173184729 -0.18249350680828424 0.0014607814673580253 -0.8086869206555523
1.78 0.11384836870723344 -0.09773195536202207 0.0015436376077296815 -0.9088005269375937
1.8 0.13052236411816193 -0.01825196653619062 0.0001248647717886007 -0.98900536422419
1.82 0.14167390871931024 0.021644247281346004 0.00020935291835407884 -1.034433348884604
1.84 0.16757384312176277 0.08876691003328903 -0.0033557399924456816 -1.067600288875969
1.86 0.19840852865385852 0.16418462038855225 -0.006988852053872531 -1.0658405027187006
1.88 0.2327803678593907 0.23751886447387713 -0.008089624376859306 -1.0234494668562768
1.9 0.27090870257092176 0.296507526937582 -0.023040362170820235 -0.9275106178747231
1.92 0.31637550590595087 0.378919345067146 -0.0888358184601708 -0.6230796681749815
1.94 0.36195006649064076 0.39711568363929645 -0.3107558429524277 -0.34825753618532873
1.96 0.3773801214258791 0.3433650686075342 -0.5000015684349162 -0.3504634857334764
1.98 0.3937358824042758 0.33152894747297984 -0.47271343553329387 -0.27658784047955914
2.0 0.4942010610752328 0.357149802215648 -0.45613783456156737 -0.11461686914051518
2.02 0.6162775739558044 0.4074238908448022 -0.41706849817534475 0.06215033023356474
2.04 0.7640088969146308 0.45277590688606595 -0.43296209129765484 0.25697319490242654
2.06 0.8925801894757468 0.5144779783484181 -0.4299738702316299 0.398415943244448
2.08 0.9847571901793046 0.5709346091484305 -0.42416155612880346 0.4825141976632489
2.1 0.9862512415561555 0.5839069629392184 -0.3553019064951154 0.5251628276177172
2.12 0.9151062585737018 0.5537700200305223 -0.2560094501230879 0.5326435184792971
2.14 0.7677356865776552 0.4810983335053425 -0.13052970368662453 0.5095428447103871
2.16 0.4953326094720044 0.41453975132233983 -0.03952646912745395 0.44414597717035675
2.18 0.1822495713962798 0.41681021909681226 0.08144268545937133 0.35238370566883764
2.2 -0.03353695299315079 0.45172263160457776 0.3944581041389339 0.3014356318308889
2.22 -0.2399295566776083 0.46435917335390137 0.7207462309636762 0.26881368833521246
2.24 -0.44989311952773375 0.45640525209844723 0.9426469820420751 0.23198262003995165
2.26 -0.6419636241691683 0.4366701471473228 1.089189798800668 0.195803934628998
2.28 -0.8105498406504124 0.4086145611521785 1.1733484306538704 0.16401358728599735
2.3 -0.9541150448380451 0.3766093508501922 1.2040147819890932 0.1351973977881865
2.32 -1.0724256915569914 0.34322356614653765 1.1875016881060385 0.10928889730738803
2.34 -1.1657384287127912 0.31030003957181657 1.1292287372010466 0.08659249187259306
2.36 -1.2346830801077688 0.2792965725440894 1.0343295995464308 0.06700160205992382
2.38 -1.2799540983466144 0.25112884392453316 0.9077582533388605 0.05056850749782137
2.4 -1.3022970759855128 0.2264063040625466 0.7545255397773003 0.03718373547325002
2.42 -1.3025289737168044 0.20546074511696732 0.5797358840108453 0.026621031043158192
2.44 -1.2815669919682053 0.1882570435948037 0.3886963367409331 0.019046230755583773
2.46 -1.2405062733118872 0.17481309087073615 0.18657777917450086 0.014090467903150989
2.48 -1.1858191276433485 0.16539367424575002 0.019481446428314217 0.012606521313625248
2.5 -1.1042929745442764 0.1631976082192851 -0.1391495731391974 0.010713911592995734
2.52 -1.011427475935587 0.15905582018099967 -0.37399150647651846 0.005193911469770993
2.54 -0.9073833521488861 0.15655580483605971 -0.5919419666592823 0.005533140086599326
2.56 -0.7947980461405204 0.15979952677397202 -0.7811573980049091 0.0038918305133959835
2.58 -0.6755499615134507 0.1657828474941564 -0.9444978870100246 0.004009158842332695
2.6 -0.5517984072066091 0.1760322809528763 -1.0783560656453361 0.0035126741442387316
2.62 -0.4286947121290761 0.18954046498117896 -1.1787472066081925 0.0025242802593752446
2.64 -0.3079087383729348 0.20676207501981356 -1.2430458375738156 0.0012561553329279627
2.66 -0.19068268229390495 0.22835298554465605 -1.2366412794191206 -0.001664201204972724
2.68 -0.08585326098890342 0.2507158393210617 -1.1980271320583982 -0.012864414854879058
2.7 0.03081622752013938 0.2640155272981033 -1.046090816985198 -0.0559416541044721
2.72 0.1705218988993315 0.2950255082579398 -0.6249685373991819 -0.20440324956605838
2.74 0.26454416838766537 0.2664818330127738 -0.5079393325059601 -0.4117947424554425
2.76 0.27043129895634016 0.2356835248177131 -0.5116219554564571 -0.5016786071614969
2.78 0.2788626394445789 0.2813722382002019 -0.44156761513155307 -0.5126320329725318
2.8 0.31180621883089166 0.38668392799778756 -0.24681788997947865 -0.45698622053529825
2.82 0.37778718931407324 0.5423263877236899 -0.023181866589251556 -0.4090347159380275
2.84 0.448987727327384 0.7056709497196394 0.18484937723888467 -0.3876280452867934
2.86 0.5255490813764081 0.8618864833052364 0.34809809045335066 -0.3912309459698515
2.88 0.5906567121330792 0.959760244647577 0.4457381105766266 -0.3625010176944027
2.9 0.6154195479809644 0.9750474995222881 0.49573332102098044 -0.29195019199631594
2.92 0.5866642355167241 0.9069527654068359 0.5138573868687123 -0.1843460497069066
2.94 0.5134557485333144 0.7749266095452357 0.5036772590367143 -0.06083884013546171
2.96 0.409787002529672 0.6110622910467771 0.4603013060889751 0.031025269626835564
2.98 0.3010334756060727 0.34512673450017195 0.38115568859958565 0.1652333450398641
3.0 0.2588013371473965 0.022964381085248165 0.2925634027227911 0.3619536419496043
3.02 0.2974334135872155 -0.19292672283888193 0.18259397677296163 0.6747312915554532
3.04 0.30156477904567036 -0.41249302808804705 0.12646188039511516 0.9360980448363376
3.06 0.2938410754623913 -0.618665983908942 0.09754600424658699 1.0956188486970015
3.08 0.28765503194588576 -0.8037404770718554 0.07144760769457704 1.1858667676268575
3.1 0.27680085387535486 -0.9615865816955863 0.06248962326992349 1.2147753184829484
3.12 0.26677882339005177 -1.0924617290803995 0.058773980085149446 1.1936404645668341
3.14 0.25718808573470203 -1.196676663437213 0.05784167376875372 1.1286681969342043
3.16 0.24776887124720545 -1.2742257837298208 0.05860016417297187 1.0256555800435678
3.18 0.238805792220234 -1.3258298040007008 0.05878740543013379 0.8903569186651609
3.2 0.23002902617563833 -1.3521115527680165 0.05793262925120767 0.728024601699679
3.22 0.22146852629520025 -1.3539015174357567 0.05562870139480516 0.544055277737495
3.24 0.2132246535437106 -1.332276032587051 0.051789699958809755 0.34387155576688627
3.26 0.20548713560080759 -1.2885670412283898 0.046601725092426785 0.1329689200998797
3.28 0.19901537988241041 -1.231162916300142 0.04484002077371159 -0.010289286865006644
3.3 0.19694990765134926 -1.139491588509238 0.03500186115526751 -0.21756469761901115
3.32 0.18994060700786142 -1.0420908774615105 0.02428365208094353 -0.46101009448300334
3.34 0.1855893887809553 -0.9305327646008766 0.017713745093627248 -0.6795430928791898
3.36 0.18584307516859205 -0.8100132063087547 0.00878987946408497 -0.8717392756382776
3.38 0.1878098482851294 -0.6821676378942196 0.005928200143326154 -1.0365048225728175
3.4 0.19424419674983004 -0.5505250120472815 0.004322854278313715 -1.1711732141602582
3.42 0.2058128997732587 -0.419662888009281 0.0025355094316899212 -1.270959304766049
3.44 0.2226559144224562 -0.29280413975258823 0.00029062337575564264 -1.3320600820678627
3.46 0.24330709837680417 -0.17006844444694846 -0.004904812781001734 -1.3119026111245538
3.48 0.26513044681508224 -0.03044649678712525 -0.026117360323355595 -1.168669438573794
3.5 0.2785971919681044 0.041255562542328664 -0.11656976749895909 -1.036713967032521
3.52 0.2942783802148125 0.18415023463252658 -0.26594544566296413 -0.7959908796621292
3.54 0.2760425486508135 0.28158946696360265 -0.4327872334312575 -0.5746250688095738
3.56 0.2721815925280173 0.2981352382752767 -0.5244832013025958 -0.5104593206415015
3.58 0.3294990914426482 0.30545551803492005 -0.5340092647890262 -0.40684784025269566
3.6 0.4523679287308028 0.336890324766 -0.4849980016867705 -0.18485967868683414
3.62 0.6226847147314981 0.40702809434640114 -0.4502339479815955 0.045258068281505096
3.64 0.8047872403922081 0.46993533398098397 -0.4438267247321799 0.29392473693605475
3.66 0.9764160566475756 0.5476686526478235 -0.4555789525397261 0.4492187565391577
3.68 1.0937820727071697 0.6136539629434168 -0.4442115418403809 0.5460446154086599
3.7 1.116704836548445 0.6465453538423915 -0.38027518354436884 0.6110547092435317
3.72 1.0369553117387775 0.6288401840851212 -0.27265046466994974 0.6186225933542565
3.74 0.8872225087217035 0.5518187390342427 -0.14566451095503413 0.5839167914842309
3.76 0.6872131222658935 0.43968782153011043 -0.004985225416173999 0.5243713104857022
3.78 0.419349133734655 0.3236619223137044 0.09892662977070182 0.4353891588170014
3.8 0.06417213813310553 0.27808918407497396 0.3292166682250886 0.3155042089667735
3.82 -0.1705540185943219 0.31312622515716576 0.6574350833879866 0.19755899240276326
3.84 -0.39742490782275736 0.3189970276936866 0.9595251134354137 0.13670246892948235
3.86 -0.6179025699239072 0.3104167659959247 1.1438254715125293 0.10390109153695541
3.88 -0.8167423120471463 0.30352732406236177 1.250981003655261 0.07591325936182587
3.9 -0.9875248233996679 0.2925009382507401 1.291381292972858 0.06558311037935388
3.92 -1.1299043264753286 0.2822467916036566 1.2771593501417078 0.06206736629164768
3.94 -1.244211059959345 0.27270951179996333 1.2156820817559675 0.061714045938964936
3.96 -1.3304532678355292 0.26338481639723343 1.1132847946886482 0.063310601171311
3.98 -1.3893431272732868 0.2544792089166979 0.9762498866143972 0.06435942675536649
4.0 -1.421548429396447 0.2456565943949191 0.8102501736624654 0.06416642377513479
4.02 -1.4279145340766044 0.23686895588820456 0.6210157357743502 0.06226500715850281
4.04 -1.4095383874248955 0.22818925533046902 0.4142813878306532 0.058517191009281024
4.06 -1.367774497834042 0.2197950642938599 0.19582497339143912 0.053116569721449285
4.08 -1.3101098114432264 0.21198841140071106 0.019106738619555887 0.049066397251309526
4.1 -1.220295044546723 0.2086853100561201 -0.16407063839268524 0.04263312736205358
4.12 -1.119606639264318 0.20231236170760838 -0.41643571145133557 0.02837310546954151
4.14 -1.0053244852125232 0.19576878433755507 -0.6475012860864685 0.021518288523292718
4.16 -0.880980666930286 0.19467823162797276 -0.8502144768481084 0.01127283751483563
4.18 -0.7489317319055897 0.19549409141504012 -1.0242744299722832 0.006390504344276368
4.2 -0.6122549309826774 0.2001605242232627 -1.1671468464641137 0.0045750284968377585
4.22 -0.47577911647922655 0.210274674921606 -1.2742127558348277 0.0027712431681083866
4.24 -0.3430851742017315 0.22614985504224827 -1.3415022358838933 0.00013130516426138674
4.26 -0.2141260711082045 0.24659782984530165 -1.3250183373440478 -0.00469028700067504
4.28 -0.06410036631636229 0.26988381433144926 -1.19126604168575 -0.029659229870738265
4.3 0.029495061600344926 0.28184708911627593 -1.0441332760019577 -0.11905821787889731
4.32 0.1604310737692515 0.2894993421834626 -0.7731110936653041 -0.277213725536327
4.34 0.26607908456850116 0.2638678127800429 -0.5953285782088164 -0.4494881118597684
4.36 0.2888579125296906 0.25528583253649695 -0.5340061607634418 -0.530544703693916
4.38 0.2994688871912949 0.3147881389739636 -0.42749898424908395 -0.5375612270467431
4.4 0.3321697484180469 0.440269317664966 -0.20037406720868525 -0.4858602008194344
4.42 0.4032029986521193 0.6141145541573827 0.038032940764449207 -0.4478757575907924
4.44 0.4665851145430655 0.7985086476364018 0.279050084780276 -0.438714500249881
4.46 0.5411845182739304 0.9748440553751262 0.4341250820358277 -0.4507676858348209
4.48 0.5931205741500879 1.0999714444813398 0.5209423586425448 -0.437319812036461
4.5 0.6241152644610236 1.1339737284804003 0.5942765321089346 -0.37553667919802747
4.52 0.6344479328897568 1.0567204380922117 0.6442155854648702 -0.2692927410528877
4.54 0.5587769938602518 0.9011507592255603 0.5970042862461609 -0.1469138137188866
4.56 0.44816499182155267 0.6993996111275514 0.5281186872862751 -0.010138053891946677
4.58 0.328093980212348 0.44954287970201606 0.4418900235429264 0.09067366588914175
4.6 0.2730153447277556 0.09975540375531772 0.3179276672892273 0.30149787422278534
4.62 0.3029835058344338 -0.136625090504506 0.19935354383449755 0.6229353273468647
4.64 0.31081237780390675 -0.3593554916861321 0.13188264915803205 0.9307682506299705
4.66 0.3018634190885422 -0.5755352873994476 0.09802074855937633 1.119473092946382
4.68 0.29491115051112043 -0.7705289532080946 0.07016528545119359 1.2310746211409138
4.7 0.2843659779678432 -0.9384579519194645 0.05960568503722286 1.2765509481225674
4.72 0.27442887947625055 -1.0786778973595965 0.05688622155402198 1.267903730749306
4.74 0.26540355400807863 -1.191646351603152 0.057385008058987205 1.2128683639113782
4.76 0.2565966411933251 -1.2774065886420116 0.05992151774035878 1.1177007505514394
4.78 0.24814680156887764 -1.3366795074505888 0.0619519343404957 0.9886165789832867
4.8 0.23969189694095783 -1.3701872734887934 0.06264207924618984 0.831185675847465
4.82 0.2311243941059868 -1.378795377412524 0.061521546749108286 0.6509649052014655
4.84 0.22249435588217426 -1.363607448036373 0.05842820968922866 0.4535000722297993
4.86 0.2139612240251969 -1.325956951771226 0.053557709645763056 0.24435059526765987
4.88 0.20567345266508213 -1.2701344582983767 0.04811583581023351 0.04593235069560801
4.9 0.20056643745855626 -1.1932435221941609 0.04552011535971296 -0.09326967960072823
4.92 0.19608365592260393 -1.0944555439354022 0.030474779269082135 -0.33085949952658855
4.94 0.18800127843337053 -0.9874749292011292 0.023014162687879466 -0.5596643316630568
4.96 0.1850823262851125 -0.8698523517682871 0.013959840437026569 -0.7594333207799211
4.98 0.18516760881728492 -0.7451593561204688 0.006693937064092626 -0.9308951076233579
5.0 0.187775604650984 -0.6156880237122762 0.0048126374369580885 -1.0718405239243527
5.02 0.1953383490787798 -0.48547188522854173 0.003671626513052098 -1.1793124336269305
5.04 0.2086922750831527 -0.3583782556520116 0.0014600532454253112 -1.2490236130924564
5.06 0.22742140246944398 -0.23377372494454846 -0.002579095581911636 -1.2387030324170984
5.08 0.24890539524269623 -0.10040184892235673 -0.020407317860787203 -1.1336946251859825
5.1 0.2570429956728889 0.0068006007940831425 -0.08733289062708532 -1.0288030670468682
5.12 0.2688353264286149 0.14866715294211674 -0.22767494819072642 -0.7165159984438606
5.14 0.24536630329314268 0.24007063500550033 -0.41209814135004613 -0.5524255354457359
5.16 0.2253491051984079 0.26262988929856806 -0.4975737250162504 -0.522123667942617
5.18 0.27313866348599736 0.2745356264642377 -0.509438339013559 -0.4443002298044576
5.2 0.3802827866451806 0.30815989701359414 -0.4579591289700487 -0.2529573751219318
5.22 0.5357309253638669 0.3742090878249302 -0.407058075260732 -0.028007871320179064
5.24 0.7009097787221455 0.4487825259125706 -0.38475983565577804 0.17803585007239164
5.26 0.858006926301516 0.5224365763095747 -0.3865554842238423 0.33521682351379767
5.28 0.9598760044301063 0.5850376635865776 -0.357709356381624 0.43149216399370294
5.3 0.9790024089294266 0.6159096394303347 -0.2845658597990797 0.5008806088705209
5.32 0.9082984950133763 0.5909153820848158 -0.17545317841573188 0.5155876471736122
5.34 0.7768459634087499 0.5177534115232502 -0.05478407961406472 0.5043810343846942
5.36 0.6127838651502782 0.4128819330001483 0.034198178910323576 0.46050044491232783
5.38 0.3578972477305992 0.3009179503269091 0.1769599953051096 0.3838914876010923
5.4 0.03528760109695479 0.24322909503951673 0.3611968442842035 0.29915189199367637
5.42 -0.18409296376308126 0.2800690173916468 0.6622943279574252 0.1832326443248867
5.44 -0.40383992906628746 0.2876595417685089 0.9321621234858593 0.11720488293040698
5.46 -0.6109624138613236 0.2791388238165106 1.093448668339617 0.08874656799355683
5.48 -0.7973588776778522 0.27446155918735077 1.1851883129632867 0.06168786491336676
5.5 -0.9565540327700813 0.26522505709795136 1.2146846451617903 0.053253170379389383
5.52 -1.0884873322454192 0.25693109296376676 1.1936610193246928 0.05150465011776927
5.54 -1.1937355689489664 0.24945555384960355 1.1287285546231411 0.05248338156921641
5.56 -1.2721827192705695 0.24210526528110246 1.0256120633143486 0.055359287417458776
5.58 -1.324548417998933 0.23512922179158413 0.8901973510366791 0.05749100090256361
5.6 -1.3514637009334984 0.2281394613769336 0.7277610920882951 0.05825278471716336
5.62 -1.3537444810952015 0.2210752210026816 0.5437094884176116 0.05720588442196964
5.64 -1.3324779315927118 0.21400533706251104 0.34347791442906794 0.05422128484123758
5.66 -1.289006853798274 0.20710490206948845 0.1325587626651333 0.04951144704625825
5.68 -1.231733859833853 0.20114903761144118 -0.010688983519015947 0.047897958845323683
5.7 -1.1401123896757912 0.19931589044527973 -0.21792784838493026 0.03793895334430124
5.72 -1.042690504315549 0.1923042330195828 -0.4613187640482039 0.026903649098285784
5.74 -0.9307803044197875 0.18777067937745648 -0.6794411097684826 0.019951718450666022
5.76 -0.809900512882922 0.18786458927785957 -0.8713705283595449 0.010051664323851784
5.78 -0.6821188168092236 0.18948382062501437 -1.0362555060880012 0.006159912224652806
5.8 -0.5504701120165428 0.19511626521675857 -1.1709537755952657 0.0046366473747472495
5.82 -0.41950475195966513 0.20608735660193156 -1.2708156995388145 0.002963653661125766
5.84 -0.29255089762491604 0.2227370123923679 -1.331971574655243 0.00026977701440870065
5.86 -0.16976853234793943 0.24384725732769097 -1.3116259366972864 -0.004841582108395903
5.88 -0.03461816821223585 0.2665007698752499 -1.1728984701118912 -0.026801682236479038
5.9 0.039455651501418665 0.2786063513723555 -1.043119480551008 -0.11305948860716225
5.92 0.18762499275394012 0.2963369624354082 -0.7889779013983701 -0.2628293265326118
5.94 0.28189461511038566 0.27735714153751195 -0.5690431985343412 -0.43615829781447096
5.96 0.29764653615625175 0.2709571769823577 -0.5112601703420746 -0.5273068694598435
5.98 0.3048058157274399 0.3280808227606043 -0.4093803083242545 -0.535040709213266
6.0 0.33657922242831534 0.45142365476360047 -0.18615749052273345 -0.485087979135881
6.02 0.40672116542802267 0.622345315707898 0.045450910820049734 -0.44999412537190964
6.04 0.46992994448116826 0.8047137657425697 0.294037000044587 -0.443639397324073
6.06 0.5478525651151982 0.9764900153123949 0.4500605747702102 -0.45576031638322967
6.08 0.614065916405735 1.0935274685208476 0.5468083121747341 -0.44446058663518434
6.1 0.6472482527483814 1.1161662337820273 0.6116481025768503 -0.38068400940406716
6.12 0.6285869968675964 1.0364488954432707 0.6177655771346988 -0.27304922363571255
6.14 0.5516316594728984 0.8869928308374919 0.5834966181104141 -0.14603143283558004
6.16 0.43952735117157793 0.6870966071929852 0.5243697572392922 -0.005070717822496913
6.18 0.3237844337773069 0.41876344755655737 0.4352734052219762 0.09861140496719498
6.2 0.27869227212585534 0.06365038057094506 0.31552970903291316 0.32929901519801424
6.22 0.3138149976417679 -0.17081590265573982 0.1978036612660275 0.6578067783823623
6.24 0.31959438696178294 -0.39764518229837625 0.1371829552568112 0.9596842443597154
6.26 0.3110050473276825 -0.6180958465114149 0.10434247715899149 1.1439179519077953
6.28 0.3040452812180847 -0.8169067787848993 0.07631778760215764 1.2510213669562078
6.3 0.292934876310119 -0.9876542030984082 0.06592912067502153 1.2913963715519714
6.32 0.2825986931093039 -1.130004663524602 0.06230897599338059 1.2771701141925567
6.34 0.27296748758589684 -1.2442801948682298 0.06186728252851892 1.2156911575685643
6.36 0.2635558797240963 -1.3304944824486293 0.0633771981899602 1.1132976668825336
6.38 0.2545717563678546 -1.3893611690668553 0.0643515872531636 0.9762669837892608
6.4 0.24568207776733467 -1.4215475702388591 0.06410289316139864 0.8102703822656308
6.42 0.23684223348048727 -1.427900118791205 0.062162309128002545 0.6210380505038345
6.44 0.22812503821780133 -1.4095152437214336 0.05839266555351708 0.4143041530156134
6.46 0.2197077138107214 -1.3677469206800703 0.05298522577875636 0.1958468017293127
6.48 0.2118906967950111 -1.3100616108611478 0.04893003950028013 0.01895683460110752
6.5 0.20858334931081976 -1.2202893958519772 0.04254240336294468 -0.16386407126974412
6.52 0.20222952325309473 -1.1195848283167578 0.028266574260665808 -0.4164256131387568
6.54 0.19569166600879864 -1.0053057079034993 0.021453761292392178 -0.64749962349218
6.56 0.19462140130251357 -0.8809688065247144 0.011225994881292502 -0.8502130253390328
6.58 0.19547067624090128 -0.7489278788206549 0.006349669560135346 -1.024272646616602
6.6 0.20015745036843696 -0.6122462688651096 0.004573909166637166 -1.1671469585490266
6.62 0.2101536862103169 -0.4757864442844588 0.0030566341498961687 -1.2741974846387334
6.64 0.2261714803393796 -0.34307031584496955 0.0002057760383922424 -1.3415329858964986
6.66 0.24672034956093428 -0.21412381478445838 -0.004901770741447642 -1.3250038089398912
6.68 0.2699059579898005 -0.06362077585254174 -0.02972120531918686 -1.1911511870792093
6.7 0.2817695609336812 0.029473025517917993 -0.11938572305363017 -1.0433266965094712
6.72 0.28932976312585945 0.16024381393404483 -0.27749115503815536 -0.7736425835932175
6.74 0.2638774104000926 0.2659575091287199 -0.44930633170112294 -0.5959746068830396
6.76 0.25559045914613476 0.2889641707942173 -0.5302084443324866 -0.5336575261239856
6.78 0.31519423927731655 0.2996552092704269 -0.537488311353186 -0.4269449579424671
6.8 0.44063195182025494 0.3323272259431934 -0.4859103639298356 -0.20000669727654835
6.82 0.614435115209575 0.40336953092767447 -0.4480576165689275 0.038184120868852346
6.84 0.7988196104090894 0.4667410767950881 -0.438944454023414 0.2790254910106868
6.86 0.9752148332249277 0.5413606611129798 -0.4510882953184212 0.43402727074850433
6.88 1.0998741713256686 0.5931067530418652 -0.43684450533609415 0.5209081517492027
6.9 1.13215859311353 0.6241808654184638 -0.3728287272556548 0.5955673971263821
6.92 1.0519379537322184 0.6325290340927756 -0.2635538054773292 0.6441655076764353
6.94 0.8934824216371152 0.5546679011914675 -0.13823861302980303 0.5971362216825318
6.96 0.6904419332326118 0.44219998862837445 -0.005029620714736941 0.5260200013827441
6.98 0.4252995728470457 0.3221902749649708 0.10255863788650704 0.4368027013409491
7.0 0.0696506490328317 0.27206560642528066 0.3258619648856344 0.31394101017563164
7.02 -0.16777319384529255 0.3051246489923298 0.652505459453654 0.19478750396212616
7.04 -0.3951778729709913 0.31189803142227235 0.9570051996721205 0.13113576722969342
7.06 -0.6157980919109389 0.3036069183798901 1.1425890026857157 0.09818481362751649
7.08 -0.8147808522661865 0.297288262923403 1.2504241899878585 0.07085590082793573
7.1 -0.9858766793177226 0.2871894426402425 1.2912086445515456 0.061196345029951596
7.12 -1.1285827997998592 0.277883410841877 1.2770910992600581 0.05878010613828727
7.14 -1.2432302719522472 0.26938690718371294 1.2156348080330979 0.059524246019084244
7.16 -1.3298025132871072 0.2610848803232986 1.1132090584713927 0.062150580239393266
7.18 -1.3889810937295468 0.25311704313821604 0.9761281098831417 0.06411158668881693
7.2 -1.421427640734578 0.2451125157962055 0.8100889887777025 0.06464260806633401
7.22 -1.427980091802971 0.23698879999529235 0.6208259515876334 0.06326991818359
7.24 -1.40973517745961 0.22880797926334007 0.4140776065898064 0.05985621101764735
7.26 -1.3680519645738065 0.22074948823687038 0.1956212915085762 0.05461215765700055
7.28 -1.3104140410862186 0.21313006662601489 0.01886863448230857 0.050564359622430236
7.3 -1.2206223158137741 0.20987473006211654 -0.16419297896705953 0.04403720252633711
7.32 -1.119897312277314 0.20346397486928197 -0.41657534090459136 0.029572720372179506
7.34 -1.0055714892708152 0.19679387313417712 -0.647612084645989 0.022489792155583083
7.36 -0.8811757349580859 0.19553188779508335 -0.8502932524658443 0.011988093146537593
7.38 -0.7490718038575346 0.1962446399957616 -1.0243554108031325 0.006596717940063609
7.4 -0.6123745239719903 0.20060223505047095 -1.167132811867952 0.004731253689385055
7.42 -0.4758255619559126 0.21035860710623794 -1.274195809427239 0.0031577087249434603
7.44 -0.34304079957769923 0.2261037283970554 -1.3414750382707559 0.0005144305291429379
7.46 -0.21405404528586963 0.24681478690480582 -1.3248609355787215 -0.00475482533140547
7.48 -0.06490240702707886 0.27027521008623806 -1.192043280632576 -0.029957951534826773
7.5 0.02953239211361867 0.28193423824247654 -1.0444970455850737 -0.11890163097772045
7.52 0.1612535444102679 0.2896984501284453 -0.7714315802260182 -0.2773265544006852
7.54 0.26615398767223875 0.2637801570595594 -0.5947500642890975 -0.45071588207297325
7.56 0.28877997775764724 0.25490876861201167 -0.5344990566515504 -0.5310789736858005
7.58 0.2994362201529169 0.31466168376943787 -0.4279451676055653 -0.5378120324264998
7.6 0.3322419087501774 0.4403336046620299 -0.20036704760354782 -0.4858406826966473
7.62 0.4033466573711753 0.6143701005853172 0.03816306872215187 -0.4479987965966191
7.64 0.46677662263846864 0.7988307528106544 0.2792709557204888 -0.4388412216680421
7.66 0.5414241463008809 0.975246783223374 0.43425559758587945 -0.4510673623818222
7.68 0.5933418650928592 1.0998376804023906 0.5212889601726937 -0.4368530661725607
7.7 0.6244166012801652 1.1320222900085222 0.5957824670576012 -0.372870197606622
7.72 0.6325104931117136 1.0517962036256352 0.6439473926805664 -0.26362973612401486
7.74 0.5546447670271245 0.8934264227259301 0.5970153142936465 -0.13830348658145245
7.76 0.44217992930571176 0.690412539763684 0.5260066883311779 -0.005021678232648522
7.78 0.32221652346945073 0.4252423951599175 0.4367948296312678 0.10252780962648203
7.8 0.27212058889902324 0.0696217654292177 0.3139641182055291 0.32589516659880496
7.82 0.30518204810748256 -0.16778387613475812 0.1948326981196367 0.6525388171555313
7.84 0.31195348323417443 -0.39518836621103526 0.1311838189283433 0.9570230778451411
7.86 0.30365792656363455 -0.6158088934102113 0.09822980761416257 1.1425970337170597
7.88 0.2973332448899161 -0.8147908791535641 0.0708940795732542 1.2504272919160282
7.9 0.28722700625205505 -0.9858850780254852 0.06122613790805708 1.2912095586089947
7.92 0.27791290185773326 -1.1285891290979697 0.05880092889227049 1.2770913317814467
7.94 0.2694082708032674 -1.24323443868414 0.05953638713933836 1.2156350838945231
7.96 0.2610985611821105 -1.3298046448508354 0.062155043531610395 1.1132096442460309
7.98 0.2531239125909761 -1.3889814793732274 0.06410974462504332 0.9761290426036149
8.0 0.24511371428242107 -1.4214266516531016 0.06463603811682556 0.8100901861852722
8.02 0.23698561130750728 -1.427978123395053 0.06326021676669741 0.6208272918721623
8.04 0.22880170977083827 -1.4097326083627437 0.05984485741524328 0.41407896816074585
8.06 0.2207413674942767 -1.3680491282079914 0.05460042302929942 0.19562257170959418
8.08 0.213121176858641 -1.3104112099357268 0.050553251942676194 0.018869755677377614
8.1 0.2098659531460284 -1.2206196998806815 0.044027448913254136 -0.1641920729292302
8.12 0.20345597944942173 -1.1198950577135132 0.029564773597487885 -0.41657467509088847
8.14 0.1967871253805043 -1.005569691919086 0.02248383519859926 -0.6476116666613165
8.16 0.19552663699753497 -0.8811744299062078 0.011984139635648443 -0.8502930745956676
8.18 0.19624096997123378 -0.7490709842558242 0.006594607588412291 -1.024355438725937
8.2 0.20059983318389712 -0.6123744021884407 0.004730920076432061 -1.1671333307852283
8.22 0.21035573119979628 -0.47582745709709884 0.003160052609855147 -1.2741990923144773
8.24 0.2260968984217974 -0.3430469630790725 0.0005213630005690644 -1.3414861653588697
8.26 0.24680454918348066 -0.21406476970860056 -0.004772840789814863 -1.3248857116801789
8.28 0.27022522012646094 -0.06485909623089502 -0.02993967989207806 -1.1920272797682572
8.3 0.2818670870539851 0.02952030771107437 -0.11892136354028594 -1.0445107405049474
8.32 0.2895907007293815 0.1611852414254396 -0.27734041545150034 -0.7715174650267685
8.34 0.26364679408472363 0.266099184908875 -0.4506565706936537 -0.5949311122454628
8.36 0.25476845718926955 0.28871807582748177 -0.5310257435856817 -0.5346264217229562
8.38 0.31448053442373103 0.2993494799064961 -0.5377447738321242 -0.42807818806918907
8.4 0.4401074826211464 0.33212451844372304 -0.4857526253984518 -0.20051128689555411
8.42 0.6140888788984594 0.40319272259038436 -0.4478578394553181 0.03801591299150085
8.44 0.7984944272479032 0.4665904664067088 -0.4386535035621869 0.27919505829580216
8.46 0.9748303779001654 0.5412015638969305 -0.45079795706612863 0.43419511168054276
8.48 1.0998932473270315 0.5932652890481674 -0.4373283695109486 0.5211190891760364
8.5 1.1338318214519498 0.6242603077853374 -0.3755806537428099 0.5943231110967659
8.52 1.056584992054861 0.6344533280762488 -0.2693495368961496 0.644028129623274
8.54 0.9010967200273511 0.55876854176139 -0.14694001077243998 0.5968922756432924
8.56 0.6993653942366872 0.4481723651734978 -0.010090227246288119 0.528100380155242
8.58 0.4495227356384951 0.32813369931993414 0.09070612657814876 0.4419570964225774
8.6 0.09973250834880919 0.27310114241379196 0.30175877223800673 0.31815527900257085
8.62 -0.1365886092539191 0.303088776039206 0.6228291267344883 0.19947363391207962
8.64 -0.35935490002184634 0.31086658540995177 0.9306590577363738 0.13200961439640874
8.66 -0.5755313593914236 0.3019249744405483 1.1194273679504136 0.09807503404497037
8.68 -0.7705215708278381 0.2949495147062232 1.2310542804763567 0.07018638509252748
8.7 -0.9384443599435979 0.28437951155442187 1.2765433055731257 0.059612775940202097
8.72 -1.0786640793886302 0.27442890045597845 1.2679072726410632 0.05686131558616315
8.74 -1.191630693759972 0.2653860513036378 1.212875437849419 0.05734854301545964
8.76 -1.2773901024070313 0.25656806524940423 1.1177106181907275 0.05987652078301451
8.78 -1.3366637681914006 0.24811162811792697 0.9886276965119403 0.0619025187516437
8.8 -1.3701726908460659 0.23965355342626285 0.8311965518344897 0.06259491347705765
8.82 -1.3787828957601724 0.23108706649095762 0.6509750558411628 0.06147938918635974
8.84 -1.3635975848056148 0.22246089177676182 0.4535088542155611 0.058393884028408144
8.86 -1.325949947026306 0.21393380783993038 0.24435768735065963 0.0535327727509329
8.88 -1.2701539884277173 0.20565655635684307 0.04617364359139258 0.04810939193474789
8.9 -1.193218958926077 0.20055238532048145 -0.09353717926962517 0.04549166440553688
8.92 -1.0944581456615294 0.19607073964719354 -0.3308528360135646 0.030494236962785484
8.94 -0.9874783096620743 0.1880097966925719 -0.5596486203723308 0.023017175915525226
8.96 -0.86985767948164 0.18509155109592093 -0.7594294420741743 0.013974641229833667
8.98 -0.7451648106334651 0.18518028846681328 -0.930895652544753 0.006715196466721852
9.0 -0.6156984547822163 0.1876818247653228 -1.0718199046198806 0.005095846418698727
9.02 -0.48545450132028295 0.19540872697703143 -1.179333139518219 0.0037213269268221035
9.04 -0.35838079398789036 0.20858757807343312 -1.248986643859733 0.002016036341948345
9.06 -0.23371920820299394 0.22773865404954513 -1.2387660874358088 -0.003097038376851788
9.08 -0.09992657014482409 0.24889094536106296 -1.132990149691048 -0.02052124191113887
9.1 0.006523283557996703 0.2569211680916021 -1.027714736229607 -0.0878883271332748
9.12 0.14833614248290225 0.2684534974091866 -0.7181371329189674 -0.22796362034011824
9.14 0.23990565708926737 0.24521951777265202 -0.5531263779260014 -0.4118615101679995
9.16 0.262715175792893 0.22553229828834317 -0.5219632839814063 -0.4972218279773697
9.18 0.2746430365425275 0.27335424913519035 -0.4439426116393922 -0.5092725147174442
9.2 0.3082200928486639 0.380440295905219 -0.252731370870589 -0.4579068250508974
9.22 0.37422596535064045 0.5357858510569014 -0.027984194456057276 -0.4070976000553121
9.24 0.4487764310904064 0.7009005862326357 0.17798122896633514 -0.3848032146936363
9.26 0.5224073407397796 0.8579658133979509 0.3350997949722697 -0.3866244506595067
9.28 0.5850207470709377 0.9598142544559031 0.43137987345779094 -0.3577357101249089
9.3 0.6159079882589258 0.9789432591408891 0.5007839182538307 -0.2845935079156095
9.32 0.5909150537921418 0.9082595964591101 0.5155157931089578 -0.17544836597437832
9.34 0.517759492903449 0.7768276862062485 0.5043434808471468 -0.05477334013185636
9.36 0.4128877742792328 0.6127848282997179 0.46050729001967033 0.03421824521402948
9.38 0.3009503846040807 0.35791783644570285 0.3839309556336199 0.17697633021302434
9.4 0.24328836848187213 0.03541005648888537 0.2992660800585327 0.36113872762686616
9.42 0.2800576810321932 -0.18413743110283431 0.1833398872159867 0.6623435763723963
9.44 0.2876613574334631 -0.4038314592916133 0.11727719842005051 0.9321272581952924
9.46 0.2791523545607589 -0.6109538002105153 0.08876160619122096 1.0934450772109
9.48 0.2744596920619042 -0.7973475586426475 0.06169053908662883 1.1851896481824542
9.5 0.2652132567635215 -0.9565400441591698 0.05324735027394568 1.2146898431571527
9.52 0.2569157858390876 -1.088475677810334 0.05147819262535691 1.1936701277888369
9.54 0.24943208285263985 -1.1937235447341492 0.052454554253574655 1.1287372987674347
9.56 0.24207875246303273 -1.2721712009917883 0.05532751076961524 1.0256216062613481
9.58 0.23510172379676003 -1.324538270735006 0.05745887929102204 0.8902069539309039
9.6 0.22811260661455945 -1.3514547862207555 0.05822452492767922 0.7277701561158598
9.62 0.22105136058531655 -1.353737369150859 0.05718224386431288 0.5437179918152377
9.64 0.21398570603118588 -1.332472801582194 0.054203666719861446 0.34348547472149216
9.66 0.20709045137149584 -1.289003770319357 0.049500311504213405 0.13256519776696923
9.68 0.20114151819725834 -1.2317289093269164 0.04789069778033684 -0.01068214425529476
9.7 0.19930743695058475 -1.140119264827553 0.03794334015216984 -0.21793271844730286
9.72 0.19230828781950177 -1.0426920658598213 0.026906687321191284 -0.4613110572591798
9.74 0.1877733152461107 -0.9310680803969481 0.019902562850203556 -0.6797873197815096
9.76 0.18786649916081338 -0.8104517235158566 0.009977549071105294 -0.8719866825376467
9.78 0.18957105392225893 -0.6825772702619216 0.006106203800923731 -1.0366293893084506
9.8 0.19520990039146377 -0.5508088361500004 0.004678473416475528 -1.1711794983190158
9.82 0.20617558037695422 -0.4197489404788472 0.003087607921269158 -1.2709491033063498
9.84 0.22285433958598522 -0.29273591302903695 0.00031937896989156977 -1.3320420143608427
9.86 0.24399106894393793 -0.1698749582914688 -0.004824498142968345 -1.3117247421904268
9.88 0.26678770972017196 -0.03468712959830231 -0.027123633340308345 -1.1732415447595426
9.9 0.2786042955742798 0.03963484887086719 -0.11278110337094097 -1.0432631575720024
9.92 0.2962221905433639 0.18761125071288492 -0.2626046435646461 -0.7885808376596714
9.94 0.2772072203115877 0.28178867236434024 -0.43625251470541637 -0.568903699793345
9.96 0.27067339406765195 0.29749207906180425 -0.5273746999351215 -0.5114737055506889
9.98 0.3277742678567255 0.30465494405824906 -0.5349925290552949 -0.4096472474921071
10.0 0.4511099374293779 0.33642427466417246 -0.4849822707255678 -0.18637861382671603
10.02 0.6220202361980435 0.4065521968395058 -0.4498152396919916 0.045278064140580436
10.04 0.8043551283715357 0.46971468127160493 -0.44343167299418923 0.29394079181146093
10.06 0.9760747421578548 0.5476126091388509 -0.4554631156927581 0.45001559570066646
10.08 1.093598464726081 0.6139386005595232 -0.44491450417149264 0.5466071311991153
10.1 1.1179587116663574 0.6474054746772886 -0.3833670205308273 0.6105904410142631
10.12 1.0410119049409443 0.6307105594325874 -0.27870366644438543 0.6178124178166625
10.14 0.8946295364405316 0.555754955512045 -0.15478567065219814 0.583216851911019
10.16 0.6959274337818958 0.44550379054980255 -0.009993301520721403 0.5263623726131316
10.18 0.4433721574231274 0.3295143304139958 0.08693863915813155 0.4405965122040753
10.2 0.09381187914772406 0.27944137368159877 0.304746127548677 0.3198701506424765
10.22 -0.13930826258618378 0.31179187339455605 0.6282136991215466 0.20222517512665106
10.24 -0.3618488164219294 0.3183970917206757 0.933349914893667 0.13792589616088247
10.26 -0.577860449600854 0.3092048765264089 1.1207590095600082 0.10409642690758669
10.28 -0.7726770549020116 0.30161843380795456 1.2316580874621408 0.07552562814416235
10.3 -0.9402393790816092 0.29004747120875 1.2767294894712855 0.06429349770712448
10.32 -1.0801021336185834 0.2790977979647133 1.267987584051269 0.0603587523486
10.34 -1.1926961685252726 0.2689409573689933 1.2129304225877338 0.059688123902203856
10.36 -1.2780970760254997 0.2590321851384397 1.1177963850513313 0.06112043862878446
10.38 -1.337058975403654 0.24957528726977912 0.9887633159682904 0.06217142062612357
10.4 -1.3703070629891854 0.24024282086741297 0.8313742264966364 0.06209191083180309
10.42 -1.3787162147846996 0.2309672325713562 0.6511835950738416 0.0604108478801977
10.44 -1.3633893629097387 0.22180794172571616 0.4537322081220904 0.056967940848021606
10.46 -1.3256546852704896 0.21292212402296434 0.24458052730959964 0.0519392640277122
10.48 -1.2698013733241973 0.20445051045262125 0.046247872146350025 0.04649370972248097
10.5 -1.1929003284546562 0.19927823709567744 -0.09319685041363666 0.04402736824523541
10.52 -1.0941485443195926 0.1948563860628057 -0.33070225062956915 0.02919965762544265
10.54 -0.9872143791614536 0.18692020802746181 -0.5595365156906935 0.021988270038435107
10.56 -0.8696507266893734 0.18418853826896345 -0.7593480703299407 0.013213764857429809
10.58 -0.7450174191486737 0.1844054426364507 -0.9308098999117642 0.006469282081596507
10.6 -0.6155732628052296 0.1872269613261381 -1.0718355438629867 0.004930594475033957
10.62 -0.48541290009210436 0.1951976072906617 -1.179331705574156 0.0036214168651506323
10.64 -0.35843308125692713 0.20851204216786295 -1.2490293378500863 0.0020225003125109694
10.66 -0.23366888692994706 0.22773399446403286 -1.2389053969534674 -0.0031759395176255588
10.68 -0.09868719102947435 0.2487265399465396 -1.1316456032822766 -0.02007892920605551
10.7 0.006052692758352375 0.2570744908269516 -1.0260557544955704 -0.08851175547707102
10.72 0.1475680419956567 0.2680480076125155 -0.7215071337877358 -0.2278522250425744
10.74 0.23973120995478214 0.24519487859932415 -0.553686698593723 -0.41088123822204053
10.76 0.2627556922101389 0.22583589120764574 -0.521629267127934 -0.4966101220503396
10.78 0.27468179046057367 0.27349785033358137 -0.44348015692096204 -0.5089690598999919
10.8 0.3081574126215948 0.38040543901716317 -0.2526407230796455 -0.45785232651627406
10.82 0.37407995574419833 0.5355456391168855 -0.028109238878556146 -0.4070072078878882
10.84 0.4485732365245593 0.7005603784074507 0.17777487812684348 -0.3846995347111497
10.86 0.5221364350458877 0.8575252350179583 0.3348666871253913 -0.3864047261154058
10.88 0.5848336225528515 0.9598630040881732 0.4310099209546598 -0.3581965396619416
10.9 0.6162569313612166 0.9806286442842562 0.5001953743836235 -0.2870750408039517
10.92 0.5930488382463122 0.9123985251893767 0.5152496919251267 -0.18055074717075947
10.94 0.521782450673368 0.7839753351671661 0.5039116339779424 -0.0627285591086797
10.96 0.41899741067496465 0.6229164654687818 0.4605903199481441 0.02481673399135211
10.98 0.30796899391453686 0.37895702187125885 0.386454198874692 0.1672183425463394
11.0 0.24281787591208961 0.06244972973871724 0.30570002648029615 0.34431664821604424
11.02 0.2776420520926573 -0.15533913159130447 0.18875576209042064 0.6338213171188649
11.04 0.2872506609692614 -0.3674994449915121 0.11838344332992204 0.9098287597216366
11.06 0.27727825544400964 -0.5701905726490696 0.089940283503157 1.0737276082612324
11.08 0.2721252621070831 -0.7530168798838962 0.06139931495356051 1.169063530523411
11.1 0.26231173305271166 -0.9093746075672077 0.051683765702489115 1.2029334241285332
11.12 0.25326644626082345 -1.0389927654463422 0.049527909884591687 1.187093936016517
11.14 0.2452380039217784 -1.1427073144338624 0.050097145751494904 1.1283396474949394
11.16 0.2373491004798727 -1.2204322639062277 0.05287283905697654 1.0321972215538444
11.18 0.229900211122266 -1.2729520171548507 0.0550867380839517 0.904483685399189
11.2 0.22249041298958205 -1.3009637292443081 0.056046108173286216 0.7503339667900475
11.22 0.2150267428541545 -1.305306443327395 0.05530832541727932 0.574978467364252
11.24 0.2075618765505416 -1.287073990771416 0.052700942717246776 0.3836653263847726
11.26 0.20024219293113465 -1.2475795227167863 0.04841828825489589 0.18167363359923755
11.28 0.19335704732755116 -1.193681495345639 0.045220217441477244 0.017726102306540266
11.3 0.19054919879123944 -1.1112723369706041 0.04028344450364806 -0.14352869001979535
11.32 0.18504214104024463 -1.017783479038605 0.026969424391878282 -0.3783783758318686
11.34 0.17871643585023606 -0.9129647458408364 0.020917528957138623 -0.5944153835731417
11.36 0.1775224577326251 -0.7990887622483284 0.011766891396201249 -0.7832782855027012
11.38 0.17842269070908803 -0.6783529129127178 0.006509041471216417 -0.9453532053597439
11.4 0.1824380872512389 -0.5535312929122779 0.004892664135435921 -1.078213454905411
11.42 0.19118148696788836 -0.4286400089593619 0.0037738644495752516 -1.178456214615818
11.44 0.20533751816920187 -0.3071187553575933 0.001830986707468985 -1.2421779051964494
11.46 0.22516756488852763 -0.1884986007138371 -0.002855725098590691 -1.2287640164504054
11.48 0.24626509593333984 -0.07022094404830055 -0.017845216213420632 -1.1296375179182696
11.5 0.25233556580820277 0.024362639484130966 -0.07752186750147584 -1.0485806138028588
11.52 0.2778688649751551 0.17422709834765018 -0.21761579824822205 -0.6799932926174159
11.54 0.2565580749276877 0.2592827677594425 -0.4027183219048681 -0.5345422444917063
11.56 0.23794646160553964 0.27263963085823417 -0.49484163568254386 -0.5109996852088934
11.58 0.28467709488496185 0.2805032443521372 -0.507315248749936 -0.434106226735777
11.6 0.39057075014352455 0.31332102245649956 -0.4561143605290832 -0.2415380023713993
11.62 0.5440222733933343 0.3786904327983831 -0.40780309793594166 -0.020602393154241488
11.64 0.7070422265194581 0.449579917890007 -0.38808131040895333 0.18596773129570157
11.66 0.8620365746115524 0.5259070143502336 -0.39090077556182434 0.3479644307073786
11.68 0.9599580259531549 0.5906566904962457 -0.3625454673280049 0.44454922741384423
11.7 0.9750464479751461 0.6158312018940179 -0.2915716166736717 0.4953821914935893
11.72 0.9069286890916122 0.5871144915351266 -0.18378094065476971 0.5134141833121241
11.74 0.774941963801208 0.5138635930829535 -0.06038036849656942 0.5033075319399981
11.76 0.6113770328787518 0.4101755803921337 0.0312918682389777 0.460090181609268
11.78 0.3466898820683438 0.3007976363074941 0.1664976363318985 0.38151544529402137
11.8 0.024269456971619655 0.2569907044885531 0.36193740515848327 0.29341281816864684
11.82 -0.19211598595807777 0.2956475593484371 0.6734603760250363 0.1824108760990847
11.84 -0.41155984811497504 0.3000574584774889 0.9356429828509677 0.12555892152293535
11.86 -0.6178365196913522 0.2923139071832858 1.0953958875611038 0.09665912033869196
11.88 -0.8030678121397239 0.2863015406900999 1.1858024673619523 0.0704535076168599
11.9 -0.9610575209342255 0.2756148289867174 1.2147660684351667 0.06158430009085392
11.92 -1.0920527052110218 0.26578696919671885 1.1936474913517339 0.0580551482752053
11.94 -1.1963782124083737 0.25641442817658894 1.1286772949014738 0.05732404522244882
11.96 -1.2740217085311891 0.24720939643143486 1.025654774805358 0.05829780820082846
11.98 -1.3257053894784283 0.23844999675435805 0.8903451614775869 0.058678933771107514
12.0 -1.352051808525256 0.22985385690781693 0.7280027604291296 0.05798614622643991
12.02 -1.3538915055780945 0.22144394352813956 0.544025962976193 0.05580560007220363
12.04 -1.3323019668695824 0.21331703198842564 0.34383795258153377 0.05204922239481981
12.06 -1.2886164892252474 0.20566204160605217 0.13293397512764618 0.04690587342487047
12.08 -1.2312219117254086 0.19924133202361358 -0.010319533656466214 0.04515377650363489
12.1 -1.1395636549970327 0.19719168182046737 -0.21760371237910492 0.0353054093657402
12.12 -1.0421543376604636 0.19018698868485856 -0.461031224621481 0.024547128303828516
12.14 -0.9305895281694245 0.18581418911992195 -0.6795621889994317 0.017933879311975643
12.16 -0.8100601618837243 0.18611197648622096 -0.8717927984132647 0.008711807973139323
12.18 -0.6822378935582077 0.18797122900905008 -1.0364651557475588 0.005929861007261752
12.2 -0.5505457278781138 0.19416668032121043 -1.171169406631854 0.004732352498959905
12.22 -0.4196206392039519 0.20577907339433893 -1.2709490770916603 0.0029644094953827265
12.24 -0.29277020038375146 0.22274111459653806 -1.332096231401061 0.00037654218580954294
12.26 -0.1700788792662421 0.2436207820700562 -1.311954398655928 -0.005132512263139979
12.28 -0.03154141921724163 0.26537165983162386 -1.1696091214918993 -0.026028033372388685
12.3 0.04065910418965725 0.27865813936563427 -1.038150562374951 -0.11587723418751743
12.32 0.18482218037869075 0.2947449393811484 -0.794610352081927 -0.265378238246569
12.34 0.2815799478273088 0.27625874618371166 -0.573587521111815 -0.43351034765486046
12.36 0.2980217125485663 0.2718467993603385 -0.5106715599008567 -0.5250497161312153
12.38 0.305258457882419 0.32906245232980347 -0.40747111490484395 -0.5341729297966407
12.4 0.33672022429958337 0.45196717318347057 -0.18526567155899074 -0.48494709224422444
12.42 0.40676835988750204 0.6223341456807773 0.04526043471743076 -0.45002454107944184
12.44 0.46975242905582243 0.8044242484992862 0.2937760157851198 -0.44359428428910724
12.46 0.5474766337151988 0.9760069870654908 0.4492849740166702 -0.4554237682487578
12.48 0.6136423842101646 1.0937269716214675 0.5459435391285657 -0.44478274176323834
12.5 0.6468846128550151 1.1182938510153861 0.610025541969813 -0.38311601255632055
12.52 0.6308930039400172 1.04134899959793 0.6183591949885114 -0.27843124780507056
12.54 0.5558944629119992 0.8947795394675631 0.583488168342551 -0.15451117332136755
12.56 0.4456271619994375 0.6960199839603366 0.5263730119475456 -0.009941493244261006
12.58 0.32944936244455014 0.4437958653897111 0.4407079975131955 0.08725152633199124
12.6 0.2790379226512053 0.0942080851379507 0.31994441185496236 0.3045923730346929
12.62 0.3113183475401982 -0.13909280658088818 0.20213837321430422 0.6279505477034355
12.64 0.31798340205834363 -0.3616887674788445 0.13763003264671778 0.9332211366381625
12.66 0.3087981856061192 -0.5777171947243889 0.10379714424250627 1.1206934463090747
12.68 0.3012512663986741 -0.7725518448763793 0.07523912869963077 1.2316334716844923
12.7 0.2897314220238369 -0.9401372287128443 0.06404053286533128 1.276724642372422
12.72 0.2788357504885889 -1.0800214623646804 0.06016625074421691 1.2679878634812838
12.74 0.26873944998581006 -1.192637396761188 0.059555610500768005 1.2129315773594387
12.76 0.258889709505581 -1.278058520636241 0.061047382912078244 1.1177950916590225
12.78 0.2494877017527159 -1.3370379170913385 0.062151298525756495 0.9887588526346305
12.8 0.24020344503018237 -1.3703005340408014 0.06211440159902835 0.8313669765632966
12.82 0.2309673067777392 -1.3787208292193593 0.060465039518444084 0.651174230727363
12.84 0.2218380435036388 -1.3634018336644957 0.057042561126202436 0.4537216638087048
12.86 0.21297279544303738 -1.325671992946733 0.05202400082998067 0.2445696763804738
12.88 0.20451297011982392 -1.2698209013696597 0.04657980451158914 0.04623748826227238
12.9 0.19934486871029478 -1.1929199679368163 0.044107920758177134 -0.09320617834165494
12.92 0.19492110562131593 -1.0941667135605193 0.029269769174326082 -0.3307101117266372
12.94 0.18697838811984216 -0.9872299899051556 0.022045095188771246 -0.5595426639625232
12.96 0.1842372099706372 -0.8696631697469543 0.013256041230556088 -0.7593524171573877
12.98 0.18444306373211672 -0.7450265240613768 0.006497170860062771 -0.9308125477271987
13.0 0.1872519847526856 -0.6155793687658789 0.00494231807404369 -1.0718357960832843
13.02 0.19521517846389552 -0.4854144235404136 0.0036245531773509325 -1.1793297037408197
13.04 0.20852542390428502 -0.3584250930616781 0.002017694222077247 -1.2490188623691751
13.06 0.22773988742099974 -0.23366474534109868 -0.0031493243491873403 -1.238879872909615
13.08 0.24878317737702427 -0.09879608148474237 -0.020134067900909765 -1.1317601004861897
13.1 0.2571802854538209 0.006299854800684242 -0.08849343383680003 -1.026355390080911
13.12 0.26816820599739905 0.14779811187966863 -0.2278814977650764 -0.7208047788009532
13.14 0.245234992528982 0.23976824519782583 -0.41098972539692524 -0.5535208492031396
13.16 0.2259001033235964 0.26278399184254375 -0.49674001313350274 -0.5216146713241501
13.18 0.2736090251507592 0.27474345433595204 -0.5090192670619761 -0.4434211949018769
13.2 0.3806004553821898 0.30826882062990946 -0.45793416191318476 -0.25254057024770077
13.22 0.5358000330294681 0.37423103990578066 -0.4071023491589649 -0.02798226318154352
13.24 0.7008888063539623 0.4487816483718291 -0.384859965573514 0.17789146665549357
13.26 0.8579116686950045 0.5223612556867093 -0.386619033056439 0.3348935924207899
13.28 0.9598142992687481 0.5849473346767912 -0.35773489437132994 0.43119172420156465
13.3 0.9789784177249184 0.6158535256851264 -0.2845407014488732 0.5007479511176665
13.32 0.9082824042952854 0.590954205955492 -0.1753810287323275 0.515550812106398
13.34 0.7768415935658115 0.5177914297441742 -0.05471769225682657 0.5043601596595527
13.36 0.612794544151505 0.41291255880268724 0.034246313803960586 0.4605056294233194
13.38 0.358031524343483 0.30093965929766375 0.17707174620575344 0.383955003115325
13.4 0.03547163687462808 0.24315176551127393 0.3611485347263306 0.2993114625057041
13.42 -0.18399362890163776 0.27993865353353664 0.6622285572026712 0.18333600086444526
13.44 -0.4037778333678236 0.28754195211166367 0.9320964561396045 0.11720308852059805
13.46 -0.6109094498655477 0.27903526405792695 1.0934270542909217 0.08868305728658556
13.48 -0.7973106642885067 0.27435548564903656 1.1851834646568329 0.0616092486150803
13.5 -0.9565100308262783 0.26512232814676456 1.2146883836841393 0.053176661960299534
13.52 -1.0884521273891559 0.25684048827559186 1.1936703185658886 0.05142342164277365
13.54 -1.1937064637798782 0.24937388895068785 1.1287376733706111 0.05241640962610669
13.56 -1.2721599087367401 0.24203724778305083 1.0256212292689066 0.055306290705911254
13.58 -1.3245320071586901 0.23507589716318353 0.8902057117384307 0.05745256637456061
13.6 -1.3514526580646276 0.22810053263273009 0.7277681318683737 0.05823037767915243
13.62 -1.3537384038670826 0.22105059539018132 0.5437154050260461 0.057197157161773815
13.64 -1.33247607245181 0.2139935826601361 0.3434825941633148 0.05422443414916822
13.66 -1.2890084251766176 0.20710427921261196 0.1325622678356186 0.04952400599493925
13.68 -1.2317342192614205 0.20115879063162642 -0.010684911669655451 0.047914815604499644
13.7 -1.1401246303692174 0.1993259974284673 -0.2179351543444166 0.03796591352060829
13.72 -1.0426970432928426 0.19232637065898092 -0.4613130547102093 0.02692631755703968
13.74 -0.9310723382736336 0.18778958096641 -0.6797888184276527 0.019918458245865554
13.76 -0.8104550907012851 0.1878800942515624 -0.8719876588458593 0.00998931455243895
13.78 -0.6825796774835006 0.1895815096903014 -1.0366298852374056 0.006113905027813107
13.8 -0.5508103072716422 0.19521710982180646 -1.1711795865353827 0.004682479086330958
13.82 -0.4197495776773579 0.20617972021606198 -1.2709488910214373 0.0030884983207574517
13.84 -0.2927358725991565 0.22285580041607678 -1.3320416182039747 0.00031785391065963965
13.86 -0.1698747546973844 0.24398045124825862 -1.3117258161579628 -0.0047736557541345585
13.88 -0.03479734631569728 0.2668200170312762 -1.1733478365904069 -0.027130478787079054
13.9 0.03961905737009208 0.2786244344430019 -1.0433796794656782 -0.11270197677600859
13.92 0.18766760364818733 0.29628128945878024 -0.7884196349491135 -0.2625632848198479
13.94 0.28177825870082895 0.27724436706132155 -0.5688112310364946 -0.43632850941052753
13.96 0.297486363985078 0.2706580855915104 -0.5114861156795388 -0.5274389372570281
13.98 0.3046432516714372 0.32774660551280005 -0.40969792378138975 -0.5350130987788212
14.0 0.3364198452445429 0.4510927090801697 -0.18640604007016218 -0.4849897185786616
14.02 0.4065491426180271 0.6220112743226561 0.04527017562385096 -0.4498138882830143
14.04 0.46971209191192304 0.8043536571949892 0.29394317595830394 -0.44343377393321987
14.06 0.5476174011782987 0.9760752053594252 0.4500385470885089 -0.45546402134144814
14.08 0.6139483665071944 1.0935944026851265 0.5466271917609025 -0.4449197260458178
14.1 0.6474218065046523 1.1179480808270983 0.6106087170096792 -0.38337506961407525
14.12 0.6307048980496406 1.0410016513855187 0.6177954788097 -0.27871251253757806
14.14 0.5557504034716889 0.8946250263716046 0.5832088537063406 -0.15479454377651364
14.16 0.44549992312054043 0.6959244619447928 0.5263621266725498 -0.009994942244026932
14.18 0.3295154517850208 0.44335989977799883 0.44059354316137145 0.08692768009297107
14.2 0.27945427550601887 0.0937981093466219 0.3198676896170146 0.3047511769004533
14.22 0.31180830788989133 -0.13931594471589695 0.2022264639954132 0.6282228239695553
14.24 0.31841098885205243 -0.3618544350420895 0.1379356906563333 0.93335420027251
14.26 0.3092187134307587 -0.5778654392448478 0.10410653678475618 1.1207612165678769
14.28 0.30163105684467234 -0.7726814591361735 0.07553532763382273 1.2316589289542645
14.3 0.2900583585506751 -0.9402429705659722 0.06430230407636088 1.2767296184666883
14.32 0.2791069190345094 -1.0801049943424506 0.060365519713129825 1.267987552279286
14.34 0.268948036997739 -1.192698278134302 0.05969287914374024 1.2129303566997587
14.36 0.259037258076603 -1.2780984848641228 0.06112317306061799 1.117796403290573
14.38 0.2495784826325314 -1.3370597768584382 0.062172322193442556 0.9887634477072617
14.4 0.24024434979677184 -1.3703073546620106 0.0620913252274802 0.8313744579100946
14.42 0.23096738614707274 -1.378716111454965 0.06040913762956416 0.6511839049388136
14.44 0.2218070361205145 -1.3633889770568834 0.056965488389978086 0.45373256441084614
14.46 0.2129204803006487 -1.3256541208482215 0.05193642371400871 0.24458089963607466
14.48 0.20444842983830136 -1.2698007214296083 0.04649078526180636 0.04624823323825797
14.5 0.19927598322007223 -1.1928996631384314 0.044024602141922706 -0.09319652162868804
14.52 0.19485417155131352 -1.0941479216293937 0.029197225011180893 -0.33070196953068387
14.54 0.18691819664546525 -0.9872138381108725 0.021986276112493486 -0.5595362916836406
14.56 0.18418683734103589 -0.8696502898517048 0.013212259855051978 -0.7593479073840226
14.58 0.18440411030369525 -0.7450170937948158 0.006468266879216098 -0.9308097955217549
14.6 0.18722626625697916 -0.6155727768786586 0.004929826742838584 -1.0718352084231981
14.62 0.1951991007081463 -0.48541074524335265 0.0036196171434346148 -1.179329101402537
14.64 0.2085188939815086 -0.35842667755978036 0.0020173916103004546 -1.2490198899420313
14.66 0.22775056838038565 -0.2336552939919977 -0.003187842722497136 -1.238883180064254
14.68 0.24875644335535596 -0.09866532298513629 -0.020095892637203346 -1.1316067412779278
14.7 0.2571222091299176 0.006077841240023658 -0.08853289352731726 -1.0260275224020572
14.72 0.26812556767081885 0.1476034646465726 -0.22786719221842414 -0.7214402604186272
14.74 0.2453105168797941 0.23978264974191696 -0.4108879795601147 -0.5536073215278645
14.76 0.22599006676435665 0.2628316525698357 -0.49662581014208085 -0.5215103692947226
14.78 0.27369022184471237 0.2747813029017847 -0.5090118785417975 -0.44333724189643875
14.8 0.38063780876829406 0.30828532410450826 -0.45793017612214565 -0.25249946560196523
14.82 0.5358220743539017 0.37424017454602065 -0.40713075431141443 -0.027982854295984013
14.84 0.7008904156755476 0.44878228884614507 -0.3848723590433587 0.17788240301213798
14.86 0.8579136229102875 0.5223667481236631 -0.3866427862038282 0.33489512738026656
14.88 0.9598045026175024 0.5849570902243153 -0.3577450613840885 0.4311990585530372
14.9 0.9789662224862021 0.615860153160682 -0.2845576467023967 0.5007360449699358
14.92 0.9082740035560406 0.5909466280264292 -0.17539347745132836 0.515536655929305
14.94 0.7768375407034834 0.5177859542639117 -0.054727944054644165 0.5043532562654138
14.96 0.612792213291364 0.4129082885205106 0.03424257896028811 0.4605056087708993
14.98 0.3580178219571769 0.30093992040916256 0.17705830999003974 0.3839518508901634
15.0 0.03547634544373153 0.24317908216505033 0.36112324563630843 0.29929695675734613
15.02 -0.18403188316746052 0.27995014783199057 0.662270903157824 0.18334309344639885
15.04 -0.40378689122262384 0.2875610836938614 0.9321013386322435 0.11721419685197157
15.06 -0.6109167284130936 0.27905412627484966 1.0934299475695526 0.08869606610967605
15.08 -0.7973168304200183 0.2743726445784502 1.1851844971508687 0.06162271117949205
15.1 -0.956515117741058 0.26513745008665335 1.2146885720015526 0.05318870725668127
15.12 -1.0884561850678667 0.25685319979997256 1.1936702210335617 0.051432988105434146
15.14 -1.193709482297231 0.24938389266942582 1.1287375402285713 0.05242327858416007
15.16 -1.2721619707287153 0.24204454439525155 1.0256212163875498 0.05531038887715349
15.18 -1.3245332252851156 0.23508061689921855 0.8902058532427733 0.05745415826575914
15.2 -1.3514531679710118 0.2281029528132985 0.7277684191108981 0.058229884079908235
15.22 -1.3537383589094605 0.22105109187686356 0.5437158064677842 0.05719506809783697
15.24 -1.3324756240782938 0.21399257834606428 0.3434830669299045 0.054221266676994444
15.26 -1.2890077155169686 0.20710220943290136 0.1325627699579737 0.04952024408605503
15.28 -1.2317333728653825 0.2011560687840366 -0.01068441925748099 0.04791088183634877
15.3 -1.14012375077973 0.19932298613611427 -0.21793470028609452 0.03796214693437285
15.32 -1.0426962081979418 0.19232337041476455 -0.4613126639552695 0.02692296921683595
15.34 -0.9310716057228565 0.1877868252141798 -0.6797885040355014 0.01991568026264534
15.36 -0.8104544919970106 0.18787773715920253 -0.8719874280022054 0.009987191328091232
15.38 -0.6825792263137999 0.18957964116377732 -1.0366297347237385 0.006112443402515671
15.4 -0.5508100017262612 0.1952157590025257 -1.1711795082850476 0.004681633279323323
15.42 -0.41974940375874953 0.20617886843259023 -1.27094887195734 0.003088184540372198
15.44 -0.29273580878910493 0.22285539321111042 -1.3320416435374534 0.0003179655111074787
15.46 -0.16987476365806228 0.24398064659544627 -1.3117263335314948 -0.004775463804111316
15.48 -0.034793011472945376 0.266818765480295 -1.1733442105044054 -0.027129303831381596
15.5 0.03961910605472148 0.27862413396779545 -1.0433758241840807 -0.11270390773313756
15.52 0.187665152274651 0.2962799239999464 -0.7884260565197408 -0.26256400682785236
15.54 0.28177762949840707 0.277244011608592 -0.568814962858116 -0.4363246923275023
15.56 0.2974869264585563 0.2706597083104728 -0.511484225463592 -0.5274362482403595
15.58 0.30464376366909485 0.32774799845348906 -0.40969536230091785 -0.535012167623653
15.6 0.33642007130375634 0.4510935317562741 -0.18640495768570645 -0.48498978023924794
15.62 0.4065492209700472 0.622011469876157 0.04527024904660876 -0.44981402477605803
15.64 0.4697121380242709 0.8043536367018324 0.29394282053812265 -0.4434339417037183
15.66 0.5476172321423087 0.9760750489032861 0.4500376372419908 -0.4554640427808402
15.68 0.6139480392832448 1.0935944472723897 0.5466263812665395 -0.44491963512895505
15.7 0.647421266040628 1.1179483539055723 0.6106080529642592 -0.3833748307907559
15.72 0.6307050687566282 1.0410019473217909 0.6177959733834626 -0.2787122362328769
15.74 0.5557505388378337 0.894625155805918 0.5832091007004603 -0.15479425871802563
15.76 0.44550004326930887 0.6959245553672885 0.5263621425336015 -0.009994883455407949
15.78 0.32951544372880215 0.44336023076500986 0.44059363923617617 0.08692801750837534
15.8 0.27945390534902437 0.0937985473256992 0.31986777139005396 0.3047510451206356
15.82 0.31180779795860025 -0.1393157003726378 0.2022264649757254 0.6282225352366472
15.84 0.3184105652598887 -0.36185425822184103 0.13793540172016044 0.9333540663175321
15.86 0.30921828907322274 -0.5778652835696927 0.10410622762420603 1.1207611477566433
15.88 0.301630665342012 -0.7726813204814077 0.07553503053907139 1.2316589020851378
15.9 0.29005801979702994 -0.9402428572637718 0.06430202791386773 1.2767296151034424
15.92 0.2791066326087313 -1.080104903443255 0.06036530488006485 1.2679875539758754
15.94 0.2689478125032766 -1.1926982103518253 0.059692725381261864 1.2129303596662317
15.96 0.25903709512087114 -1.2780984389131014 0.06112308122366655 1.1177964037389245
15.98 0.2495783776252436 -1.337059749902369 0.062172287535485024 0.9887634445116471
16.0 0.24024429674270226 -1.3703073438103877 0.06209133741012784 0.8313744514574563
16.02 0.2309673763615401 -1.3787161132188084 0.06040918578848872 0.6511838958148104
16.04 0.2218070600434784 -1.3633889879676864 0.05696556085864683 0.45373255358984865
16.06 0.21292052811189052 -1.325654137674561 0.0519365095276334 0.24458088807376857
16.08 0.20444849222422878 -1.2698007413070702 0.0464908749261903 0.04624822181314331
16.1 0.19927605195083 -1.1928996837174768 0.0440246879717272 -0.09319653223137397
16.12 0.19485423992598597 -1.094147941121144 0.02919730136050299 -0.330701978779794
16.14 0.18691825944549315 -0.9872138552619321 0.021986339466261735 -0.5595362992409612
16.16 0.18418689107472244 -0.8696503039201745 0.013212308426889342 -0.7593479130899137
16.18 0.18440415300967733 -0.7450171045189913 0.006468300426739508 -0.9308097994096007
16.2 0.18722604448732297 -0.615573053368107 0.00493004910772675 -1.0718354936446475
16.22 0.19519704509783659 -0.4854127847182275 0.0036212443628943418 -1.179331696575899
16.24 0.20851179243558132 -0.358433043686587 0.002022622644151997 -1.2490293596266828
16.26 0.22773414445458162 -0.2336687232410383 -0.003176670035014688 -1.2389056431026015
16.28 0.2487260694747708 -0.09868473931625076 -0.02007782634352127 -1.131642891471838
16.3 0.25707462797928377 0.006051548303586292 -0.08851282114480102 -1.0260531530670918
16.32 0.26804748238361 0.14756710026914585 -0.22785178263730171 -0.7215127423439038
16.34 0.2451950992931127 0.2397309125804737 -0.41087937532774066 -0.5536876527568135
16.36 0.2258368184447217 0.2627559406036229 -0.49660899166049205 -0.5216283742030771
16.38 0.27349849867401393 0.2746820555371667 -0.5089685590810169 -0.44347900497512677
16.4 0.38040583176336873 0.30815754331221845 -0.45785238836731834 -0.25264028304950503
16.42 0.5355457034809654 0.37407998310640067 -0.4070072765113421 -0.02810925570732973
16.44 0.7005603618223566 0.4485732509265559 -0.38469967028381974 0.1777746828974556
16.46 0.8575251329204207 0.5221363542370117 -0.3864047621883604 0.3348662743103833
16.48 0.9598629903597689 0.5848334946788788 -0.3581965515928005 0.4310095597602722
16.5 0.9806286996780862 0.6162568247990629 -0.2870749687128829 0.5001952656100456
16.52 0.9123985649419667 0.5930489051730661 -0.18055063220774767 0.5152497534426432
16.54 0.7839753604302555 0.5217825067466734 -0.06272846543206671 0.5039116603653092
16.56 0.6229164842296563 0.4189974553427188 0.02481678502356639 0.46059031931920424
16.58 0.37895719056709 0.3079689904769044 0.1672184975023135 0.3864542357930757
16.6 0.06244995849080023 0.24281768306478616 0.34431659756675226 0.30570011153670223
16.62 -0.15533899780281127 0.2776418141733287 0.6338211931159136 0.18875577746592115
16.64 -0.3674993515499946 0.28725046328277676 0.9098287022747762 0.1183833167576223
16.66 -0.5701904921228091 0.2772780565971126 1.073727577369357 0.08994014933531105
16.68 -0.753016810700594 0.2721250812552347 1.1690635192673704 0.06139917994230876
16.7 -0.9093745519399452 0.26231157606112737 1.2029334224953627 0.05168364085035626
16.72 -1.0389927213211196 0.2532663139836082 1.1870939365732152 0.04952781254106078
16.74 -1.1427072818374644 0.24523790052196925 1.1283396485380652 0.0500970760524983
16.76 -1.2204322418147455 0.2373490255386651 1.0321972213343542 0.052872797962289525
16.78 -1.2729520041005622 0.22990016305267125 0.9044836835692965 0.055086723126399596
16.8 -1.3009637237485188 0.2224903888980845 0.750333963541424 0.056046114661069506
16.82 -1.30530644369336 0.21502673868743416 0.5749784630138274 0.05530834828694541
16.84 -1.2870739953661015 0.20756188785419094 0.3836653213987766 0.052700976533580884
16.86 -1.2475795300351895 0.20024221513551893 0.18167362841066445 0.04841832795467457
16.88 -1.1936815040732685 0.19335707611521089 0.01772609730364531 0.0452202586461744
16.9 -1.1112723460287612 0.19054923037507954 -0.14352869454586314 0.04028348370588212
16.92 -1.0177834876101968 0.18504217232739495 -0.3783783796544795 0.0269694590194123
16.94 -0.9129647533260058 0.17871646442788297 -0.594415386576508 0.020917557484564076
16.96 -0.799088768306072 0.17752248202025395 -0.7832782876269203 0.011766913017639847
16.98 -0.6783529174043369 0.17842270980597616 -0.94535320665265 0.0065090561480254635
17.0 -0.5535315606272906 0.18243784819727982 -1.0782137509050849 0.004892875646847342
17.02 -0.428642016390272 0.19117942039917904 -1.1784588908197113 0.003775490632168623
17.04 -0.3071250412365727 0.20533041063340618 -1.2421875852583824 0.001836230578596412
17.06 -0.18851190583040536 0.22515112770567813 -1.2287868564674103 -0.0028444652452899928
17.08 -0.07024019472702912 0.24623500421668962 -1.1296724257660642 -0.01782709452742845
17.1 0.02433247856737876 0.25228779509319316 -1.0486026629467444 -0.07750057425611924
17.12 0.17419398684832038 0.2777910884386435 -0.6800716700943332 -0.21759800589952605
17.14 0.25923196730309694 0.2564450284199538 -0.5346298840151569 -0.4027105225504335
17.16 0.2725620768721456 0.23779349399564187 -0.5111156083647649 -0.4948250748374559
17.18 0.2804035320790702 0.2844854187488582 -0.43424510061149924 -0.507270281095986
17.2 0.3131932158294871 0.39033863600096347 -0.24167885408040934 -0.4560356092751413
17.22 0.37852827505387265 0.5437449157851243 -0.020730393942234412 -0.40768050812021556
17.24 0.44937331863537894 0.7067125099128171 0.1858607797369319 -0.3879063761386136
17.26 0.5256544578404098 0.8616470935738525 0.34788618187100495 -0.39065891261585256
17.28 0.5905413015674171 0.9600362432790054 0.4444226124440435 -0.36299972617652027
17.3 0.6164798667320087 0.9766783012424795 0.49519481319350106 -0.29406595993796986
17.32 0.5891907169281191 0.9109504315217545 0.5129251606776151 -0.18892440178298073
17.34 0.5178624323275609 0.7820753302690449 0.5027863415640497 -0.06845246325564916
17.36 0.41621627218859764 0.6214534744067666 0.46025030610635964 0.02194756396334114
17.38 0.3075338850881375 0.36816932785197315 0.3843416424034762 0.15677771199101528
17.4 0.25553550064165415 0.04707078289993208 0.29943677424958415 0.3470892374063409
17.42 0.2937178444522679 -0.16407967531978218 0.18689459676378545 0.6424522402992794
17.44 0.30022168796882387 -0.3742658545540734 0.12671415328547922 0.9135437646381394
17.46 0.2905985125051679 -0.5760847024903202 0.09865747701439784 1.0757789508455164
17.48 0.28427157695081917 -0.7580746982463425 0.07039431232916261 1.169812973409273
17.5 0.27289481411373157 -0.9134358432472149 0.06018784759147957 1.2030464168513206
17.52 0.26225396367758325 -1.0422377429420526 0.05621153950379057 1.1870779998697858
17.54 0.25230227942858996 -1.1451328956611708 0.05497178244151134 1.128284556995044
17.56 0.24251256004678307 -1.2221143424779324 0.055826056740750134 1.032226693756626
17.58 0.23325403540331652 -1.2739943256100645 0.05626268677446717 0.9046209138587809
17.6 0.22421659115133255 -1.3014671474807995 0.05575131200968811 0.7505669677395947
17.62 0.2153912667733648 -1.305388406082917 0.05387392615623818 0.5752879387154443
17.64 0.2068595974290712 -1.2868472987136528 0.05049126914353577 0.38402024903879306
17.66 0.1987792980214294 -1.2471487204988347 0.0457757361294297 0.18204489800580972
17.68 0.19142076029336863 -1.1931231373991593 0.042439490461443435 0.01791084625929005
17.7 0.1884093168177713 -1.1107080981224022 0.03762919642552984 -0.14299995964622192
17.72 0.18290541558406165 -1.0172264447439514 0.024578534552800915 -0.37809993742275033
17.74 0.17674009053229894 -0.912470502613743 0.01894101552328673 -0.5941961470612154
17.76 0.17582863187185802 -0.798684207312876 0.010244830852623066 -0.7831142686077839
17.78 0.17683625848243992 -0.6780531334514249 0.0061941819923537625 -0.9451435426546406
17.8 0.18137704228385204 -0.5532103862507828 0.0048596593309650354 -1.078252595974417
17.82 0.19076782526845598 -0.428547024198163 0.0035671399606247178 -1.1784037748841751
17.84 0.20511461538782969 -0.3071250564718776 0.002058887846469913 -1.2422507393656788
17.86 0.22512995556524365 -0.1882735115042423 -0.0031701061428799503 -1.228734730020232
17.88 0.24591883562165365 -0.06684156000170963 -0.017577599333983025 -1.12174645008792
17.9 0.252487367549481 0.02183540179601719 -0.08044186936851352 -1.0443753765763537
17.92 0.2764165437439193 0.17308677587128185 -0.21826131454589764 -0.6929450698854166
17.94 0.2563943581293595 0.2589937377196434 -0.3995843174394656 -0.5364153096778361
17.96 0.23924209346425127 0.2732039182699903 -0.4933915357926182 -0.5097236894985088
17.98 0.2856109420456688 0.2809003868563501 -0.5064463469417914 -0.4323346165116518
18.0 0.39124155214049944 0.31356733399981906 -0.45627810250314144 -0.24085486027099698
18.02 0.5441669482661011 0.3787563034110983 -0.407769444589249 -0.020437457291815262
18.04 0.7071177757928859 0.4496466574618492 -0.3883441256717886 0.1857709378121771
18.06 0.8619190638186971 0.525921725659309 -0.3908862552539375 0.3477169811902446
18.08 0.9599072844885497 0.5905998688223868 -0.3626370182735854 0.44412820425466526
18.1 0.9749967847338745 0.6158770434739507 -0.2914878947322937 0.49528768339150575
18.12 0.9069046603410963 0.587178858642501 -0.18369633863679286 0.5133088172909707
18.14 0.7749330193974976 0.5139237689148157 -0.060277785199366836 0.5032591751556942
18.16 0.6113939563040275 0.41023411426536127 0.03136041673403189 0.46007455112412027
18.18 0.3469698036572234 0.3007686985874325 0.16672815460047402 0.3815886434840137
18.2 0.02444994245016059 0.2566822781976484 0.3619334523077012 0.29353083935796287
18.22 -0.19179781961347753 0.29537226948977574 0.6732414164282203 0.1824087533467437
18.24 -0.41143089901941576 0.2997828239296889 0.9355718429901995 0.12539919690408652
18.26 -0.6177312955543625 0.2920480801742815 1.0953551176822625 0.09648187688380887
18.28 -0.8029809288693148 0.2860646772694147 1.185787996113388 0.07026987408515872
18.3 -0.9609869028406081 0.27540815241252803 1.2147622525783601 0.06142500961884221
18.32 -1.091997529879096 0.26561624665110434 1.193647660611134 0.05793107437853382
18.34 -1.196338155995616 0.25628253511445925 1.1286778720714765 0.05723781031829914
18.36 -1.273995131962487 0.2471155119771611 1.0256537307610682 0.05824989402371975
18.38 -1.325690498969201 0.23839176535515205 0.8903421915573391 0.05866481009548194
18.4 -1.3520464949739905 0.2298268622530888 0.7279980207113064 0.057999668147141505
18.42 -1.3538935212631733 0.22144263220185023 0.5440199439644814 0.055839693534124796
18.44 -1.3323091672216156 0.2133353278569513 0.3438312518720763 0.052096621480144246
18.46 -1.2886269068535434 0.2056938272521364 0.13292714955108245 0.04695992801330979
18.48 -1.2312338657559565 0.1992809102538429 -0.010325993625586309 0.04520879276166165
18.5 -1.1395757665451527 0.1972341488511674 -0.21760942808058292 0.0353569159719621
18.52 -1.0421655880694598 0.1902283365150283 -0.4610359387019139 0.024591941951790736
18.54 -0.9305991633924369 0.18585138045360852 -0.6795657637518634 0.01797019164289186
18.56 -0.8100677949482796 0.18614307770649716 -0.8717951823082148 0.008738722448938925
18.58 -0.6822436540358424 0.18799458986776896 -1.0364649368118082 0.005944480337796972
18.6 -0.5505495803698243 0.19418162359224145 -1.1711715752794258 0.004744900088932832
18.62 -0.4196198904395106 0.2057888543397541 -1.2709475994533195 0.002969486462136212
18.64 -0.29277213226689713 0.22274527371103292 -1.332096131427256 0.0003703866009415552
18.66 -0.17007368869066147 0.2436105647328853 -1.3119460864608905 -0.0050400730618602296
18.68 -0.03147975867652729 0.26548656391832504 -1.1698596462988171 -0.02603960845881737
18.7 0.04098198996870558 0.27874189260923615 -1.03811464960328 -0.11578559336614011
18.72 0.18494494394505576 0.2947139887344408 -0.7940285856608628 -0.2653507602268852
18.74 0.28150144574224284 0.27618363398887036 -0.5735506125677001 -0.43381895762528283
18.76 0.2979430713712235 0.27168418597601 -0.5108385725421714 -0.5251806552879011
18.78 0.3052152335390277 0.3289498685440146 -0.4076219583487037 -0.5342016526166037
18.8 0.3366979595242395 0.4519016391421472 -0.18531505467950346 -0.48491370660240457
18.82 0.40676218746094556 0.622314887598827 0.04526500674923709 -0.4499938665478775
18.84 0.46975297733150806 0.8044176671734456 0.2937954396498607 -0.4435547048620887
18.86 0.547463097943042 0.9760119480518387 0.4492636324626192 -0.45539470254160436
18.88 0.6136176155802866 1.0937467214664973 0.5459247089464173 -0.4447542597889814
18.9 0.6468453611570517 1.1183273258563746 0.6100032351121434 -0.38308572574674493
18.92 0.6309069773565372 1.041379274038273 0.6184123325620138 -0.2784068376957501
18.94 0.5559052685181595 0.8947922320879136 0.5835135353991496 -0.15448746112646383
18.96 0.4456363615242904 0.6960275590587895 0.5263742440472191 -0.009938109755393061
18.98 0.3294442429372608 0.44382789983602977 0.4407152954106924 0.08727840095738802
19.0 0.2790049820069944 0.09423951013882735 0.319948508291527 0.3045786334861964
19.02 0.3112785379855346 -0.13907547154834887 0.20213185564684932 0.6279288429822502
19.04 0.3179492145467578 -0.36167590533593874 0.13760511209675477 0.9332108280341957
19.06 0.3087644348440771 -0.5777056172335273 0.10377215741462548 1.1206881713615866
19.08 0.3012207512604774 -0.7725416333977839 0.07521541065078263 1.2316314913553807
19.1 0.2897052226269202 -0.9401288972654323 0.06401947996029761 1.276724295583223
19.12 0.27881400746689666 -1.0800148645366594 0.06015029252715814 1.2679878944923413
19.14 0.268722743660704 -1.192632585474789 0.0595446348101409 1.212931670230115
19.16 0.25887790726508847 -1.2780553678076698 0.0610413404517615 1.1177949744229707
19.18 0.24948045299230537 -1.3370361980293055 0.062149657003461777 0.9887584687750818
19.2 0.24020019724244915 -1.3703000077419758 0.06211629152246163 0.8313663646980074
19.22 0.23096732947795598 -1.3787212170047614 0.06046955468594104 0.6511734482421195
19.24 0.22184055357920074 -1.3634028649991412 0.057048763320170864 0.4537207898184194
19.26 0.21297700718613868 -1.3256734197175717 0.05203103240146557 0.24456878346983857
19.28 0.20451815424397374 -1.2698225084217918 0.04658693877867339 0.04623663955116171
19.3 0.19935039341074925 -1.1929215819643546 0.04411458592128865 -0.09320693442430888
19.32 0.194926466446208 -1.0941682041354093 0.02927555988311186 -0.33071074241762416
19.34 0.18698320095676974 -0.9872312668409212 0.022049778304550505 -0.5595431505905412
19.36 0.18424122888368924 -0.8696641821542979 0.013259514115222755 -0.7593527530699103
19.38 0.18444616100549946 -0.7450272574168254 0.006499448802744212 -0.93081274260622
19.4 0.18725413399773963 -0.6155798330204668 0.004943511324321376 -1.0718358695521903
19.42 0.195216435337565 -0.4854146493439182 0.0036248313686549705 -1.1793296821843318
19.44 0.2085259032057424 -0.3584251247231282 0.0020172603699369126 -1.2490187755508502
19.46 0.22773876413313685 -0.2336658708401268 -0.0031437611663098553 -1.2388800503291
19.48 0.24877706113790127 -0.09880058168318931 -0.02010746339333444 -1.1317929780814466
19.5 0.2571891902988366 0.0062937100392356 -0.08850875689172569 -1.0263660150303486
19.52 0.2681787106947819 0.14780130444480735 -0.2278845996264882 -0.7207673376831609
19.54 0.2452364846589889 0.23977039091220576 -0.4109986975929349 -0.5535081495693794
19.56 0.2258962428249274 0.2627834613992608 -0.49674780215410846 -0.5216172627803117
19.58 0.2736048593503582 0.27474162545679065 -0.5090226207026984 -0.44342853646393815
19.6 0.38059800996393295 0.3082679727821816 -0.45793465380339654 -0.2525439666849281
19.62 0.5357990647425419 0.37423065955808205 -0.4071022006815525 -0.02798307098248433
19.64 0.7008887048976696 0.44878141515520814 -0.3848595140344401 0.177892213503984
19.66 0.8579120055987788 0.5223618035124461 -0.38661900490532775 0.334896193778273
19.68 0.9598141297671657 0.5849482481043637 -0.357734926495358 0.4311940133955236
19.7 0.9789778248734287 0.6158541766063609 -0.28454139043604565 0.5007483714335185
19.72 0.9082820484499307 0.5909536471356366 -0.17538186665936034 0.5155503597462703
19.74 0.7768413765952852 0.5177909702993471 -0.054718421756872165 0.5043599500080549
19.76 0.6127944016115034 0.412912209944953 0.03424597518777441 0.4605056950680517
19.78 0.3580302285628618 0.3009396797878376 0.17707054274149958 0.3839547190584305
19.8 0.035469828457573904 0.24315326634160567 0.36114894303307843 0.29931083997661045
19.82 -0.1839947024398572 0.27994055835966125 0.662229549982312 0.1833358506076039
19.84 -0.40377858525788 0.28754352462718186 0.932096907845562 0.11720410019188554
19.86 -0.6109100963239851 0.2790368506867023 1.0934272965662881 0.08868413657056241
19.88 -0.7973112215398339 0.2743569346184888 1.185183552794503 0.061610330024979405
19.9 -0.9565104786631982 0.2651235866013518 1.2146883942440225 0.053177668364119295
19.92 -1.088452483187197 0.25684155148171806 1.1936703124788788 0.051424207646814456
19.94 -1.1937067272152808 0.2493747219511021 1.1287376634956805 0.05241697464514121
19.96 -1.2721600877396309 0.2420378532422052 1.025621229622143 0.055306626806191216
19.98 -1.3245321135501098 0.23507628742018516 0.8902057252448407 0.05745269233994598
20.0 -1.3514527035714585 0.22810073033043718 0.7277681570181623 0.0582303309333316
