0.0 0.0 0.0 0.0 0.0
0.02 -0.004893387564386819 -0.00489338756438682 0.010546927139075839 0.010546927139075839
0.04 -0.7884295142514213 -0.7884295142514213 1.74105244796036 1.74105244796036
0.06 -1.3525075382864236 -1.3525075382864236 2.801404176150212 2.801404176150213
0.08 -1.7382716494691075 -1.7382716494691075 3.4294065946943966 3.429406594694397
0.1 -2.0439249941776727 -2.0439249941776727 3.721330419837006 3.721330419837007
0.12 -2.2845506700995757 -2.2845506700995757 3.808869282424735 3.808869282424737
0.14 -2.4885515700154754 -2.4885515700154754 3.7761897550665977 3.776189755066599
0.16 -2.6448649790981644 -2.6448649790981635 3.6888569375606988 3.6888569375607023
0.18 -2.7717969823486843 -2.7717969823486843 3.555603321236018 3.555603321236021
0.2 -2.860244378726087 -2.8602443787260863 3.4626402123757667 3.46264021237577
0.22 -2.913534982225175 -2.913534982225174 3.3261660621854556 3.3261660621854565
0.24 -2.9506613392792906 -2.9506613392792884 3.2579345977634535 3.2579345977634513
0.26 -2.947192893849258 -2.947192893849258 3.136434547121023 3.1364345471210164
0.28 -2.952614859824483 -2.9526148598244846 3.08300164759531 3.083001647595304
0.3 -2.917000269439338 -2.9170002694393404 2.969656422624979 2.9696564226249724
0.32 -2.9067202565714787 -2.906720256571482 2.914116100372514 2.914116100372514
0.34 -2.8578132120847157 -2.8578132120847193 2.8033281999227375 2.8033281999227375
0.36 -2.8404989120318924 -2.8404989120318938 2.7358797485068442 2.7358797485068442
0.38 -2.788496288296768 -2.788496288296768 2.6276533322340367 2.6276533322340367
0.4 -2.7665166333437385 -2.7665166333437385 2.546942681035358 2.546942681035358
0.42 -2.7153797555130357 -2.7153797555130357 2.4429804400590105 2.4429804400590083
0.44 -2.6884902905108157 -2.68849029051082 2.3515627484754473 2.3515627484754447
0.46 -2.63898077314742 -2.6389807731474253 2.2524684762491463 2.2524684762491463
0.48 -2.606682170896313 -2.606682170896317 2.1536598321437284 2.1536598321437284
0.5 -2.5583128113786655 -2.558312811378669 2.0584403308143306 2.0584403308143306
0.52 -2.5206479043879835 -2.520647904387987 1.9550178701524006 1.9550178701524006
0.54 -2.4725757613835797 -2.472575761383583 1.8617914036931247 1.8617914036931245
0.56 -2.4300501165280797 -2.430050116528086 1.7557219365906043 1.7557219365906034
0.58 -2.3813964181446656 -2.3813964181446727 1.662547190899686 1.6625471908996932
0.6 -2.3346566621445315 -2.3346566621445386 1.5550628697553939 1.555062869755398
0.62 -2.284613041891049 -2.2846130418910557 1.4604175388921217 1.4604175388921217
0.64 -2.23419797770656 -2.2341979777065673 1.3521472041257057 1.352147204125703
0.66 -2.182069013431905 -2.182069013431916 1.255039652767916 1.2550396527679113
0.68 -2.128301796724603 -2.1283017967246165 1.146135239244402 1.1461352392444006
0.7 -2.0735169796197894 -2.073516979619803 1.0460023437903545 1.0460023437903545
0.72 -2.016498451691964 -2.0164984516919784 0.936262329905594 0.936262329905594
0.74 -1.958596205834147 -1.9585962058341602 0.8327998601619079 0.8327998601619097
0.76 -1.898242807076135 -1.8982428070761457 0.7217851548735384 0.7217851548735373
0.78 -1.8368333881431393 -1.8368333881431536 0.6147935792633078 0.6147935792633037
0.8 -1.772921177904085 -1.7729211779041016 0.5019213715880003 0.5019213715880029
0.82 -1.7076406943677247 -1.7076406943677385 0.3911945185588005 0.3911945185588006
0.84 -1.6398376100000889 -1.639837610000107 0.2757987911128456 0.2757987911128388
0.86 -1.5703034431435072 -1.5703034431435288 0.1610524363101276 0.16105243631012084
0.88 -1.4981847924908067 -1.498184792490835 0.04240910234334222 0.04240910234334211
0.9 -1.4239567147109427 -1.4239567147109704 -0.07676419365647841 -0.07676419365648526
0.92 -1.3470044164147068 -1.347004416414735 -0.19944273652050806 -0.199442736520515
0.94 -1.2675501894540289 -1.2675501894540593 -0.32360715168637766 -0.32360715168637844
0.96 -1.1851373888521146 -1.1851373888521457 -0.4512017820727121 -0.4512017820727121
0.98 -1.099798212440868 -1.0997982124409018 -0.581112783129538 -0.5811127831295413
1.0 -1.0111423127168522 -1.0111423127168908 -0.7146469265363612 -0.7146469265363659
1.02 -0.9190591643802464 -0.9190591643802847 -0.8511017699602813 -0.8511017699602884
1.04 -0.8368854663947719 -0.8368854663948094 -0.9599385436046937 -0.9599385436046937
1.06 -0.7740686244362539 -0.7740686244362917 -1.0191441657837674 -1.019144165783768
1.08 -0.72425012637275 -0.7242501263727849 -1.0476010018286643 -1.0476010018286643
1.1 -0.6845032940917265 -0.6845032940917597 -1.0588692344359376 -1.0588692344359376
1.12 -0.6532008654261467 -0.6532008654261776 -1.062108997176623 -1.062108997176623
1.14 -0.6285536679484002 -0.6285536679484328 -1.0641397323000714 -1.0641397323000774
1.16 -0.6105828688207157 -0.6105828688207532 -1.066407223841743 -1.0664072238417406
1.18 -0.5979626114834877 -0.5979626114835184 -1.0680940271696797 -1.0680940271696728
1.2 -0.5887144380451672 -0.5887144380451914 -1.0705789640395214 -1.0705789640395191
1.22 -0.5824781969175882 -0.5824781969176093 -1.072317231354258 -1.072317231354258
1.24 -0.5761212884574786 -0.5761212884574993 -1.0759731329061588 -1.075973132906161
1.26 -0.5687441039378173 -0.5691263308685625 -1.080619222779705 -1.0801261960478115
1.28 -0.5606385095632226 -0.6327994224333495 -1.0855181391859383 -0.9973286028150067
1.3 -0.546414381679882 -0.8231513274265088 -1.0989707550667398 -0.7698804192921639
1.32 -0.5081952988785925 -1.1141070068859649 -1.1475255662250679 -0.4415412408252283
1.34 -0.43645600439937043 -1.4878128694390131 -1.2493844438132948 -0.0478906115778122
1.36 -0.32760173787249974 -1.9259214563717109 -1.4060138300662386 0.3895890868383043
1.38 -0.1909828197577044 -2.364168193294303 -1.6074715679139329 0.8889763914979586
1.4 -0.08365107609649837 -2.7072616391892455 -1.8201986438017994 1.4279234806107144
1.42 -0.04914102089720191 -2.9779311432924866 -2.021571965964301 1.833629940621354
1.44 -0.04796667682242497 -3.199476180912981 -2.2240988619850244 2.095911033162244
1.46 -0.06801958803635502 -3.395261434865722 -2.4144494402640815 2.2432769649768787
1.48 -0.11036190106445058 -3.5564954502005164 -2.559998346136538 2.288447090713783
1.5 -0.15897569697019395 -3.676439565074627 -2.666224260266471 2.2511727137314326
1.52 -0.20392422312616873 -3.754138635027934 -2.7427489614325022 2.143188885359974
1.54 -0.24090755947605783 -3.7870120686777353 -2.7926566693736623 1.97358883518003
1.56 -0.26701611625966853 -3.77418713040103 -2.821864402421365 1.7511716782637605
1.58 -0.28107993152652017 -3.7153755196987266 -2.8365790690851314 1.48390101174007
1.6 -0.2830875098175557 -3.61117905778 -2.843358693407188 1.179899345366482
1.62 -0.27386181880463323 -3.4634397266044554 -2.8491695563180017 0.8475047861685812
1.64 -0.25678558040820293 -3.2740731904565883 -2.8549470873086364 0.4924728888873512
1.66 -0.2366686599609344 -3.0409493203876625 -2.861239323549993 0.0608064228280311
1.68 -0.21466358225192728 -2.7797443318118225 -2.8680437819361124 -0.40889978479926276
1.7 -0.18447441934961478 -2.4907111697220956 -2.8753128632118536 -0.8314926202819228
1.72 -0.1483863710703178 -2.1799668096433695 -2.8839919318558533 -1.2098506623874303
1.74 -0.10645269141593791 -1.850643833382378 -2.894424664425697 -1.5500396685240103
1.76 -0.05859500951473798 -1.5123475469590297 -2.9071989980348345 -1.847183823850092
1.78 -0.004245772521443932 -1.1738526706630161 -2.923057475347789 -2.0976464254282026
1.8 0.05997875703928128 -0.8370129632655637 -2.942327130764426 -2.2963702838091624
1.82 0.1403826715866814 -0.4919738876103019 -2.9675787656796295 -2.4411561114634437
1.84 0.23881210486568785 -0.1349218960077344 -2.998677617861714 -2.509331338466839
1.86 0.3488231420777553 0.19451935176171506 -3.034526972210356 -2.4974546927621493
1.88 0.47556633899567835 0.47396733991061807 -3.084295441029413 -2.399601688107793
1.9 0.6242209932951407 0.7031792856179538 -3.1414414764543483 -2.2318255549316013
1.92 0.8060885211448438 0.8652806704607637 -3.186756490803913 -2.071143474955824
1.94 1.0347384105572348 0.9591498947593586 -3.0994760620711093 -2.062260419607389
1.96 1.343002911659226 1.1133107543809668 -2.7657402899139027 -1.9061968649843701
1.98 1.7900552917176689 1.3216956355549534 -2.420430337433709 -1.4510881505950977
2.0 2.3160891890591007 1.5413961908288363 -2.200776724714395 -0.8406669200834774
2.02 2.85762086167186 1.7477461828931913 -2.1263658445101528 -0.16073241144391517
2.04 3.357467417906779 1.9553838396411671 -2.1836501377468776 0.39275021482931327
2.06 3.756386085169099 2.164169429934449 -2.3344341792506653 0.6702543844994585
2.08 3.8870805345334656 2.3195545022927058 -2.418849895863591 0.7000409841507499
2.1 3.6320838148961934 2.407596315499767 -2.258874740649398 0.5402817590585447
2.12 3.0501542040293264 2.4527469955030945 -1.8680162496580872 0.23908567918615595
2.14 2.214028853976023 2.4880280199543496 -1.258253655987028 -0.14220522927386092
2.16 1.2569317913721125 2.5406512946314552 -0.43725928661974195 -0.5434658463099943
2.18 0.34635626445284423 2.559095278087681 0.5659737531248109 -0.89368327440513
2.2 -0.5237558204349305 2.4829181088910466 1.5538008908621002 -1.187247657943205
2.22 -1.4051370077515546 2.3164150386465443 2.302482096124651 -1.4649344309384265
2.24 -2.2349735859957995 2.099914485271887 2.832038000031143 -1.7182279928780115
2.26 -2.986458362552102 1.8600552438144156 3.1894670384485244 -1.9403602527246246
2.28 -3.6488381450622684 1.6157225932867134 3.400108985495595 -2.1311388758710437
2.3 -4.218099586832246 1.3797358030144622 3.481450568058963 -2.2925587907422904
2.32 -4.693191903389547 1.1597471886239865 3.447336046334107 -2.4260424794265343
2.34 -5.074621110336858 0.9603108315974478 3.3103908335272036 -2.533994547736293
2.36 -5.363525253248571 0.7835437047604917 3.0827478470242733 -2.6192237480594596
2.38 -5.561283540311889 0.6298917519842223 2.776526676120836 -2.6848126370456087
2.4 -5.669531349430571 0.49871841520324495 2.404060420526058 -2.7340521702698712
2.42 -5.690337715695514 0.38870715322237087 1.9779568657600262 -2.770193915603901
2.44 -5.626507912599213 0.29838965901095826 1.5110660410458785 -2.79674263981999
2.46 -5.481938360788888 0.2261709628024854 1.0164877596876123 -2.816954933210245
2.48 -5.259719026447023 0.17042468761608787 0.4941635278293491 -2.8338499273123237
2.5 -4.9659090019697905 0.1272325592717255 -0.111340343196608 -2.8521552697403703
2.52 -4.6183974699175305 0.0961490875854647 -0.7017025143794916 -2.866054125794241
2.54 -4.220176496349912 0.08228375904648295 -1.228580651371453 -2.879080506136222
2.56 -3.7826662434725056 0.08451021684655657 -1.6936564947542883 -2.8956255896894305
2.58 -3.3165054496426047 0.10104959249565408 -2.0956365111128448 -2.9139330690235097
2.6 -2.8362066234816994 0.13260768355189553 -2.426737302128383 -2.9371056291078825
2.62 -2.3545834492292474 0.17987714604708413 -2.6791727386528645 -2.96568072857044
2.64 -1.884219328736963 0.24500619981299113 -2.8430154520999587 -3.000995597977497
2.66 -1.4375142444337918 0.33053765636287075 -2.9215990801068275 -3.044728512354756
2.68 -1.027463629314638 0.44261806477285953 -2.90488900025187 -3.0912083523799567
2.7 -0.6796259526872465 0.5976622292484486 -2.9050663646437687 -3.1335564062300123
2.72 -0.3960481420906413 0.8074553032364931 -2.9429639852398606 -3.088724358754632
2.74 -0.23312195942366304 1.1132977141890128 -3.074115339709635 -2.8432719094717407
2.76 -0.07851017507286075 1.5906633563111083 -2.909148900257687 -2.461099782151596
2.78 0.12042514070062939 2.2011362958272453 -2.394133690884184 -2.088599761998608
2.8 0.3499019887088311 2.87320209610354 -1.670080918254879 -1.8406685840842487
2.82 0.5896472935901445 3.533503214332741 -0.8824403270646459 -1.770467807745486
2.84 0.8154524913347049 4.121503364550592 -0.2151968842379322 -1.8624509737393138
2.86 1.0225438836694167 4.579580598701204 0.13794670172688422 -2.0681001214344614
2.88 1.1610307258538117 4.745338625747388 0.2282884610667443 -2.2113767124750634
2.9 1.219088079388878 4.504015774278403 0.10990474681166441 -2.12591058852003
2.92 1.22410963466819 3.9147066317468555 -0.1587274582560401 -1.8064052098914523
2.94 1.2203320941023024 3.056171207197717 -0.524253292350112 -1.2673471166764367
2.96 1.2506068606347442 2.002017893457418 -0.9287941831295363 -0.5094914965005004
2.98 1.342500006640446 0.8583370867974108 -1.3077638550560353 0.39998803131123034
3.0 1.4720320346057902 -0.20348111735339816 -1.6226477744758947 1.3847789363716316
3.02 1.5356489125380124 -1.193013957061582 -1.837334839767238 2.226982352560917
3.04 1.5191672276045887 -2.1354190931118944 -1.964290491572448 2.8063391684066126
3.06 1.4688382776939948 -2.987625151931577 -2.0604729790474763 3.181881217857738
3.08 1.3914303012903735 -3.7342619274862994 -2.131200091831705 3.393086062669428
3.1 1.295914502611274 -4.37033551322916 -2.188877870832177 3.4659081320224385
3.12 1.189122598318688 -4.89649840016904 -2.2458775950910845 3.419428405283144
3.14 1.0738811629530667 -5.313901155878828 -2.304573724741868 3.2678984505781568
3.16 0.953792848144281 -5.624956254329844 -2.367080782466438 3.0248207638125924
3.18 0.8319024569465943 -5.83255103438066 -2.4330782701712095 2.7027630218296053
3.2 0.7112200151053031 -5.939851739816719 -2.500916489273304 2.314176373797756
3.22 0.5948355932730316 -5.950586184438973 -2.5686601937458198 1.8717272774574116
3.24 0.48569919274461143 -5.86919070613421 -2.6341792418127192 1.3883328785820235
3.26 0.3866007097326123 -5.701106112325209 -2.695585795467796 0.8772222358763115
3.28 0.300234636773809 -5.448612281592594 -2.7532783895032895 0.31965776355242176
3.3 0.22535445768404702 -5.126340311165693 -2.8086647836011407 -0.3188351598280357
3.32 0.1662781731377697 -4.7465352380513055 -2.849380031854833 -0.9106564858503525
3.34 0.12978332648386884 -4.315147025825873 -2.884287558089219 -1.441623443446663
3.36 0.11395906665387356 -3.844131670872589 -2.91228901575318 -1.9136746952670918
3.38 0.12058535545644754 -3.346547742515169 -2.9386736292054936 -2.3218374019636085
3.4 0.15005159177683314 -2.837218932863512 -2.96773027806198 -2.6575225140165974
3.42 0.20247182001126307 -2.330357002791053 -3.0023518318757256 -2.9104170002790313
3.44 0.27829062624842965 -1.8390424372228313 -3.043856231807839 -3.0691838632759203
3.46 0.37963512196435345 -1.3766789151650571 -3.094288448855478 -3.152721604785566
3.48 0.5130189240430216 -0.9627099090168083 -3.141707407039318 -3.166361840468972
3.5 0.7054722576501352 -0.6143812606658898 -3.154238841708514 -3.175844423304438
3.52 0.9644673334004616 -0.33791833810947886 -3.0549918279629713 -3.1972963745970553
3.54 1.3366090825210872 -0.1668745982695117 -2.785961097234819 -3.1876710543790385
3.56 1.8718241577551789 -0.02047968928112712 -2.4226490752129015 -2.9103148258972293
3.58 2.533328184856872 0.15715590885998443 -2.07843310031644 -2.30944568474305
3.6 3.258897390838888 0.3663048726615908 -1.878313241669671 -1.5032671067390506
3.62 3.971362946876578 0.5837653312544079 -1.8657617320099757 -0.6254806072090217
3.64 4.610245607140851 0.8072928387900202 -2.022572245661373 0.09318204662698182
3.66 5.109017578232083 1.0214580353047489 -2.3034307243807635 0.46233840406938903
3.68 5.290302916440424 1.1789248913779005 -2.5163455123635745 0.5490278795493135
3.7 5.027048754692435 1.2622442922440953 -2.467565392543234 0.40804449206123067
3.72 4.390415740482245 1.2716551738369488 -2.1539004957768997 0.07764580452564136
3.74 3.471730283827947 1.2695817217749252 -1.585324958449491 -0.3457419294279013
3.76 2.3572452745149084 1.305218877698391 -0.7846876918498218 -0.7953108039234248
3.78 1.1484511923441492 1.408948736405588 0.1897746331714677 -1.2194773642101875
3.8 0.01180564064133037 1.5509993767106764 1.27167712983836 -1.559301949187465
3.82 -1.0312515222383303 1.629123010724676 2.2114596498970105 -1.7777352105027548
3.84 -2.0391246805364487 1.6230708809003016 2.871043848175018 -1.9093064144022662
3.86 -2.956575865181274 1.578833336726694 3.301393730142591 -2.0059173061285005
3.88 -3.7634764474477613 1.5057024657271296 3.551768867541109 -2.0764853234549046
3.9 -4.453465558284446 1.4120208235672949 3.6513776148943653 -2.1334492646358743
3.92 -5.026790379651505 1.3048294719191715 3.6219289832695933 -2.1904085617994364
3.94 -5.484826167886755 1.187018933008672 3.4795006512158535 -2.2505930405183214
3.96 -5.8302618490857085 1.0622096576988853 3.2389088782994166 -2.3162043828577494
3.98 -6.066338914951565 0.9336839870113589 2.913821737890137 -2.386953817929448
4.0 -6.196532707971531 0.8047325340935748 2.5175534836403415 -2.460914558686418
4.02 -6.224809431439582 0.6788154183597888 2.0635250586440104 -2.5357594618416726
4.04 -6.155791979972894 0.5592980527882591 1.56534016712556 -2.6089206822942335
4.06 -5.995075629755095 0.4493933345410744 1.0368775003184252 -2.678063212700152
4.08 -5.746968177085125 0.3522382957414381 0.4762845142559841 -2.742237376643774
4.1 -5.420277958960019 0.2680396784115221 -0.17176082431388115 -2.8042810802024176
4.12 -5.033942840323601 0.1986504078838417 -0.7956030397477367 -2.8525655449256253
4.14 -4.59208882318555 0.1522519259810277 -1.355279779139174 -2.8917932068831003
4.16 -4.107428354115809 0.12828333600610242 -1.8522377351095336 -2.9236121250704707
4.18 -3.593100846710075 0.12772010669585313 -2.282807133690128 -2.951494778738558
4.2 -3.064511968730427 0.15160996738702207 -2.6385958015085214 -2.9810453236194494
4.22 -2.536774175843947 0.2000478882215466 -2.9093336830291894 -3.015980175303613
4.24 -2.0237511494376683 0.27305611551666104 -3.0834768179588368 -3.0576182102053178
4.26 -1.5390857516903844 0.3721921888158535 -3.1764889010502086 -3.10794683095336
4.28 -1.104695609268449 0.5023172321794488 -3.2007297365452887 -3.152736606686432
4.3 -0.7532106038947823 0.6896464165649308 -3.2261358714731143 -3.161907263207659
4.32 -0.47381897185835015 0.9507978253064954 -3.2828241242523415 -3.0549054714185053
4.34 -0.2968978890260409 1.3341114623545396 -3.3003301522203152 -2.767007794076183
4.36 -0.14403266800554657 1.8887983792420777 -3.0187335528351475 -2.3891777748023104
4.38 0.035917755362831996 2.570618619837825 -2.407160640064154 -2.0393840897493085
4.4 0.24747177562681924 3.313093454586301 -1.587139313708673 -1.8360671254572076
4.42 0.4694820705422311 4.038610515718087 -0.6983246362673077 -1.8239956919649754
4.44 0.6950006863897967 4.6865162232053645 0.033645160771554404 -1.9853831042732093
4.46 0.9145281905220144 5.18984376339779 0.41851541266993436 -2.272186291637937
4.48 1.0904942738937082 5.373068602302717 0.5369739835678781 -2.493754151943891
4.5 1.2003084778095754 5.10734589165439 0.42356266963797506 -2.4599606692665588
4.52 1.2209756218343195 4.467058141116184 0.08431179503674677 -2.1658627952125733
4.54 1.208572149166952 3.5583173946461018 -0.3620079376767621 -1.6195070030105554
4.56 1.2335597770766944 2.466112420315182 -0.8216956991743309 -0.8419046535050984
4.58 1.3276478403035419 1.278711145567994 -1.2517173401795103 0.11630650447199231
4.6 1.4685780297615814 0.14908672874261988 -1.5971193289676011 1.1854155122900756
4.62 1.5560507598142892 -0.8784972868256758 -1.8185262581373807 2.136679399564178
4.64 1.5598470149089076 -1.8692817935258044 -1.9481377164483944 2.8080485474726418
4.66 1.524034928040967 -2.7711247587242838 -2.037442286359207 3.2476994007991067
4.68 1.4596449467446448 -3.5649221908224074 -2.1008960815943074 3.5079314070373666
4.7 1.3739373815094962 -4.244251187471323 -2.1503917521804294 3.6186853750352763
4.72 1.2738760667030233 -4.809420896378335 -2.200290889173731 3.6023860163300254
4.74 1.1622377184518622 -5.262060681352704 -2.254475970071047 3.47536603162223
4.76 1.042423803704043 -5.605062273497632 -2.315153392280424 3.2523443462520487
4.78 0.9176939520836318 -5.841945400993876 -2.382150496022938 2.946803649790214
4.8 0.7913280436157278 -5.976450003335798 -2.453470469507743 2.57171786419598
4.82 0.666824941623451 -6.01274476390049 -2.5266413730481294 2.140080545762644
4.84 0.5476196990503648 -5.955559247897124 -2.598928709176466 1.6650007350141527
4.86 0.4369966155082873 -5.8104510399844 -2.667804546215147 1.1598083774850574
4.88 0.33805407850807556 -5.583331999072466 -2.7314499603756444 0.6341289149379948
4.9 0.2525764770305545 -5.27755286801233 -2.7924141581704065 0.03505313291912903
4.92 0.17981110706031425 -4.91511300612091 -2.8441776926276474 -0.5824502629621945
4.94 0.12741533378366188 -4.500212648973918 -2.8831047630884563 -1.135310756338829
4.96 0.09780971420436874 -4.043766801976934 -2.9157091913300883 -1.6232199850294327
4.98 0.0899201018591361 -3.5578215884678155 -2.9418348696159216 -2.04568836146495
5.0 0.10554462956618466 -3.0563840045228305 -2.968037997891313 -2.39633397322158
5.02 0.14474174957392225 -2.5536944875600103 -2.9982452696252846 -2.6664555306057203
5.04 0.20745792225427145 -2.063018754895329 -3.034612803121082 -2.845931217777588
5.06 0.2941416279812604 -1.5963290985284657 -3.0779174261467714 -2.9456173197148683
5.08 0.40942669162768963 -1.1707161405716962 -3.118342828043617 -2.9696004269620113
5.1 0.5740967001869708 -0.8295221506724717 -3.137010839565335 -3.0070654282718667
5.12 0.8030029976067449 -0.553435116513376 -3.057384890469497 -3.0849932413174703
5.14 1.1402278164893724 -0.3693977669179791 -2.7956854246425475 -3.169258821080441
5.16 1.637434611735209 -0.20601633348719617 -2.4173958637486477 -2.982306620813313
5.18 2.2605116142594635 -0.008897500913283571 -2.050455925318497 -2.470588850202603
5.2 2.9422067979112256 0.22068839852054484 -1.8036710575800818 -1.7465620675438958
5.22 3.61150554842049 0.4633024068708419 -1.7338452910752202 -0.9526515357819073
5.24 4.206989073534266 0.6914981150398307 -1.8290617322557747 -0.27756528368200145
5.26 4.670990287675056 0.8993479571158207 -2.0394206040597247 0.08530352526253049
5.28 4.839312734531917 1.0430570958227185 -2.188738373831288 0.18983193556924394
5.3 4.5957768978324545 1.108470059229059 -2.1107516277133547 0.08345885376014184
5.32 4.003448346543117 1.108515386933956 -1.8014126143997244 -0.18881360361109512
5.34 3.1434704535494635 1.099688229609134 -1.2726700191234097 -0.5565618775081647
5.36 2.087317034243087 1.1253002483151056 -0.5203156656946224 -0.9609794565627408
5.38 0.937741013438164 1.2147279158133018 0.38104386595257467 -1.3415839333347668
5.4 -0.1452750178043051 1.353357853155597 1.3558565747288747 -1.6623537235986994
5.42 -1.1443728715945383 1.4399148186060422 2.2092875057762993 -1.8828993173252
5.44 -2.098048190854863 1.4422686684638222 2.7976470811064917 -2.0034743705133446
5.46 -2.9602122546578995 1.4098975682742612 3.1766859511926198 -2.08809429070748
5.48 -3.7155346849232904 1.3500742220247515 3.389533984125888 -2.147419988936141
5.5 -4.358541435530413 1.2699694341980245 3.4626452550041575 -2.1929755666132347
5.52 -4.890195594495114 1.1766164261140322 3.416136642544822 -2.2397038521760297
5.54 -5.311804306800325 1.0723641701897466 3.2644838324739816 -2.290527860813954
5.56 -5.625867207542667 0.9606416501603481 3.0213426707154953 -2.347678632204658
5.58 -5.835453508835785 0.8445860195306555 2.6993766358819484 -2.4108856115314548
5.6 -5.943885058058761 0.7273726806640722 2.3110250338986003 -2.47814721268695
5.62 -5.955059611617564 0.6124079159930017 1.8689355178621008 -2.5471077874484482
5.64 -5.873584101402595 0.5030248751868832 1.385987044709276 -2.6151564449830356
5.66 -5.705055553959898 0.40242654315537635 0.8753665850845924 -2.6799167309265135
5.68 -5.451894241938483 0.31371939794515236 0.31828833459579003 -2.7413477787181715
5.7 -5.128850351236077 0.23603557673456013 -0.3197222442668288 -2.8004810013911214
5.72 -4.748261411391026 0.17401496219099832 -0.9111282967206141 -2.8446654554874113
5.74 -4.313779140266482 0.1342073809884502 -1.4400183100233324 -2.8826234882485475
5.76 -3.842255438248441 0.1155562979158128 -1.9120828399392866 -2.9126352017155615
5.78 -3.3447828342252137 0.1199003673639068 -2.320640314392973 -2.9399876694930502
5.8 -2.8354986804733158 0.14790788603970273 -2.6565962533940204 -2.96955580183052
5.82 -2.3287403936893294 0.19966109934635262 -2.909719303022934 -3.0046634365401172
5.84 -1.8376958311083162 0.27520885754639485 -3.0686157324095125 -3.0462895604793734
5.86 -1.3752456392544545 0.3765156023894148 -3.1484822993972563 -3.0968843826969885
5.88 -0.9598773396483948 0.5088975766775792 -3.1558834741200132 -3.1432883272824887
5.9 -0.6105665275480187 0.7003002510979153 -3.1649157009897335 -3.1588255267427026
5.92 -0.3326555219309789 0.9579120439530662 -3.1865769290983685 -3.0639840213952207
5.94 -0.16312321536413354 1.3275697609576924 -3.1856585274598035 -2.7940779845921075
5.96 -0.01701994241910376 1.8628217783995327 -2.9126275675426707 -2.4264753055495025
5.98 0.16172570522581967 2.526149510569341 -2.308975324322516 -2.079927964310272
6.0 0.37144095217442685 3.253170558641774 -1.500504161358953 -1.8791331734133028
6.02 0.5894127354503942 3.966439845264702 -0.6223479019954715 -1.8667259414393917
6.04 0.812989915389753 4.605529336371923 0.096354232965319 -2.0238282838339043
6.06 1.0271602479249755 5.104295503096284 0.4650597994485426 -2.3047129672135664
6.08 1.1841633312011342 5.285676177005261 0.5507343138669751 -2.517302231773056
6.1 1.2666237217557887 5.022918206350891 0.40857612081203776 -2.4681931167834215
6.12 1.2758782076314317 4.387016956045253 0.07862926176063327 -2.154009174452368
6.14 1.274113545557683 3.4687460964620542 -0.34405433395084534 -1.584916958941203
6.16 1.3099887551037097 2.3545189162882125 -0.7933791290291821 -0.7840882530970924
6.18 1.4137754458263077 1.1460230785157828 -1.2174901843676096 0.19069873174489504
6.2 1.555361313358014 0.010209580577519856 -1.5572350956889114 1.2728770735260795
6.22 1.6326345755503433 -1.0324000800360738 -1.7758241481428911 2.212177881797916
6.24 1.6257949654084922 -2.0399585171095116 -1.9078637638294638 2.8714562267480592
6.26 1.5808210869363237 -2.9571502117820576 -2.0050615810798083 3.301656382295773
6.28 1.506997342909241 -3.7638209757256003 -2.076146931009104 3.5519523670631292
6.3 1.4127272472910664 -4.453623252966763 -2.1335841712618655 3.6515342036151552
6.32 1.305047159842688 -5.02680070183738 -2.190906833202719 3.622074885367516
6.34 1.1868588775598372 -5.484726915583907 -2.251334474258517 3.4796405896440574
6.36 1.0617853654846625 -5.83009095953236 -2.3170814293420796 3.239042313726796
6.38 0.9330981251214352 -6.0661285421860445 -2.3878648358019334 2.913943849023547
6.4 0.8040761618658236 -6.196309806378578 -2.4617793488905875 2.51766030541568
6.42 0.6781626751961227 -6.224594924650145 -2.536519330670265 2.063613509957941
6.44 0.5587045876842521 -6.155600413375835 -2.609538094566942 1.5654086442055226
6.46 0.4488966344968587 -5.994915927772927 -2.6785209757215416 1.0369260527147106
6.48 0.3518566983180253 -5.746859063423576 -2.742529720813752 0.47638843036533585
6.5 0.2677882001060566 -5.4201775187915295 -2.8044332641069554 -0.17175308323535687
6.52 0.19851198657874458 -5.033886487141678 -2.8525932569637003 -0.7956264501566652
6.54 0.15221503614118218 -4.5920595898204 -2.891716735445316 -1.3553050741562798
6.56 0.1283300144503067 -4.107421882566182 -2.923468534626015 -1.8522623795061497
6.58 0.1278403012637309 -3.5931093911857896 -2.951350808051803 -2.2828361446388157
6.6 0.1517785211065091 -3.064533544068163 -2.980928593736568 -2.638616000771699
6.62 0.20026917911055908 -2.5367869203358255 -3.015956384598602 -2.9093460728642015
6.64 0.27331119455839015 -2.0237423076806107 -3.057693048572325 -3.0834721469638873
6.66 0.372487024827217 -1.539100702288475 -3.1081490026152063 -3.1766212143118753
6.68 0.5026116631152788 -1.1048359596626234 -3.152772943788023 -3.20107607427625
6.7 0.6900267016681617 -0.7536806228288927 -3.1616110536405113 -3.2266869386425947
6.72 0.9516248779671873 -0.4740181501842283 -3.0542858375754123 -3.283364142340779
6.74 1.3353091910174482 -0.2968415541373273 -2.766428077767713 -3.2997972826413173
6.76 1.8900815604692371 -0.14381735025918993 -2.389100536341933 -3.0177748240093636
6.78 2.5717724331940315 0.03606493700860669 -2.0397161068543714 -2.406610610829107
6.8 3.31418620512278 0.24762677790059562 -1.8366485327717812 -1.5869260268764973
6.82 4.039767305079602 0.46972315093450207 -1.8247302094614115 -0.6982511296525473
6.84 4.687874857305593 0.6953883232102825 -1.9862835083520785 0.03374464537603027
6.86 5.191451240508404 0.9151419095379167 -2.2732664430663303 0.41875012174289444
6.88 5.37104337560705 1.0915415843526124 -2.493077958614477 0.5374553962941966
6.9 5.094354910325795 1.2020125885861759 -2.4536797008630074 0.423444423477477
6.92 4.43729225828008 1.2241516711201401 -2.1508604542239964 0.08314414901794842
6.94 3.5066999687923985 1.2165069710912102 -1.5933123428185565 -0.3632136975489669
6.96 2.386255488454357 1.2487038557082846 -0.796970002032804 -0.822102502805735
6.98 1.1739116441978366 1.3517242672531842 0.17556926140473908 -1.2471549594827784
7.0 0.02854778230610306 1.4986005906096846 1.2559710700747448 -1.5870990470947013
7.02 -1.0189218798594488 1.5860054798560952 2.20173114206676 -1.8028199694169413
7.04 -2.029683154968181 1.5894767259234057 2.8657831650673744 -1.92909037244969
7.06 -2.949650594831023 1.5539186342309381 3.298218514020358 -2.018384652891089
7.08 -3.758963631129974 1.489048322949929 3.549581603357644 -2.0822718498341777
7.1 -4.451084577814309 1.4026184235314472 3.649520612645926 -2.1332977283210655
7.12 -5.026152945240926 1.3015105647737488 3.620137729676647 -2.185454177155401
7.14 -5.485533417535681 1.1885370071910923 3.4777221009370205 -2.242234019019725
7.16 -5.8319042867059645 1.0672632107883662 3.2371610087458538 -2.3057624732058577
7.18 -6.068541734482401 0.9410459395956089 2.9121653797420315 -2.375648704253703
7.2 -6.19897526858493 0.8133021169682748 2.5160510489214185 -2.4497671904940863
7.22 -6.227233786085017 0.6876648140060508 2.0622262611277 -2.52554966726866
7.24 -6.158008438662196 0.5677002581350058 1.5642772897067243 -2.6001849184391688
7.26 -5.996959523577902 0.4568268316051958 1.0360633595846709 -2.6711045660100763
7.28 -5.748460018985764 0.3583763218737112 0.4757298461965755 -2.737153593865869
7.3 -5.421343261699236 0.2727377981340809 -0.1721061873263617 -2.801009500040844
7.32 -5.034612056281003 0.20189999811626422 -0.7957548224582053 -2.850918388694723
7.34 -4.5924083120185 0.15415690927835457 -1.3552741789330582 -2.891499103484662
7.36 -4.1074618454384515 0.12902950929392643 -1.8521124063099148 -2.9243679228355237
7.38 -3.5929237921008728 0.12745710283454573 -2.2825830764809556 -2.952790352985915
7.4 -3.0641719810993697 0.15064712264716776 -2.6383219679988468 -2.982624646661204
7.42 -2.536298961666849 0.1987512164324145 -2.9090720392175116 -3.0178007930917747
7.44 -2.023268988380955 0.27170279178046847 -3.083212233531097 -3.0597279809426596
7.46 -1.5385484689623297 0.37099644534423043 -3.1752807409478025 -3.1105375444320935
7.48 -1.1038647017609662 0.5009545729172034 -3.198438796441555 -3.1551939707751897
7.5 -0.7523800920342112 0.6880164673803157 -3.22409035468207 -3.1644280548849895
7.52 -0.47285625235533213 0.9491816898672408 -3.2814996594437478 -3.057532543393052
7.54 -0.29639283358181756 1.3325837661805842 -3.3006099577919614 -2.7686265647631956
7.56 -0.1433851813535378 1.8879285254060805 -3.0188950573310938 -2.3898274733409104
7.58 0.03686434925406935 2.5703932560536624 -2.4064473833357956 -2.039683512703278
7.6 0.2486074360445162 3.3133289241152153 -1.5859908918760794 -1.8364941974220559
7.62 0.4707659803546397 4.0391176470348285 -0.6971310626417665 -1.8246652952017461
7.64 0.6964458361404069 4.687256386388057 0.03476190301026346 -1.986322513228295
7.66 0.9161238662623983 5.190800399483567 0.4194667152645266 -2.2733860970900452
7.68 1.0923349221989183 5.370383307298405 0.5377352438609762 -2.4932053707539343
7.7 1.2025049190501615 5.093808710616819 0.4233430692630628 -2.453776256590625
7.72 1.224492511732134 4.436937382444735 0.08307277054003598 -2.1508790167149634
7.74 1.216897555345537 3.506461773352086 -0.3630694105296981 -1.5932400815810885
7.76 1.2491227137078225 2.386073092251385 -0.8218685977315748 -0.7968631282856302
7.78 1.352144028034356 1.1737767180120424 -1.2469164801904682 0.1756945891895949
7.8 1.4989648035976701 0.028473723933535363 -1.5868651002196072 1.2560896045955483
7.82 1.5862993257195612 -1.018974769180285 -1.8026315686506198 2.2018014395332544
7.84 1.5897004457958355 -2.0297226802376427 -1.9289606237878225 2.8658215749245217
7.86 1.5540763108696902 -2.949676292391951 -2.0183131068123172 3.29824104696327
7.88 1.489146447303675 -3.7589758614088424 -2.082252167109809 3.5495972602224537
7.9 1.4026653714940562 -4.451084927838321 -2.133320315624009 3.6495336956012094
7.92 1.3015160138019122 -5.026143807875554 -2.1855081900365128 3.6201499779239388
7.94 1.1885110501300067 -5.485517492843331 -2.242308403755991 3.4777338903667294
7.96 1.0672157018304225 -5.831884240687118 -2.3058470230532233 3.2371721265525584
7.98 0.9409859016093469 -6.068519961667309 -2.3757347076070388 2.9121754325065634
8.0 0.8132373106507251 -6.198953741106005 -2.4498477855222065 2.516059675449175
8.02 0.6876014829274504 -6.227213991331236 -2.5256199807917197 2.0622332276218303
8.04 0.5676430262771849 -6.15799137607714 -2.6002419984205862 1.5642825115954486
8.06 0.45677873985165973 -5.9969457452016215 -2.671147176322231 1.0360668889632627
8.08 0.3583389701744793 -5.748449696556428 -2.737181917351686 0.4757318440018941
8.1 0.27271156163026783 -5.4213362662302 -2.8010247970614532 -0.17210547904765555
8.12 0.20188429375668038 -5.0346080349707085 -2.8509226544043313 -0.7957551125230053
8.14 0.15415044528577385 -4.592406761575942 -2.891494718067756 -1.35527515971649
8.16 0.12903055514288242 -4.107462179335986 -2.9243573861591017 -1.8521137679812008
8.18 0.12746371545394602 -3.592925414272093 -2.952776070025949 -2.2825845427041904
8.2 0.15065553284732158 -3.0641755229765106 -2.9826087123652787 -2.6383243835794508
8.22 0.19874906057308997 -2.536310145595968 -3.0177847427432316 -2.9090820006309133
8.24 0.2716690777272847 -2.0232967368101726 -3.0597130017098833 -3.08324268477018
8.26 0.370903574037502 -1.5386053046500274 -3.1105150829664514 -3.175390176021478
8.28 0.5007832470606162 -1.103980410200286 -3.155147177730172 -3.1986757304813405
8.3 0.6877648307085434 -0.7525504223791567 -3.164323798711688 -3.2244290608298667
8.32 0.9488482682547464 -0.473091806004133 -3.057358771835615 -3.2819284978415952
8.34 1.3321645563283122 -0.29666566714338116 -2.7684108597795434 -3.3010473658380106
8.36 1.8873826723853266 -0.14371081398583302 -2.3895664006979036 -3.019381704754859
8.38 2.5696948251611875 0.036463851171354984 -2.0393295029726812 -2.4070089561742067
8.4 3.312464994522545 0.24811567694569794 -1.8360049895073463 -1.5865927108981728
8.42 4.038071891461506 0.4701588790622865 -1.82400329358913 -0.6977356313160709
8.44 4.686007466263801 0.6956895184595568 -1.9854425744875943 0.03419454509045915
8.46 5.189346080774571 0.9151784762200533 -2.272254350471434 0.4189069368473634
8.48 5.372627769248476 1.0910366426170284 -2.4938088590798686 0.5371774481528082
8.5 5.1070512568501565 1.2006630047026483 -2.4599928882815454 0.42362986679854836
8.52 4.466957590410119 1.2212403524476596 -2.1658374866626278 0.0844946693077841
8.54 3.5583374663219547 1.2088667135363997 -1.6194343474019122 -0.36160347256499004
8.56 2.4661598892970575 1.2338616825448596 -0.8417978821685677 -0.8212143547252465
8.58 1.2788097706931982 1.3279211102629966 0.11632841846626324 -1.2512544142135338
8.6 0.14929291111324242 1.468781366858141 1.1850049625345682 -1.5968500486433461
8.62 -0.8783758748024826 1.5561150197444755 2.1363752749552822 -1.8184718226170975
8.64 -1.8691578560435216 1.5598202523977198 2.8078969813253356 -1.9482299137154486
8.66 -2.7709997926764176 1.5239380079698248 3.247642916554014 -2.037651155986396
8.68 -3.5647978163013905 1.4594832187559226 3.5079147335946885 -2.101141530186305
8.7 -4.244135704916749 1.3737468746290875 3.6186899020153334 -2.1506567422607628
8.72 -4.809318102234496 1.2736779408038195 3.602396785237171 -2.2005422486993984
8.74 -5.261971977858772 1.1620518790604606 3.4753753705734063 -2.254686660995844
8.76 -5.604990261970586 1.0422686640423064 3.252349561747628 -2.3153128649422343
8.78 -5.841890465064004 0.9175799999911027 2.946802683947601 -2.382249936586311
8.8 -5.976411630599051 0.7912615471334642 2.571710778302698 -2.4535093191003257
8.82 -6.012721628243451 0.6668071039985864 2.14006820843782 -2.52662454789405
8.84 -5.955549087263655 0.5476473177325835 1.6649844834242828 -2.598864490366607
8.86 -5.810451191694226 0.43706337967079967 1.1597899094485042 -2.667704072672278
8.88 -5.583328008466638 0.338152000140416 0.6340355106605621 -2.7313290937657384
8.9 -5.277585536118972 0.2526881534388321 0.03501396268636158 -2.792275599940486
8.92 -4.915123079128607 0.1799463821036875 -0.5824218082340221 -2.844035104429478
8.94 -4.500224890025674 0.12755117534915167 -1.1352969509232225 -2.882976878258789
8.96 -4.043775617092514 0.09793443567468497 -1.6232148145701404 -2.915592493599006
8.98 -3.5578276866913923 0.09003066143370157 -2.04568343849758 -2.941741435568847
9.0 -3.056380398266682 0.10570221942314965 -2.396342558449143 -2.9681359316699396
9.02 -2.5536973568469152 0.14492448875166025 -2.6664727455209323 -2.9985794971465634
9.04 -2.0630428514273618 0.20773479439033668 -2.845954890439241 -3.0354757276428845
9.06 -1.5963991310501313 0.2942163235669375 -2.945856394207013 -3.0786970692915023
9.08 -1.1709165667813517 0.40933129048899014 -2.9702244412044347 -3.118838610096458
9.1 -0.829759610725952 0.5740267003654196 -3.00793448384439 -3.136797722112994
9.12 -0.553553231720134 0.8033054661100273 -3.08594883897739 -3.0567421086915356
9.14 -0.36926151185749495 1.1408511463469848 -3.168989502048818 -2.794985610269995
9.16 -0.20578576113693592 1.6380275076869573 -2.981648331911915 -2.4171437442342496
9.18 -0.008826935251789368 2.2608142420937702 -2.4703708330172174 -2.0504972144479137
9.2 0.22065772162116168 2.9422787542413413 -1.746740521800446 -1.8038656179855588
9.22 0.4632154644987319 3.611430163866137 -0.952994029750117 -1.7340183603663426
9.24 0.6914053245898515 4.206897422228399 -0.2778932353752149 -1.8291936757605245
9.26 0.8992749485856193 4.670924895094308 0.08508059526448292 -2.0394622211647495
9.28 1.043002909076919 4.839322032163299 0.1897402702465089 -2.1887341667720825
9.3 1.1084297974509576 4.595863773925587 0.0835095449727615 -2.1107185247118396
9.32 1.1084918805761783 4.003607085338828 -0.18863190607077093 -1.8013760011171736
9.34 1.0996610177918655 3.143669123106835 -0.556305045664898 -1.2726507905863285
9.36 1.125269486142058 2.0875289282557388 -0.960701444740378 -0.5203121315129848
9.38 1.2146744085221832 0.9379454494612715 -1.341325946618653 0.38100846786464226
9.4 1.3532535182470156 -0.14511647313252152 -1.6621911379701704 1.355830861328762
9.42 1.4397785507772825 -1.1442800758821854 -1.8828893551883419 2.209217552323032
9.44 1.4421340451468854 -2.097948838453724 -2.0035668286591304 2.7976391649797203
9.46 1.4097521253053202 -2.960119807335975 -2.0882385842038955 3.1767003014342583
9.48 1.3499204897619412 -3.715448953276949 -2.147568373768678 3.389551407682103
9.5 1.2698270287798767 -4.358467874484506 -2.1931239074433866 3.4626632930908894
9.52 1.1764911903250166 -4.890133853212429 -2.239829389589979 3.416150251585774
9.54 1.0722642875794233 -5.311753455178079 -2.2906171909285957 3.2644922620045578
9.56 0.9605744770410509 -5.625828061910791 -2.347730005017991 3.021346554795432
9.58 0.8445536285042204 -5.835425192326736 -2.4108962384339296 2.6993758205764835
9.6 0.7273755202415111 -5.943866656260618 -2.47812011272959 2.311020395471209
9.62 0.6124435925448264 -5.955049924241762 -2.547048528985268 1.8689278862345078
9.64 0.503088779946223 -5.873581447842477 -2.6150719074617736 1.3859773078444735
9.66 0.40251271463657756 -5.705058168034793 -2.679815060599515 0.8753557397074577
9.68 0.3138187512311205 -5.4519056554422525 -2.741236122191052 0.31826829894743963
9.7 0.2361479306576107 -5.128857156138909 -2.800368404809749 -0.3197267300570871
9.72 0.17412952294822936 -4.748267192349832 -2.844558408972789 -0.9111320527078496
9.74 0.13480550730348567 -4.316154361131746 -2.8824667351828723 -1.4417564405948855
9.76 0.11626208777917174 -3.844529578298078 -2.912368313883258 -1.9134872515134558
9.78 0.12055056680400376 -3.3464252554861127 -2.9396485231783114 -2.3214312981508636
9.8 0.14843016739111203 -2.8366458144120634 -2.9691894629822677 -2.657024928274311
9.82 0.20001870026074733 -2.3295416529293957 -3.004323480491663 -2.9099399699034505
9.84 0.27543156169474364 -1.8382536035734391 -3.046121199836388 -3.068751367178741
9.86 0.37652635549232605 -1.3756466957200846 -3.0967852104718627 -3.1484519056126343
9.88 0.5086132496541993 -0.9601865769877478 -3.1431241334780378 -3.1556124178983462
9.9 0.6995786710161619 -0.6111843706635013 -3.1584634042230557 -3.164594801796858
9.92 0.9570796600172008 -0.33334912599579875 -3.063869280211092 -3.1866189175175315
9.94 1.3266630248058777 -0.16384678602668712 -2.793981440191494 -3.186285701569198
9.96 1.8618858478459404 -0.01771375415887385 -2.4261111848354227 -2.9134574420194435
9.98 2.525245557537371 0.1610747483142289 -2.0794086932674265 -2.3097105461714085
10.0 3.252227335160372 0.3707613211793953 -1.8784670975554945 -1.5011414517921167
10.02 3.9653999104049777 0.5886588935019531 -1.865934478366904 -0.6229449211601512
10.04 4.604321591426267 0.8121032178276956 -2.022846052586347 0.0958244056058381
10.06 5.102898537900666 1.0261202406696857 -2.3035175608513265 0.4645526879979838
10.08 5.28796806301181 1.1828139397882858 -2.517866116044411 0.5502602884864407
10.1 5.036183803376552 1.2646233311142374 -2.4744026527550425 0.4086775692538872
10.12 4.417230122587426 1.2719849335006317 -2.1690098279679186 0.07945533487947856
10.14 3.520987323977283 1.2654562469226842 -1.6111548401481846 -0.3429171381127374
10.16 2.4349720525943463 1.2940951731673838 -0.8288210733724045 -0.7928275209061448
10.18 1.2512905869557525 1.3889940173625879 0.13102525672261384 -1.2219840457907645
10.2 0.13109542024923035 1.5249626254622384 1.2019113341529206 -1.5675939160879022
10.22 -0.8920670822130649 1.6022772095530686 2.1469688144708097 -1.7919838169917537
10.24 -1.8796953578484759 1.5957918871464256 2.813548258083893 -1.9272273694918718
10.26 -2.778726547936784 1.5506838482988798 3.251064763192297 -2.024414033462862
10.28 -3.56984237854161 1.4773948737950873 3.5102590837296033 -2.0949235378884103
10.3 -4.246833569357524 1.3839245021132407 3.620676259311416 -2.1507476791829117
10.32 -4.81010516698076 1.277359765225065 3.6043071586469915 -2.2057488272015866
10.34 -5.261285195378792 1.1605627599105728 3.4772673897337767 -2.263518679862642
10.36 -5.603278140925041 1.0369999390835425 3.2542079271634594 -2.3263735482806167
10.38 -5.839559981454898 0.9098393093133135 2.94856258412823 -2.3942369123536533
10.4 -5.973810684036964 0.7822243708567658 2.573306488954028 -2.4653336348458854
10.42 -6.010130255039831 0.6574643940027834 2.1414471133449964 -2.537453973477335
10.44 -5.953173199029646 0.5387753623551387 1.6661123342106656 -2.608125381824722
10.46 -5.808426585161623 0.4292191990485554 1.1606533905946246 -2.6750725791832313
10.48 -5.5817346135667005 0.33168221890817146 0.6346847387320812 -2.7366964915826815
10.5 -5.276420530884916 0.24775636103781995 0.03539335833305762 -2.7957165390319454
10.52 -4.914392353286041 0.1765497989653819 -0.5822867648618427 -2.8457518886615984
10.54 -4.499867652176704 0.12558018560859147 -1.135320664879235 -2.8832469945379313
10.56 -4.043726457784675 0.09719353998766428 -1.6233574534844766 -2.9147512212532263
10.58 -3.558005802000719 0.09035941051827566 -2.0459275379769157 -2.9403377326306894
10.6 -3.056734762905652 0.10677770238937753 -2.396636735853774 -2.96646191326492
10.62 -2.5541913580795104 0.14638706792079068 -2.666751651788361 -2.9967590267488946
10.64 -2.063540312789164 0.20929100808800868 -2.8462515124864196 -3.033520924468979
10.66 -1.5969930391704101 0.29569925895607374 -2.9470439193728426 -3.076742347801637
10.68 -1.1717112924402169 0.41079538992145503 -2.971974907354619 -3.117030810610521
10.7 -0.8311530893496638 0.5754021918663834 -3.009473749976863 -3.1347224325750256
10.72 -0.554851560653739 0.8046763129195368 -3.0874873130673284 -3.0543676853935784
10.74 -0.37004679314385763 1.142261487832318 -3.168921240815765 -2.7933225967520574
10.76 -0.20658612744633925 1.6389179960064553 -2.9814816930940067 -2.4163872626650407
10.78 -0.009936341160627983 2.2610595151996766 -2.4710790751509033 -2.05015410112573
10.8 0.21933254130725477 2.94204259834195 -1.7479842727542867 -1.8035208197407138
10.82 0.4617301705905383 3.6108866186898068 -0.9543571873954315 -1.7334593043060575
10.84 0.689763176459202 4.206145886394512 -0.27916147004557124 -1.8283822031503036
10.86 0.8974792210064619 4.670006779763764 0.08399554703064856 -2.038364124294585
10.88 1.040961298753825 4.842053378261177 0.1889052886950103 -2.1891651102316225
10.9 1.1057317263388338 4.609341691601916 0.08324597590957937 -2.116117185715662
10.92 1.1036255582998207 4.033816449115442 -0.18839242025703531 -1.8145297042328874
10.94 1.0901634938966842 3.1956484112577375 -0.5555205091142342 -1.295659454752517
10.96 1.108484574012445 2.1652317528534986 -0.9595952683117172 -0.5544842510381893
10.98 1.1881435887674956 1.0421546236087942 -1.341462740857409 0.3340496871104312
11.0 1.320541875637483 -0.02426229636550998 -1.6678601339792698 1.296987618804111
11.02 1.408947420566288 -0.9991997213981293 -1.8965063830685744 2.1535148850247476
11.04 1.4110217904706202 -1.9339960360108435 -2.021278349924408 2.749395439668116
11.06 1.3781340445461892 -2.7799891843476616 -2.1071436976339104 3.134677762069475
11.08 1.318864038585888 -3.5214358535312122 -2.1672041840106546 3.3556875141138467
11.1 1.2394788507086922 -4.152754438184353 -2.211388880347844 3.4389240761547906
11.12 1.1473824039037572 -4.675314069773769 -2.2558422408158068 3.40491765269864
11.14 1.044741087765514 -5.090778450226377 -2.3038492545782345 3.2680496169031
11.16 0.9347950667874763 -5.401905380964214 -2.357826150948149 3.04178924972987
11.18 0.820559463996489 -5.61204625019594 -2.417830924534277 2.7385660760566486
11.2 0.705029318381074 -5.724733410541892 -2.4820102677597524 2.3704672022393267
11.22 0.5914576294960339 -5.743997916352867 -2.5481383465705942 1.949733400141925
11.24 0.4830302388373607 -5.674472701806788 -2.6136896724748135 1.488775694335521
11.26 0.38280960559060995 -5.521640250970275 -2.6763261683977446 1.0002666570149947
11.28 0.29378467430889915 -5.289745010921199 -2.7349869545490666 0.48249701791140304
11.3 0.21626470261553 -4.986486971382395 -2.792380200081952 -0.11980144814998525
11.32 0.1516961097455884 -4.630355856758267 -2.837585627152724 -0.7046813319037755
11.34 0.10802941661422141 -4.224659775219329 -2.873994635957073 -1.227170831236673
11.36 0.0850424324092219 -3.780685589421477 -2.9037585234462204 -1.689533282236353
11.38 0.08302792286529458 -3.310165790760192 -2.92885443088763 -2.0895440260416946
11.4 0.10333127743956153 -2.826797866395109 -2.9550042818143227 -2.4203161899992525
11.42 0.14599066259142887 -2.3440054507375208 -2.9854135273726223 -2.672984185223787
11.44 0.2112519032465526 -1.8741954373624388 -3.022085670908349 -2.8375788224106016
11.46 0.29960409170584773 -1.4288108780936108 -3.0653921208090433 -2.922960660238884
11.48 0.4162755895246463 -1.0225311349770547 -3.1070535749944406 -2.928036140088775
11.5 0.5831761360997743 -0.6860200152214653 -3.1327711475770967 -2.953394698533069
11.52 0.809483991601419 -0.4094707630685543 -3.065927361271159 -2.9976372892626837
11.54 1.1337774981947908 -0.23776053254508994 -2.8180195642927277 -3.0737423959473085
11.56 1.6150537831258083 -0.0815734282495489 -2.44752874047175 -2.8925795706069595
11.58 2.2216465362723095 0.11426256976391296 -2.0822292125360797 -2.3843074857284265
11.6 2.8890445732680807 0.3417033437643817 -1.8383045755615945 -1.66894460547293
11.62 3.5458860760164663 0.5799244769735694 -1.7690008036577094 -0.8859229983085044
11.64 4.132060418429628 0.8048400661081702 -1.861686343777106 -0.2211799809460723
11.66 4.589203939950255 1.0113425314760756 -2.066947566502917 0.131641045254506
11.68 4.754853506924097 1.1494643540799911 -2.2106622463559105 0.22251971544484458
11.7 4.5133661390366715 1.207458670721998 -2.125208298680277 0.10530190017681618
11.72 3.924158904180153 1.211941275464495 -1.8064327370711981 -0.1627199191259359
11.74 3.0656218357760063 1.2076105623492708 -1.2679750953894953 -0.5277021443689173
11.76 2.01127264174084 1.2374050143012814 -0.5103944965003694 -0.9319028103803473
11.78 0.8667024275534787 1.329059279062996 0.3978899617843139 -1.310841594394953
11.8 -0.1974609312609565 1.4598882235627397 1.381689580051592 -1.6266546194403122
11.82 -1.1878970491981302 1.5259414123845898 2.225011841612393 -1.841799499391932
11.84 -2.131467385753317 1.5114360425119404 2.8053810251928666 -1.9679721351440256
11.86 -2.9847616352622914 1.463014357372967 3.181324210262149 -2.0630359862687047
11.88 -3.7323260272358807 1.387407954785248 3.392698655273763 -2.1325895363392045
11.9 -4.369133980997662 1.293471802813286 3.465559054697438 -2.189061986914556
11.92 -4.895871517913229 1.188041354019892 3.4190823648605897 -2.2450502205072
11.94 -5.313705936377893 1.0739001218042012 3.267544552478021 -2.3029739974044143
11.96 -5.62506604834285 0.9546424260910625 3.02446636827119 -2.3649714694771298
11.98 -5.832858783759948 0.8333216507535594 2.7024224968125155 -2.430716240486488
12.0 -5.940268570635957 0.7129687339504209 2.3138635810691808 -2.498523762245587
12.02 -5.951042054283058 0.5967073676883156 1.8714537139133234 -2.5664150135353294
12.04 -5.869633431955566 0.4875273127020863 1.3881059966933815 -2.6322097566618483
12.06 -5.701499838959353 0.3882610923733887 0.8770453966215973 -2.693970936964857
12.08 -5.448940692485595 0.30164297719968886 0.31952760081101833 -2.7520510943863754
12.1 -5.12658240851753 0.22647329878597502 -0.3189126711339043 -2.8078254207508815
12.12 -4.746695728536954 0.16709143865696105 -0.9106939373116034 -2.8488947440055408
12.14 -4.315234661552518 0.13030328138991393 -1.4416317461551857 -2.8841056512804992
12.16 -3.8441618149802843 0.11413619246881039 -1.9136404797787478 -2.9121436610549374
12.18 -3.3465162698716955 0.12054196647940564 -2.32178580477109 -2.9385817247404002
12.2 -2.837109803842227 0.14996229449943216 -2.657505329921852 -2.967875460453209
12.22 -2.3302868048803735 0.20245021424516363 -2.9104209339263374 -3.0030532545880213
12.24 -1.8390514610798017 0.2781388172580986 -3.0691926383214194 -3.0447488755271888
12.26 -1.3766472155500071 0.37927122198769253 -3.151944761254468 -3.0952166183384526
12.28 -0.9622781942537355 0.5122294590753911 -3.1641471824217517 -3.1423737198953057
12.3 -0.613492611213482 0.7042935336558438 -3.1735882701367855 -3.1555824198555427
12.32 -0.33667570448573014 0.9627399455883957 -3.195210452024005 -3.0571450418457418
12.34 -0.16600030697096377 1.3341365010069592 -3.187519914651395 -2.787763051763845
12.36 -0.01974707167342328 1.8691471615263824 -2.911257752230779 -2.4234607732337228
12.38 0.15801656551527787 2.5308058763572387 -2.3099486249335417 -2.0786219448057834
12.4 0.36717209427011843 3.2564703214911424 -1.503367265436909 -1.8782133381461261
12.42 0.5846800276956392 3.968905207678901 -0.6256364490133572 -1.8654964684500328
12.44 0.8080425891018734 4.607630914964576 0.09311629881328168 -2.0221869350745676
12.46 1.0220366435478196 5.106205512367929 0.4622799369198184 -2.302744822471595
12.48 1.1790585752101719 5.291257271539951 0.5488594674710304 -2.5172465742626753
12.5 1.2614915042601318 5.039187302620157 0.4082858614314878 -2.4739716282960105
12.52 1.2689961160221275 4.4197625923447195 0.07889077436360341 -2.168922121089651
12.54 1.2622407260100987 3.523252494874589 -0.3439181562512783 -1.611442979095899
12.56 1.290702365818465 2.4370595029400985 -0.7939973257440449 -0.8292777976915597
12.58 1.385539612604734 1.2531496850671677 -1.2232022576796082 0.13032550719091632
12.6 1.521806767229083 0.13234707913340096 -1.5689404353223098 1.201054550792901
12.62 1.5997018312348756 -0.8911732387033889 -1.793349320559264 2.146449415135694
12.64 1.5937613832296555 -1.8790299847095477 -1.9283341880140663 2.8132671267099396
12.66 1.5491628167211133 -2.7782482478952755 -2.0251400899741676 3.250899899890456
12.68 1.4763580472547364 -3.569532505674137 -2.0952873139554216 3.510149111386421
12.7 1.3833116883411622 -4.246665188538201 -2.1507717274720233 3.6205824693096798
12.72 1.2771068903095453 -4.810050697775156 -2.2054955277080066 3.604215781734364
12.74 1.1605979533887814 -5.261317625830008 -2.2630635900702742 3.477174909250036
12.76 1.037248362584604 -5.603371007402677 -2.325791012614998 3.2541154576424605
12.78 0.9102300220405563 -5.839689812974643 -2.3935975141052626 2.9484738273445066
12.8 0.7826930182955324 -5.973957492920241 -2.4646968194461247 2.5732251436266744
12.82 0.6579564028524103 -6.010278048632099 -2.536865986359809 2.141376248221073
12.84 0.5392475377898316 -5.95331017355328 -2.6076185743055107 1.6660539898017952
12.86 0.42964014674956735 -5.808544867066251 -2.674665781539986 1.1606084715186633
12.88 0.332031944201198 -5.58182985140091 -2.736396656245316 0.6346531322174911
12.9 0.24802509931962968 -5.276491314348008 -2.7955208555633027 0.03537407899757554
12.92 0.17673631634163484 -4.914439572873762 -2.8456502259571885 -0.5822952812140958
12.94 0.1256898978832831 -4.499893842642015 -2.8832244000620455 -1.1353204283197718
12.96 0.09723659631950259 -4.043735223334338 -2.9147902657200815 -1.6233506672746811
12.98 0.09034873196809431 -3.5580012025262397 -2.9404202881063783 -2.0459163990060696
13.0 0.10672656593034617 -3.056719707763008 -2.966563270625388 -2.3966213227931807
13.02 0.14632592935347694 -2.554161362701651 -2.9968773030951468 -2.6667309395000127
13.04 0.209249826108085 -2.0634919955405953 -3.033643976224836 -2.8462109872644645
13.06 0.2957158260917216 -1.5969071105967776 -3.07687411377787 -2.946891106290877
13.08 0.4108875360983146 -1.1715660217165427 -3.1171790363319904 -2.971697115458426
13.1 0.5755604038505809 -0.8309427723285077 -3.1349067909064314 -3.0091073089508087
13.12 0.8048454117847923 -0.5549092653214704 -3.054584330141848 -3.0870974730313834
13.14 1.1425887594704118 -0.3701167999177567 -2.793511403507897 -3.168789346205673
13.16 1.6394665954915468 -0.20655739056223685 -2.4165150743063064 -2.981255663671108
13.18 2.26185374853623 -0.009776144017674597 -2.050330772864233 -2.4706710669930105
13.2 2.94305125282218 0.2196125658240703 -1.8038235652900938 -1.7474865586017774
13.22 3.6121025021544084 0.4621372692677076 -1.7339418759952139 -0.9538388624175914
13.24 4.207568895430491 0.6903199415021248 -1.8290824408199007 -0.27868918877304355
13.26 4.6716394922174835 0.8981961863190598 -2.0393106894990565 0.08444081767077931
13.28 4.840069897109525 1.0420041731869367 -2.1885951393790233 0.1893232687029947
13.3 4.596588439518763 1.1075485135651488 -2.1106029116983214 0.08330413963413949
13.32 4.004290353303396 1.1075921309708625 -1.801338627963242 -0.18886314045163605
13.34 3.1443330974389276 1.0987181884244421 -1.2726962429385527 -0.5565652730324127
13.36 2.088175205637279 1.1242887756730766 -0.5204055039208685 -0.9609669351522602
13.38 0.9385363726271925 1.213677046462978 0.3808400020974601 -1.3416033574221442
13.4 -0.14469220037703803 1.3523414044783177 1.3555934260556974 -1.662514523955512
13.42 -1.1439802550080633 1.4390356699657587 2.2090947773112095 -1.8832477037534494
13.44 -2.0977414669747323 1.441543263614388 2.7975631636385008 -2.0038695169980576
13.46 -2.9599727796451987 1.4093092518229775 3.1766554489481695 -2.0884455348113047
13.48 -3.7153529138267367 1.3496152445447385 3.389521222888072 -2.1476752440042945
13.5 -4.358413633145981 1.2696428537392581 3.462637541742708 -2.193135138486127
13.52 -4.890113230295407 1.1764104142873648 3.4161253432538525 -2.239762660077886
13.54 -5.3117582986990035 1.072266286688549 3.264467022400816 -2.290492634683161
13.56 -5.625850684189137 0.9606382049960517 3.0213214081610493 -2.347568697385874
13.58 -5.835458837471533 0.8446589055990134 2.699351785101041 -2.4107181116720695
13.6 -5.943905583870086 0.7275039934712523 2.310998482137625 -2.4779420145072755
13.62 -5.955089576787784 0.6125796723793715 1.8689089246931068 -2.546883680052233
13.64 -5.873618455533899 0.5032200680420789 1.3859618153882125 -2.614929556225052
13.66 -5.7050902732796525 0.40263016523123135 0.8753439172811016 -2.6797006231790705
13.68 -5.451931590142202 0.31391656335290197 0.3182600657558827 -2.7411516286955786
13.7 -5.128876478680105 0.23622321818118341 -0.3197316890212279 -2.8003131027174275
13.72 -4.748280111228531 0.1741818246297915 -0.9111342289125097 -2.844529437331873
13.74 -4.316161568621211 0.13483631221870032 -1.4417564178472233 -2.8824599033245812
13.76 -3.8445320793739404 0.11627423246814692 -1.913485675499222 -2.9123786851624334
13.78 -3.346424200746435 0.120547706342329 -2.321428799724457 -2.9396709662637206
13.8 -2.836642384081703 0.14841630804722253 -2.6570220677907885 -2.969219131189463
13.82 -2.3295369476558703 0.19999779545222884 -2.9099371973777233 -3.0043561231454636
13.84 -1.8382485629019436 0.27540720512925776 -3.0687489917227784 -3.0461533734874955
13.86 -1.3756353360452978 0.37650642380489996 -3.148381075322172 -3.096833197367009
13.88 -0.9601345725683782 0.5085874975816171 -3.155429589789351 -3.1432008882599236
13.9 -0.6111047128587903 0.6995210802882803 -3.1643766933362554 -3.1586219826479454
13.92 -0.3332343672169411 0.9569662723463338 -3.186415942873602 -3.0640934965324425
13.94 -0.1637519017385021 1.326485532081179 -3.1862432594702454 -2.7941749129686984
13.96 -0.017616221707295217 1.861694856361915 -2.913496360453625 -2.426208461467882
13.98 0.16119257985350838 2.5250863550330322 -2.309694971399158 -2.0794551421484786
14.0 0.3708895259510592 3.252095415245604 -1.5010788003684532 -1.8784964107389328
14.02 0.5887919607428799 3.9652846859078545 -0.6228615195668697 -1.8659617874952994
14.04 0.8122399211233008 4.604211961576405 0.09591079831084812 -2.0228725902869042
14.06 1.026258614073486 5.102789618224824 0.46462933179353655 -2.303542669516173
14.08 1.1829404828560384 5.287860905187285 0.5503085841742922 -2.5178871172526778
14.1 1.264730495173692 5.036085475019916 0.4086950400135634 -2.474416246571187
14.12 1.2720873690915906 4.417146477945872 0.07947722713643635 -2.1690127887334683
14.14 1.265565896009327 3.520911608462041 -0.3428820786370036 -1.611145379251588
14.16 1.294210539336499 2.434901407238929 -0.7927877685871763 -0.8288055834734326
14.18 1.3891115846065487 1.2512260805290696 -1.2219429874402785 0.13104709347264115
14.2 1.5250717191443497 0.13105108531285264 -1.5675492921831333 1.201940035666376
14.22 1.6023666586738745 -0.8920989215401768 -1.7919373190449266 2.1469862493458933
14.24 1.595862689770385 -1.879719093752928 -1.927188402371015 2.8135575435452513
14.26 1.5507374772252442 -2.778743786789871 -2.0243879616738583 3.251070214225158
14.28 1.4774318991498367 -3.569853732597033 -2.094909654934764 3.5102626692469503
14.3 1.3839469383818055 -4.246839961888383 -2.15074547500563 3.620679332223616
14.32 1.2773697347867938 -4.810107553256461 -2.205756329601991 3.6043101944560227
14.34 1.1605626505864535 -5.261284492722899 -2.2635333347013993 3.4772704992445425
14.36 1.036992290002162 -5.603275262201477 -2.326392854059642 3.254211075852831
14.38 0.9098265380846969 -5.839555739031616 -2.394258443772224 2.9485656393261337
14.4 0.7822086911837777 -5.973805774060666 -2.465355326125574 2.573309317669387
14.42 0.6574477005647682 -6.010125240499291 -2.5374741990130403 2.14144960323821
14.44 0.5387591694434777 -5.953168500066816 -2.6081429820164392 1.666114407124124
14.46 0.4292046227688101 -5.808422487256365 -2.6750868566754553 1.1606550078782263
14.48 0.3316699861981735 -5.58173128034055 -2.7367071588003653 0.634685897406652
14.5 0.24774684635541683 -5.2764180232101205 -2.795723649112344 0.035394086510337555
14.52 0.17654308005784483 -4.914390650974241 -2.845755753893012 -0.5822864178782682
14.54 0.12557610653614806 -4.499866676542059 -2.883248101962331 -1.135320632910865
14.56 0.09719177572956102 -4.043726091399775 -2.91475015183259 -1.6233576626261756
14.58 0.09035954418620053 -3.5580059027127446 -2.94033510048697 -2.0459279077809494
14.6 0.10678107788208498 -3.056733910269389 -2.966458323690118 -2.39663625015274
14.62 0.14640372501929153 -2.5541827205308403 -2.9967550995962258 -2.6667442626003
14.64 0.20933984452775425 -2.063513511445716 -3.0335169568340272 -2.8462255640563296
14.66 0.2958034984939948 -1.596938342505975 -3.076737723396702 -2.9469866422273454
14.68 0.41097924052140267 -1.1716208532735157 -3.117026430902292 -2.971867575887211
14.7 0.5756868001526526 -0.8310215836377526 -3.134724322347714 -3.009296393769152
14.72 0.805077549391247 -0.5546626634736033 -3.0543948855559107 -3.087201328342098
14.74 1.1427842827964327 -0.3697925732143608 -2.7934138210926047 -3.1685145162062116
14.76 1.6395610695737002 -0.20626890881363466 -2.4165706106078764 -2.980996902546423
14.78 2.261831462036631 -0.009553667172055172 -2.0504519999462154 -2.470561010729681
14.8 2.94295954034938 0.21980099874907855 -1.803951927315421 -1.7474560835440502
14.82 3.611971948537048 0.46230821940541245 -1.734051237328512 -0.9538360417961238
14.84 4.207426574605484 0.6904857369369485 -1.829166821093244 -0.2786782128868127
14.86 4.671494181237915 0.8983610750846145 -2.039372020723229 0.08446147033278216
14.88 4.839930684125344 1.0421593627995538 -2.1886349616320033 0.1893433319944428
14.9 4.596462527043656 1.1076870162624146 -2.1106270800836775 0.08331491114205142
14.92 4.004178308790924 1.107735907638783 -1.8013443602972614 -0.18883196862712928
14.94 3.144227716709984 1.0988696432301055 -1.2726867540550812 -0.5565219490054004
14.96 2.088074202082597 1.1244467430113145 -0.5203880982358347 -0.9609201807406255
14.98 0.9384410363693789 1.2138380222318517 0.38086548213452603 -1.3415551801281342
15.0 -0.14476361712282243 1.352491824880548 1.3556319299728796 -1.6624607753485647
15.02 -1.1440320835875588 1.439159815820262 2.2091144526272304 -1.8831876261421712
15.04 -2.0977767055849506 1.441643045417708 2.7975750823569596 -2.003816159464221
15.06 -2.9599981010893255 1.409385300650133 3.1766624638985967 -2.088407562994168
15.08 -3.71536986985254 1.349668821153101 3.3895258883118435 -2.1476538387800725
15.1 -4.358423608674242 1.2696763551492853 3.4626415405850968 -2.193129780951977
15.12 -4.890117519247435 1.17642657197658 3.416129316420608 -2.2397707653549777
15.14 -5.311758193559825 1.072268319691013 3.2644711614025335 -2.2905109712873837
15.16 -5.625847432289178 0.9606294954794798 3.021325646453846 -2.347593836959534
15.18 -5.835453558994834 0.8446427509205872 2.6993559439788073 -2.4107467469501875
15.2 -5.943899246410967 0.7274834379039073 2.311002372827264 -2.4779712846416566
15.22 -5.955082965857269 0.6125573468775894 1.8689123834497752 -2.546911291858605
15.24 -5.8736121660656355 0.5031981037120448 1.3859647264893704 -2.6149538494111475
15.26 -5.7050847170192585 0.402610155926051 0.8753462181803131 -2.679720563693142
15.28 -5.451927012307754 0.31389957258851053 0.31826174477407243 -2.741166747898185
15.3 -5.128872982540521 0.2362098239774923 -0.31973060225539773 -2.800323406564608
15.32 -4.74827768743112 0.1741721944475746 -0.9111336694490225 -2.8445353006383276
15.34 -4.316160123422959 0.13483027827352495 -1.4417562989582127 -2.8824619474841904
15.36 -3.8445314635665655 0.11627138809848545 -1.9134858964072956 -2.9123776796338685
15.38 -3.346424237987533 0.12054749356192584 -2.3214292577129187 -2.9396677357272427
15.4 -2.8366428907229557 0.1484180958463184 -2.657022667148433 -2.9692144737311543
15.42 -2.329537750456124 0.20000094780847444 -2.9099378555201985 -3.0043507553093343
15.44 -1.8382495109779609 0.27541113261438716 -3.0687496437508965 -3.04614789156468
15.46 -1.375636653473211 0.37651023506324954 -3.148384818280389 -3.0968266819087535
15.48 -0.960137348651764 0.5085918566526352 -3.155436830686217 -3.143194280770913
15.5 -0.611108227242742 0.6995265234919015 -3.164383961158923 -3.158613687973153
15.52 -0.33323884580587193 0.9569729387230982 -3.1864221450550976 -3.0640839537756266
15.54 -0.16375467766884505 1.3264935036924836 -3.186242425674726 -2.7941676745513115
15.56 -0.017618812264158012 1.8617018868517474 -2.913493791407593 -2.4262056537496037
15.58 0.1611889783765404 2.525091359204944 -2.3096957595483634 -2.079454449459834
15.6 0.3708854691806063 3.252099059238997 -1.5010818081152155 -1.878496234492045
15.62 0.5887877079373887 3.965287710981248 -0.6228651453565219 -1.8659613891930347
15.64 0.812235588257447 4.604214914968187 0.09590733926049007 -2.0228720407236
15.66 1.0262542785084339 5.1027926814400475 0.46462652706569507 -2.303541955667635
15.68 1.1829365182721667 5.287864059325136 0.5503068558942364 -2.5178864874580036
15.7 1.2647271901207962 5.0360884371849695 0.4086944773657972 -2.474415775729348
15.72 1.2720842248032849 4.41714903384337 0.07947658775726295 -2.1690126552431344
15.74 1.2655625350971833 3.5209139366616005 -0.3428831060736669 -1.6111456341054395
15.76 1.2942070050125676 2.43490358392261 -0.7927889497607943 -0.8288060385792211
15.78 1.3891079712595726 1.2512281115093224 -1.2219442136132335 0.13104647479886555
15.8 1.5250683231205955 0.13105249717239734 -1.567550634789648 1.2019391512316597
15.82 1.6023638565211054 -0.8920979066572786 -1.7919387505570794 2.146985705383994
15.84 1.5958604627706257 -1.8797183361237426 -1.9271896386739404 2.813557257822759
15.86 1.55073577358532 -2.7787432322312826 -2.024388806290144 3.251070047415248
15.88 1.4774307082378213 -3.5698533625548596 -2.094910127725013 3.5102625614567398
15.9 1.3839462004923566 -4.246839748266219 -2.150745585736281 3.620679240316974
15.92 1.277369386397747 -4.810107466404543 -2.2057561339889378 3.6043101028269184
15.94 1.160562620170365 -5.261284504557042 -2.26353291034194 3.477270404362223
15.96 1.0369924999935034 -5.603275344415832 -2.3263922770358927 3.254210978534528
15.98 0.9098269141491283 -5.8395558662729945 -2.3942577891359327 2.94856554373812
16.0 0.7822091646586119 -5.973805924456462 -2.4653546586190163 2.5733092281137533
16.02 0.6574482121239472 -6.010125396167681 -2.53747357018303 2.1414495234495208
16.04 0.538759671200798 -5.9531686475077015 -2.6081424293354107 1.6661143398371017
16.06 0.4292050789442587 -5.808422617137443 -2.675086403401296 1.1606549546001543
16.08 0.3316703729819997 -5.581731387139347 -2.7367068154513454 0.6346858585105081
16.1 0.2477471508862289 -5.2764181046500065 -2.795723415486299 0.03539406135933835
16.12 0.17654329878118744 -4.914390707357986 -2.8457556215157767 -0.5822864306232625
16.14 0.12557624329634817 -4.499866710046014 -2.883248056642273 -1.1353206351842997
16.16 0.09719183980742552 -4.043726105454449 -2.914750176166521 -1.623357656646499
16.18 0.09035953863297516 -3.558005908316035 -2.940335175011327 -2.045927901154093
16.2 0.1067792010154323 -3.0567351942956664 -2.9664584121957165 -2.3966371920187965
16.22 0.14638948213279052 -2.554191990028263 -2.996755087041574 -2.6667521435653914
16.24 0.20929392139300504 -2.063541038049884 -3.0335169619724667 -2.846251994763014
16.26 0.29570212289695214 -1.596993986538202 -3.076738102587734 -2.9470460844297066
16.28 0.41079840196968315 -1.1717126096025643 -3.1170265785364095 -2.971978126566222
16.3 0.5754056614549261 -0.8311550446738818 -3.1347180758988396 -3.0094765491513313
16.32 0.8046800185380255 -0.5548536606240421 -3.05436319420167 -3.087489546850908
16.34 1.1422653825768012 -0.370047900751422 -2.7933195826652253 -3.168920342452815
16.36 1.638921080229781 -0.20658714200423967 -2.416386199112912 -2.981480541198831
16.38 2.261061573231182 -0.009937840594251549 -2.05015401484555 -2.471079541015223
16.4 2.942044010195857 0.2193307907006613 -1.803520992966368 -1.7479857499990996
16.42 3.6108877569316467 0.46172831831683886 -1.7334593452578895 -0.9543588847747153
16.44 4.206147009711151 0.6897613010417519 -1.82838213667673 -0.27916304434156297
16.46 4.6700079785472965 0.8974773550490882 -2.0383639245936127 0.08399430970511404
16.48 4.842054656313914 1.0409595741602764 -2.1891649043654122 0.1889044963494821
16.5 4.609342940634163 1.1057302126552222 -2.116116995714713 0.08324559999072587
16.52 4.03381763311209 1.1036240258674659 -1.8145296406422877 -0.18839281030123195
16.54 3.1956495615409137 1.0901618855317483 -1.2956595314321797 -0.5555209448554368
16.56 2.1652328731496002 1.1084829001056495 -0.5544844129227413 -0.9595957140371121
16.58 1.04215566909481 1.188141879093608 0.33404941534060506 -1.3414632034377172
16.6 -0.024261552983737653 1.3205402828192936 1.2969872318857956 -1.667860673286053
16.62 -0.9991991934489277 1.4089461190264232 2.153514647760156 -1.8965070086201135
16.64 -1.933995646220874 1.41102075487177 2.7493953117739647 -2.0212788935114845
16.66 -2.7799889009560457 1.3781332549230152 3.1346776867984874 -2.1071440719798242
16.68 -3.5214356638557205 1.3188634871059324 3.355687464646714 -2.1672043926749085
16.7 -4.152754325829771 1.2394785087930307 3.4389240334010713 -2.211388924611956
16.72 -4.675314019343668 1.1473822422859918 3.4049176103516565 -2.2558421466257346
16.74 -5.0907784474573194 1.0447410727453492 3.268049573364912 -2.303849056578788
16.76 -5.40190541202094 0.9347951624394427 3.041789205556366 -2.3578258841101705
16.78 -5.612046302956052 0.8205596358728168 2.7385660331644783 -2.417830623326661
16.8 -5.724733474664211 0.705029534713209 2.370467162514004 -2.4820099617892306
16.82 -5.74399798349093 0.5914578629380807 1.9497333651747173 -2.548138059397765
16.84 -5.67447276570274 0.4830304673682076 1.4887756652121178 -2.6136894210773325
16.86 -5.521640307318469 0.38280981283153304 1.0002666342547795 -2.676325963168673
16.88 -5.289745057177371 0.29378484943818556 0.48249700152511743 -2.7349868000007986
16.9 -4.986487006488944 0.2162648398756884 -0.11980145858042589 -2.792380095806964
16.92 -4.630355880839482 0.15169620765008726 -0.7046813371166479 -2.8375855689601424
16.94 -4.224659789273184 0.10802947711631844 -1.22717083218143 -2.873994617123052
16.96 -3.780685595036799 0.08504245993730468 -1.6895332799783416 -2.9037585358157987
16.98 -3.3101657966736986 0.08302791379673259 -2.0895440271481074 -2.928854464990572
17.0 -2.8267991384630475 0.1033294214632099 -2.4203171745339414 -2.955004309302176
17.02 -2.344014606857078 0.14597645231800474 -2.672992284402604 -2.985413433649029
17.04 -1.8742226475424477 0.21120601070738523 -2.837605786624885 -3.02208557390628
17.06 -1.428865956363006 0.29950274385451736 -2.9230208732117218 -3.065392410244968
17.08 -1.0226218311368287 0.41609477183128446 -2.9281470484449774 -3.1070537709876307
17.1 -0.6861536766525473 0.5828947491191208 -2.953570746878947 -3.1327656970634563
17.12 -0.4096596869622385 0.8090861011907547 -2.9979240347758087 -3.0658983440184797
17.14 -0.2380118537825921 1.1332567401187845 -3.0741427960313077 -2.8179300872593633
17.16 -0.08188719445770833 1.6144096164434418 -2.8930582597965766 -2.447346637924011
17.18 0.11388248152435604 2.2208728072277015 -2.3848198752343204 -2.081935349898423
17.2 0.3412358686400865 2.888125123166034 -1.669467355094672 -1.8378789907526292
17.22 0.5793439792389777 3.5447986466484855 -0.886433054701779 -1.7684154723996712
17.24 0.8041193919392023 4.130777821068865 -0.22165785053671969 -1.8609076175939958
17.26 1.0104642540635456 4.587715584438163 0.131194250662797 -2.0659499349653085
17.28 1.1483031999590596 4.756963444052024 0.22212724548893256 -2.2112041589760314
17.3 1.20542087393529 4.526232517216966 0.10507930434424317 -2.13071522959015
17.32 1.2075418037315995 3.9538915831515244 -0.1625143494591322 -1.8196746389900647
17.34 1.1986385502306023 3.1171902248863006 -0.526841724079551 -1.2909698993718164
17.36 1.2212064338044948 2.0885989823614834 -0.9307040658911276 -0.5444877266817539
17.38 1.3032797705855979 0.9702859879670089 -1.3111544658276026 0.3505736321121527
17.4 1.4285720955044439 -0.0763004223226988 -1.6327308198858057 1.3220704440346143
17.42 1.4971403279196693 -1.0374957916161278 -1.8545426479612996 2.169119613003874
17.44 1.4814778510677546 -1.9627396684506349 -1.9842259171823275 2.7576111848075118
17.46 1.4321959751390059 -2.801127879188168 -2.0812332048921744 3.1395928327422755
17.48 1.3568500642656278 -3.5358410619186045 -2.15216989910197 3.358969026584637
17.5 1.2633066455331017 -4.161625114008167 -2.2074741897337273 3.441842556023715
17.52 1.1589436202520609 -4.6797449079059685 -2.261402013801126 3.407855453784953
17.54 1.0462610273614412 -5.091768021784713 -2.3166032673649255 3.2710984626137733
17.56 0.9286778522306521 -5.400424213107411 -2.375455555277863 3.0449063660752476
17.58 0.8091201081510294 -5.608941675498154 -2.4380009288927402 2.741613696821199
17.6 0.6904216468346961 -5.720731453888652 -2.502699357432818 2.3733118155550783
17.62 0.5755483891151459 -5.7396884822122285 -2.567718953602001 1.9522600021020167
17.64 0.46733471362715856 -5.670302219751541 -2.630970894979053 1.4909030634420177
17.66 0.36846674750458924 -5.517920902790675 -2.6905608680929123 1.0019523833897563
17.68 0.2815581513998601 -5.286677932860873 -2.745824209805106 0.4837985438533313
17.7 0.20658071853145443 -4.984123062646666 -2.7998188902629626 -0.11899159647338749
17.72 0.14467216985464051 -4.628737815955384 -2.841875971983433 -0.7042747538632922
17.74 0.10356292798617456 -4.223713841013855 -2.8755636582726987 -1.2270705810277385
17.76 0.08285339907097632 -3.780314417478856 -2.9031514301831947 -1.6896711873991432
17.78 0.08300692669949564 -3.3102318525542542 -2.927367610575052 -2.089924611507649
17.8 0.10482884385015201 -2.827250763006477 -2.9530532584951277 -2.4207842437312137
17.82 0.1484397911425542 -2.344758506662851 -2.9834902909423193 -2.673481488480536
17.84 0.21403630131554838 -1.8749820766085643 -3.020042365023769 -2.838046027999007
17.86 0.3024257776373682 -1.4298343150146773 -3.063439099580841 -2.925972579127499
17.88 0.41927035791601186 -1.0238995457189324 -3.1049855944462537 -2.9333002977258382
17.9 0.5868283450143216 -0.6881056920797854 -3.128976171640018 -2.9584254804557166
17.92 0.8135536936403409 -0.41168164070068813 -3.05949561907548 -3.0027977261371688
17.94 1.1390811690862084 -0.23812094269795295 -2.8136375422397357 -3.0718245282419336
17.96 1.619381878202607 -0.08216123070333822 -2.4459907656293036 -2.890120346695083
17.98 2.224596705635781 0.11295341954866558 -2.0821878038580923 -2.384127130794597
18.0 2.890930620526531 0.33997049443435956 -1.8385998511001258 -1.6703312684177833
18.02 3.5473219812821015 0.5779996593878637 -1.7692116476994415 -0.8877543005420118
18.04 4.1333434691034885 0.8028387682063531 -1.8617369020681676 -0.22303377016366674
18.06 4.590540316820855 1.0093018805321754 -2.06683420414049 0.1301189277333285
18.08 4.756288627140838 1.1474083981842846 -2.210514715116725 0.22134142466395657
18.1 4.514864954394644 1.205458391492233 -2.125042856670824 0.10448715826809113
18.12 3.9257023894028515 1.2098616603300583 -1.8063797405161706 -0.16339203973461455
18.14 3.067187525105632 1.2054518303812463 -1.2680411593636276 -0.5282810009895041
18.16 2.0128294269786 1.2351682647616222 -0.5105694053921901 -0.9324445264897314
18.18 0.8681201913784017 1.3267820393663177 0.39753540016174505 -1.3114109452000238
18.2 -0.19644134907509933 1.4578170563529025 1.3811589353607778 -1.62736153379428
18.22 -1.1871873910831428 1.5242528775504636 2.224734659210866 -1.8425959745685827
18.24 -2.1309759126065613 1.5100952499218787 2.8052063729226466 -1.9686470560138858
18.26 -2.984413952231137 1.4620119575549249 3.1812204915759725 -2.063499612289474
18.28 -3.732098118261463 1.386718215945447 3.392627891383418 -2.132826367693028
18.3 -4.369004026368322 1.2930577303473763 3.4654987334532046 -2.1890832933020676
18.32 -4.895820073714616 1.1878622229160742 3.419024122368627 -2.2448952745085093
18.34 -5.31371380391202 1.0739088596781716 3.2674856766856486 -2.3026881012872393
18.36 -5.625115366824047 0.9547911579498871 3.0244078183593848 -2.3646025210324884
18.38 -5.832933869743723 0.8335644092864682 2.7023665328536284 -2.430309358813963
18.4 -5.940356147855851 0.7132637962919527 2.3138125089051784 -2.498117207736492
18.42 -5.9511315980576525 0.5970193047438026 1.8714094383672721 -2.5660388188047767
18.44 -5.869717158792965 0.4878279622408159 1.3880697242354771 -2.63188493098653
18.46 -5.7015725337521825 0.3885299247575487 0.8770176177663705 -2.693709796411655
18.48 -5.448999419064643 0.30186683981650764 0.31950815427106527 -2.751858255838558
18.5 -5.126626132765293 0.2266456671613104 -0.3189244817927015 -2.8076991744479165
18.52 -4.746724907681641 0.16721130064484158 -0.9106992195472032 -2.848828588441569
18.54 -4.315250856981259 0.13037404953128795 -1.441631828795237 -2.8840900508366785
18.56 -3.8441672960922704 0.11416433578074389 -1.913636831465118 -2.912167381065523
18.58 -3.346513783967774 0.12053312480343775 -2.321778585239782 -2.938624358816915
18.6 -2.837099874680888 0.14993117789092014 -2.6574998692923453 -2.967938628996072
18.62 -2.3302768372153593 0.2024045221261795 -2.91041299880653 -3.0031281691342624
18.64 -1.8390394325401707 0.27808430866174183 -3.069187783377111 -3.044822462718489
18.66 -1.3766233851555836 0.37922986563061145 -3.151808974392398 -3.095342853788348
18.68 -0.9622516977098455 0.5121440984888832 -3.1637461796743844 -3.142521374655059
18.7 -0.6138891891062737 0.7040518099298921 -3.1732129529575586 -3.1558437322034636
18.72 -0.3372531492504352 0.9624693612559635 -3.1952919573179996 -3.05749425710449
18.74 -0.1666111250860366 1.3339166395370936 -3.1880277582327703 -2.7878863421300566
18.76 -0.020250251164633516 1.8690884103479533 -2.911691356555023 -2.4232952638490035
18.78 0.15760816635102493 2.530925380750862 -2.3101548540704306 -2.0783711190958867
18.8 0.36680969970750577 3.2566996376153985 -1.503445695575786 -1.8779677055706308
18.82 0.5843370751852848 3.9691853927110516 -0.6256898973393752 -1.8652963219453869
18.84 0.807703055043891 4.607925338053015 0.09305025189265331 -2.022028345680584
18.86 1.0216968895087764 5.106500699886141 0.46219740796190756 -2.3026320167272147
18.88 1.178750363586779 5.291536392623064 0.5488072469316113 -2.517167461799637
18.9 1.2612291219443512 5.039434498653633 0.4082741350788108 -2.4739284077802
18.92 1.2687452866357654 4.4199654435225435 0.0788475248114518 -2.168912216602653
18.94 1.2619723872190347 3.5234320734945466 -0.34400440203729205 -1.6114664772346026
18.96 1.290420278134337 2.437225326342787 -0.7940988663960065 -0.8293166902903992
18.98 1.3852535231280905 1.2532982712145992 -1.2233073533037475 0.13026926475941175
19.0 1.5215443856492465 0.13244755343963965 -1.5690530864506398 1.200984930925451
19.02 1.599487794660297 -0.8911011076857243 -1.7934629175512198 2.146407498489111
19.04 1.5935928140699651 -1.87897622623172 -1.9284265906150202 2.8132446183138935
19.06 1.5490363995587 -2.778209496958758 -2.0252004149404543 3.250886639959731
19.08 1.476271905587398 -3.569507408805232 -2.0953175985310897 3.5101402679044726
19.1 1.3832607472916212 -4.2466516036752315 -2.1507737907123157 3.620574866028759
19.12 1.2770858160138039 -4.810046389708821 -2.2054745417902812 3.604208322873704
19.14 1.1606007892950592 -5.2613204094754 -2.263025887062447 3.4771673429316605
19.16 1.0372688805220598 -5.603378718028048 -2.3257427535648416 3.2541078869805617
19.18 0.9102623337503055 -5.839700529332716 -2.393544566486421 2.9484665698967505
19.2 0.7827317820088555 -5.9739695779153354 -2.4646441177881973 2.573218507783531
19.22 0.6579970904752704 -6.010290191488691 -2.536817361818564 2.1413704851886988
19.24 0.539286568772481 -5.953321408355976 -2.6075767035686486 1.66604926334758
19.26 0.4296749209521099 -5.808554550728226 -2.674632215640661 1.1606048498030983
19.28 0.33206080859292725 -5.5818376302107735 -2.73637195965081 0.6346505994795205
19.3 0.24804725012928433 -5.276497076136163 -2.7955047831924604 0.03537254824495161
19.32 0.1767516572251026 -4.914443394717055 -2.8456419263351824 -0.5822959447544787
19.34 0.1256988843089546 -4.499895937278906 -2.883222624219137 -1.1353203939581247
19.36 0.09724007640942955 -4.043735892376628 -2.9147935625306394 -1.6233501192671234
19.38 0.09034778263348972 -3.5580007862800143 -2.9404271507148554 -2.0459155205270827
19.4 0.10672235873947318 -3.0567185491951556 -2.966572275378419 -2.396620278359994
19.42 0.1463196150762346 -2.554159778867845 -2.9968872025859974 -2.6667298651930724
19.44 0.20924244725953567 -2.0634902564276536 -3.0336537573135174 -2.8462099841103567
19.46 0.29570942979218057 -1.5969041970840951 -3.0768864329044607 -2.94687960891651
19.48 0.41088267947267 -1.171560889621099 -3.1172012342624145 -2.971672644734813
19.5 0.575547507243804 -0.8309333787469966 -3.134928246625272 -3.009084811102547
19.52 0.804828354297598 -0.55489503735995 -3.0546154485375285 -3.0870731270473057
19.54 1.142563965312969 -0.3701058132208873 -2.7935318413410637 -3.1687883050109025
19.56 1.6394442206068183 -0.20654863974770774 -2.4165255308412235 -2.981263893759492
19.58 2.261836618664633 -0.009764694074053963 -2.050333799781668 -2.4706701496743273
19.6 2.943038385018565 0.21962576650413765 -1.8038247176139919 -1.7474790367265098
19.62 3.612091610677943 0.46215123519848406 -1.7339427668891656 -0.9538287733196462
19.64 4.207558684935275 0.6903343016089941 -1.8290838872437771 -0.2786791118923233
19.66 4.67162903932527 0.8982106241366908 -2.0393123610799533 0.08444933446834021
19.68 4.8400593692099845 1.0420175349271967 -2.1885968485833764 0.18932885261513038
19.7 4.596578346514277 1.1075604489144477 -2.110604192456957 0.08330712924813144
19.72 4.004280929322209 1.1076043559612783 -1.801338972444002 -0.18885982603668036
19.74 3.1443239485733714 1.098731016682608 -1.2726954838420763 -0.5565615918123142
19.76 2.0881663159134614 1.1243021442481413 -0.5204041526032682 -0.960963243173517
19.78 0.9385280291025537 1.2136906781230976 0.3808421575331307 -1.3415995502935387
19.8 -0.1446981672213507 1.3523541492447664 1.3555964963051155 -1.662510163536974
19.82 -1.1439845106822373 1.4390461059860697 2.209096651889959 -1.8832426676184577
19.84 -2.097744610451483 1.4415515745825624 2.7975641671199862 -2.003865112426853
19.86 -2.959975068781043 1.4093156055443907 3.176656040811269 -2.0884424927648784
19.88 -3.7153544492435513 1.3496196930104007 3.3895216117037807 -2.1476735298035923
19.9 -4.358414545874018 1.2696456229729305 3.462637879787615 -2.1931347454415073
19.92 -4.8901136442615405 1.176411736431912 3.4161256806328852 -2.239763384244771
19.94 -5.311758327935072 1.0722664291538557 3.2644673712215617 -2.290494198274435
19.96 -5.625850439785126 0.9606374547706217 3.0213217639239285 -2.34757082102343
19.98 -5.835458416827696 0.8446575382777454 2.699352132182059 -2.410720518770882
20.0 -5.943905070167102 0.7275022638307403 2.3109988051100028 -2.4779444668510235
