0.0 -6.435899053366111e-8 -6.435899053366111e-8 1.3966275125981986e-7 1.3966275125981986e-7
0.020049999999999936 -0.10267443923849182 -0.10267443923849183 0.2206554758885577 0.2206554758885577
0.04000000000000012 -0.10480333998950271 -0.1048033399895027 0.2598820959752362 0.2598820959752362
0.06000000000000069 -0.1024296162447147 -0.1024296162447147 0.2601732550042236 0.26017325500422356
0.08000000000000126 -0.12593741289904423 -0.1259374128990443 0.2482559130219731 0.24825591302197297
0.10000000000000184 -0.13227714248330877 -0.13227714248330874 0.236715853232145 0.23671585323214472
0.12000000000000241 -0.15573072728812504 -0.15573072728812512 0.20879785095883158 0.20879785095883152
0.1400000000000009 -0.1591069913048761 -0.15910699130487613 0.2041651853555828 0.20416518535558278
0.1600499999999987 -0.16988100391613253 -0.16988100391613253 0.17376622436826952 0.17376622436826938
0.1800499999999965 -0.16888650980185 -0.16888650980184988 0.1834020689383772 0.18340206893837716
0.2000499999999943 -0.1672284637893213 -0.16722846378932124 0.15072741266573383 0.15072741266573378
0.22004999999999209 -0.17247939813840762 -0.17247939813840765 0.17292554885520126 0.17292554885520137
0.24004999999998988 -0.15840228131369324 -0.15840228131369324 0.13672195568430973 0.13672195568430925
0.2600499999999877 -0.173959108976063 -0.17395910897606298 0.15793756203298065 0.1579375620329808
0.2800499999999855 -0.1500475766693765 -0.15004757666937632 0.1264931785526307 0.12649317855263023
0.3000499999999833 -0.17198900283100793 -0.17198900283100763 0.14454476645852662 0.14454476645852715
0.32004999999998107 -0.14538079600989118 -0.1453807960098908 0.11781152372753155 0.11781152372753208
0.34004999999997887 -0.16910148308025788 -0.1691014830802567 0.12884021922014213 0.12884021922014316
0.36004999999997667 -0.14377831582074496 -0.14377831582074335 0.10862484054268386 0.1086248405426848
0.38004999999997446 -0.16522954921742955 -0.16522954921742802 0.11168782774702866 0.11168782774702933
0.40004999999997226 -0.14358758445698017 -0.14358758445697817 0.09836739654210458 0.09836739654210448
0.42004999999997006 -0.1604275743431622 -0.16042757434316046 0.09437157016467061 0.0943715701646691
0.44004999999996786 -0.14350123323625694 -0.14350123323625602 0.08699264087302079 0.08699264087301936
0.46004999999996565 -0.15504873515336284 -0.15504873515336226 0.07775327605129848 0.07775327605129848
0.48004999999996345 -0.14280023991432023 -0.14280023991431995 0.0746268645243891 0.074626864524389
0.5000499999999612 -0.14950900784812746 -0.1495090078481286 0.06215855144525321 0.062158551445254485
0.520049999999959 -0.14121146659784697 -0.14121146659784695 0.06145441315236551 0.06145441315236586
0.5400499999999568 -0.1440894990767295 -0.1440894990767295 0.04753508724823199 0.04753508724823194
0.5600499999999546 -0.1387091320320712 -0.1387091320320712 0.04768310845602159 0.04768310845602159
0.5800499999999524 -0.13888090827599328 -0.1388809082759933 0.0336430561557907 0.03364305615579091
0.6000499999999502 -0.13537607691511339 -0.13537607691511336 0.03352379471417235 0.033523794714172064
0.620049999999948 -0.13382613005425767 -0.1338261300542576 0.020196605660553826 0.020196605660553566
0.6400499999999458 -0.1313286424224952 -0.1313286424224952 0.01916174472645011 0.01916174472645061
0.6600499999999436 -0.12879341001574485 -0.12879341001574504 0.006944260598670915 0.006944260598670796
0.6800499999999414 -0.12667802106861312 -0.1266780210686135 0.004731018839449858 0.004731018839449763
0.7000499999999392 -0.12363647337607077 -0.12363647337607063 -0.006301031082692066 -0.006301031082691072
0.720049999999937 -0.12150991288516567 -0.12150991288516538 -0.009696181140428934 -0.009696181140428223
0.7400499999999348 -0.11822721286857107 -0.1182272128685711 -0.01966374722464806 -0.019663747224648198
0.7600499999999326 -0.11587559092139983 -0.11587559092140001 -0.024104798708406306 -0.024104798708405643
0.7800499999999304 -0.11246484280712626 -0.11246484280712472 -0.03322236836014032 -0.033222368360142945
0.8000499999999282 -0.10979122231725298 -0.10979122231725247 -0.03852387490009325 -0.03852387490009299
0.820049999999926 -0.10627131375699786 -0.10627131375699776 -0.0470292190460168 -0.04702921904601668
0.8400499999999238 -0.10324210216411543 -0.10324210216411543 -0.05301265569481401 -0.053012655694814
0.8600499999999216 -0.09958136565469494 -0.09958136565469494 -0.0611278928041097 -0.0611278928041097
0.8800499999999194 -0.09618827489555237 -0.09618827489555237 -0.06765039083738825 -0.06765039083738825
0.9000499999999172 -0.0923320530752566 -0.0923320530752566 -0.07556662473943898 -0.07556662473943898
0.920049999999915 -0.08856886112512169 -0.08856886112512181 -0.0825313464262562 -0.08253134642625634
0.9400499999999128 -0.08445356664911081 -0.08445356664911127 -0.09040824414283824 -0.09040824414283861
0.9600499999999106 -0.08030366008230017 -0.08030366008230065 -0.097764879063078 -0.09776487906307887
0.9800499999999084 -0.07585936568706322 -0.07585936568706303 -0.10573838213682368 -0.10573838213682447
1.0000499999999062 -0.07127719074007656 -0.07127719074007823 -0.11347962744910436 -0.11347962744910706
1.0200499999999042 -0.06819227533086969 -0.06819227533087066 -0.11770635600556134 -0.11770635600556321
1.040049999999902 -0.06650043646053307 -0.06650043646053191 -0.11700328661058254 -0.11700328661058505
1.0600499999998998 -0.06457330532919027 -0.0645733053291912 -0.11575669756206149 -0.11575669756206185
1.0800499999998976 -0.06300571761092293 -0.0630057176109234 -0.11452490519065615 -0.11452490519065563
1.1000499999998954 -0.06192496538904565 -0.06192496538904577 -0.11376201445158342 -0.11376201445158318
1.1200499999998932 -0.06132800237207727 -0.06132800237207875 -0.11337323322860852 -0.11337323322860973
1.140049999999891 -0.061198850105215495 -0.06119885010521469 -0.11389384814174155 -0.11389384814174679
1.1600499999998888 -0.06132035814415622 -0.0613203581441559 -0.11399917859746113 -0.11399917859746227
1.1800499999998866 -0.06086844823946568 -0.060868448239465384 -0.11488598901312998 -0.11488598901312837
1.2000499999998844 -0.06145492319628515 -0.06145492319628302 -0.11464375820599312 -0.11464375820599249
1.2200499999998822 -0.06053470341099378 -0.06053470341099318 -0.11554307408579156 -0.1155430740857917
1.24004999999988 -0.06016346520835181 -0.060163465208350315 -0.11551942591513721 -0.1155194259151401
1.2600499999998778 -0.05880406000282895 -0.06695771269124544 -0.11694295220916476 -0.10642572169819388
1.2800499999998756 -0.0582419341204546 -0.0883024742077592 -0.11775548387302952 -0.08031886333609599
1.3000499999998734 -0.04923410263471589 -0.11418093144493871 -0.12690415473587593 -0.048642163863593095
1.3200499999998712 -0.03396575209965855 -0.14579330243762048 -0.14497876552651415 -0.013526486314225195
1.340049999999869 -0.013917335353690347 -0.18293481776038784 -0.16873349394974943 0.02623473194505206
1.3600499999998668 0.008670126679874253 -0.2085295926323613 -0.19712660123987844 0.07730380120078822
1.3800499999998646 0.013082149487425568 -0.19509918807843524 -0.22183057971034206 0.1425646282870731
1.4000499999998623 -0.005688473556505839 -0.18888868664363084 -0.24118537263677545 0.1625643957197731
1.4200499999998601 -0.014556083923344608 -0.18492504713923572 -0.2629918520898336 0.17018604289362751
1.440049999999858 -0.02257642940550435 -0.19108139431497817 -0.28324334264332285 0.17285134720195222
1.4600499999998557 -0.034745542549130294 -0.19316550802782717 -0.29177852273234384 0.16844775081648408
1.4800499999998535 -0.04218364949858203 -0.19311934203529965 -0.29791337586261024 0.1611886895915934
1.5000499999998513 -0.046847446291653314 -0.19232421603834224 -0.30232869218359626 0.1502992765720148
1.5200499999998491 -0.049619824553632876 -0.18960243908476565 -0.30414698543865104 0.13621923345207715
1.540049999999847 -0.05045071865158733 -0.1853755483822641 -0.30471764055216966 0.11954119670549955
1.5600499999998447 -0.05005271815528122 -0.17949274827030834 -0.3041977912721269 0.10064077529702636
1.5800499999998425 -0.04900634573226124 -0.1719138963063092 -0.30299645189530394 0.07994771799772762
1.6000499999998403 -0.046223663460613476 -0.1631057378163982 -0.30402161692872476 0.05803496835897318
1.6200499999998381 -0.04442439727756747 -0.15312683767706095 -0.30420278487956526 0.03578504179574343
1.640049999999836 -0.043258987011933904 -0.14079774725393576 -0.3050266201046797 0.004713531746485977
1.6600499999998337 -0.04320440208188388 -0.1288405860300791 -0.30643527437726314 -0.04294812918526689
1.6800499999998315 -0.04104134926201776 -0.11529732051467012 -0.30639245345087524 -0.0649877534454108
1.7000499999998293 -0.03929752139773569 -0.10253868954864988 -0.3075411577429065 -0.08444612036023555
1.720049999999827 -0.03764089239400888 -0.08795729971642713 -0.30845534602904756 -0.10284416998404496
1.740049999999825 -0.035684862835318645 -0.07432974903204889 -0.31017969222041347 -0.11809296127281112
1.7600499999998227 -0.03409811107414364 -0.061925921292720496 -0.31191444090960524 -0.13064496663572897
1.7800499999998205 -0.031379761982417 -0.049371772282208376 -0.3144723919229786 -0.13993016581363626
1.8000499999998183 -0.02855651058411071 -0.038945430370804154 -0.31729127499089066 -0.14443619781893227
1.820049999999816 -0.02127958160575883 -0.009000515505182717 -0.3206908259489283 -0.14358771822447736
1.840049999999814 -0.016473647815923805 0.010214742940771375 -0.32436689000820074 -0.14115975623102428
1.8600499999998117 -0.010980866427603254 0.01594182329068859 -0.33199233553204344 -0.13084383384625606
1.8800499999998095 -0.004967443377025007 0.020042987487277914 -0.3390795907429269 -0.11822138184476998
1.9000499999998073 0.0058589166875659855 0.021825509173633448 -0.3453707894574687 -0.09635653165530453
1.920049999999805 0.013065567488091184 -0.007970275517615503 -0.3186836423369249 -0.2224231447931729
1.9400499999998029 0.03767547674301102 0.026405834412208937 -0.2389025177632753 -0.19240541751170898
1.9600499999998007 0.09630575569552705 0.054323456916843614 -0.19522437503239545 -0.1147766186255897
1.9800499999997985 0.13757323224574242 0.0702200795865011 -0.18337307220860766 -0.060132427729940235
2.000049999999796 0.16526746575474272 0.08159466939413222 -0.18498037961301605 -0.013517556003491405
2.0200499999998383 0.17898257472444992 0.08360086940304226 -0.1997251211845343 0.019447136479044773
2.0400499999998805 0.18041040944420353 0.0913011522979476 -0.21752028305136192 0.019436320667345644
2.0600499999999227 0.15497430894900194 0.08901423088027736 -0.22714991202136264 -0.001631780508895723
2.080049999999965 0.10050083527986127 0.08453969275776417 -0.20216687632419217 -0.030063261268675187
2.100000000000007 0.036355523379115816 0.08963353649108612 -0.16091622281814885 -0.06988613566011935
2.1200000000000494 -0.03331221549057995 0.10639210598405502 -0.09745607918682331 -0.10905621087996965
2.1400000000000916 -0.08827332693871047 0.13687509100761144 -0.013552064550334354 -0.14634739319073328
2.160000000000134 -0.08954453278413278 0.14817813570716312 0.08716830386007027 -0.1688456568920333
2.180000000000176 -0.09726322585959261 0.13071073943308475 0.1844781284402123 -0.18428804363184487
2.2000000000002182 -0.15052537594836116 0.09919580427117392 0.2181104732059328 -0.2093243715992184
2.2200000000002604 -0.17769213959686214 0.07373000615461094 0.2356014551204909 -0.22993135793891864
2.2400000000003026 -0.19855628777318787 0.05075115111522323 0.24661036958103155 -0.2469881751519953
2.260000000000345 -0.2150603826274255 0.030947983325230792 0.25072425467855824 -0.2612338655775858
2.280000000000387 -0.22797850646730464 0.014331085070482672 0.24829187213622278 -0.273081954481871
2.3000000000004293 -0.23751735105848645 0.0005117108600502673 0.2397665978610131 -0.2824081884776932
2.3200000000004715 -0.24386030324195065 -0.010654625683081072 0.2258183207392797 -0.2896004019076698
2.3400000000005137 -0.2470743535514987 -0.01951770187811039 0.20711738240222546 -0.29495449353276776
2.360000000000556 -0.24718019272491767 -0.02641524530810647 0.18438514857100263 -0.29880546265126445
2.380000000000598 -0.24421476803788425 -0.031672290421446474 0.15837470072580975 -0.301514668161167
2.4000000000006403 -0.2382423862532182 -0.0356022025713308 0.1298545514732773 -0.3034026011807045
2.4200000000006825 -0.22938859978191495 -0.03847149463624855 0.09960905683455061 -0.30475735257938197
2.4400000000007247 -0.21783180408915162 -0.04051423966383904 0.06840096016779842 -0.30575700081058277
2.460000000000767 -0.20391126651073874 -0.0419129438059859 0.03705215153081579 -0.3067888181020722
2.480000000000809 -0.18585434967299377 -0.04321438701712129 -0.01864380416440953 -0.3097860072463933
2.5000000000008513 -0.17074519108266872 -0.045220895129351034 -0.05746878711779319 -0.3099691726141555
2.5200000000008935 -0.15193026308251037 -0.04438204407193934 -0.08493149193360122 -0.3108505726635405
2.5400000000009357 -0.13337411491822915 -0.04266526161653984 -0.1089547337776906 -0.31346599985964085
2.560000000000978 -0.1138386812802685 -0.04197919406626704 -0.1297675750260069 -0.3145437609104553
2.58000000000102 -0.09565589766494204 -0.03986010204191788 -0.14583493656069352 -0.3175486588047815
2.6000000000010624 -0.0785204587788142 -0.03771581567303851 -0.15704771394859082 -0.3203533712723523
2.6200000000011046 -0.06293839431950336 -0.0349430122915919 -0.16250275899023603 -0.32345312211610966
2.6400000000011468 -0.04981482306910825 -0.03104609932880075 -0.16149924878720456 -0.3277073343793356
2.660000000001189 -0.04262503773742216 -0.02551261923203621 -0.1588029551918248 -0.3309433183303486
2.680000000001231 -0.05088025570195428 -0.019508803953820927 -0.24135508687998328 -0.3365423087526427
2.7000000000012734 -0.03006870295663977 0.008229348881137882 -0.2007441385499163 -0.3293828521298076
2.7200000000013156 -0.07485185839276702 0.04350105926553311 -0.25651750972106935 -0.27220619259849693
2.740000000001358 -0.069743031393235 0.11586033224042801 -0.2180132318000759 -0.20584215403566897
2.7600000000014 -0.05249331514556563 0.1817122670376562 -0.17433448934678875 -0.1588732895054882
2.780000000001442 -0.03982612110476524 0.23415901897679353 -0.11711078377291934 -0.14026130222936214
2.8000000000014844 -0.031371023205082976 0.26654181553881934 -0.06742081668671608 -0.14772826926220714
2.8200000000015266 -0.03615965277506875 0.28242742597804577 -0.023440666754492284 -0.16997220219437806
2.840000000001569 -0.029988443399567404 0.2820553512651147 -0.02483726981174381 -0.19761373401037682
2.860000000001611 -0.038161294451072796 0.2553571877327932 -0.037727979244385174 -0.2122654719902762
2.8800000000016532 -0.049241097331663666 0.19918823384485007 -0.06581747072822852 -0.199906084707823
2.9000000000016954 -0.051050556579389055 0.13121274153226034 -0.10286483303070759 -0.16549827862578406
2.9200000000017377 -0.038346078872587265 0.05695368163822484 -0.1459851997502809 -0.11124206505978296
2.94000000000178 -0.009634779213383545 -0.017159482311794837 -0.18753353416056423 -0.03928436285328948
2.960000000001822 0.031863182097382974 -0.09331992874652192 -0.21688001342259097 0.05592640865222682
2.9800000000018643 0.07483981246383968 -0.11194376996286612 -0.23634202069395832 0.16500300441545176
3.0000000000019065 0.07638397796288882 -0.1381669763372124 -0.2419879548794835 0.22305712248530093
3.0200000000019487 0.06127131915890258 -0.18298412805009853 -0.2382694062030877 0.23763721455156223
3.040000000001991 0.05740953482252838 -0.21064218691945402 -0.2432022895016178 0.24727894566654723
3.060000000002033 0.049126913222628965 -0.23110229574075386 -0.24493248267241752 0.24942746783667857
3.0800000000020753 0.040717817186088606 -0.2460618228051726 -0.24767643552566507 0.24549363620201137
3.1000000000021175 0.0320106807337911 -0.2567867991851681 -0.2526541796813102 0.2359396510991062
3.1200000000021597 0.022206266313520334 -0.2630423077607983 -0.2581925472134453 0.22098748880074226
3.140000000002202 0.01220564020106313 -0.2653286279813277 -0.2647555440633062 0.20149858566453002
3.160000000002244 0.0021191693192198634 -0.26388059510916484 -0.2718316268583644 0.17805034899910102
3.1800000000022863 -0.007687413714044008 -0.25890396270723554 -0.2790396145957822 0.15134779105872825
3.2000000000023285 -0.01685157364656981 -0.2506816991164628 -0.28612861681761675 0.12213431087283531
3.2200000000023707 -0.025111337102147677 -0.2394834209183042 -0.2928098334872537 0.09116049211118626
3.240000000002413 -0.032228958598824055 -0.22563505642411835 -0.29889845334751164 0.05921166835068665
3.260000000002455 -0.03804068072693602 -0.20951518421473908 -0.3042713912444828 0.027081967296018406
3.2800000000024974 -0.04349846632066835 -0.1910599653954575 -0.31135766439586976 -0.037042338897122044
3.3000000000025396 -0.0474757499093836 -0.17235094754604174 -0.31283210690655233 -0.06941920367389669
3.3200000000025818 -0.04737266954332261 -0.152490016887707 -0.31650495047112487 -0.09708036518581774
3.340000000002624 -0.0472041051421009 -0.13204507662346807 -0.31852973744262586 -0.12210758825827507
3.360000000002666 -0.04565067712912084 -0.11179826565145538 -0.3201759266217214 -0.1431736280169561
3.3800000000027084 -0.04320303887705272 -0.09267371645143728 -0.3223576824242617 -0.15969007050598027
3.4000000000027506 -0.039924100980836416 -0.07525610697375809 -0.3252409891869583 -0.17083139409559148
3.420000000002793 -0.03605150138430609 -0.05963410680712158 -0.3283418621890484 -0.17583496970380313
3.440000000002835 -0.031067754995875142 -0.046604612201289725 -0.3323895703185041 -0.17379204228322218
3.460000000002877 -0.020000067677956996 -0.03502454722177136 -0.338041640431083 -0.16858225429135773
3.4800000000029194 0.0023516986903423433 -0.0593776722704992 -0.3414353231306085 -0.1770540384583384
3.5000000000029616 0.027010760949458396 -0.07749546074086575 -0.32168037654920784 -0.21343974436205201
3.520000000003004 0.06835112178096298 -0.053928197787364025 -0.25973488605605194 -0.254964324485039
3.540000000003046 0.1398671367059311 -0.055879951859954057 -0.2011355391740687 -0.22420030327691456
3.5600000000030882 0.20544499732008367 -0.0526169150293897 -0.1558533998794591 -0.17046007465938806
3.5800000000031305 0.2612641610704895 -0.04483297502865456 -0.1447332346348622 -0.10350336400160294
3.6000000000031727 0.2940999460344665 -0.039626197179672265 -0.15727882707692567 -0.048354818913331495
3.620000000003215 0.31152142334380084 -0.041680472242995315 -0.18430279725113924 -0.003619576130848721
3.640000000003257 0.31042300088884967 -0.0385792328199879 -0.2192402185089842 -0.002448325071338327
3.6600000000032993 0.28036236887608396 -0.0369268339629233 -0.24038755311685284 -0.010018259988689411
3.6800000000033415 0.2165759015573275 -0.040968384210772764 -0.22744089217610156 -0.035825519212273255
3.7000000000033837 0.1422236708869127 -0.05743304045224643 -0.1927453712972653 -0.09463269405688066
3.720000000003426 0.065880265301401 -0.04545429245681839 -0.134890482933369 -0.14187971694857712
3.740000000003468 -0.010708004726911165 -0.014764537168660025 -0.05522222853103926 -0.18437506736929163
3.7600000000035103 -0.08022500230946941 0.03156227518392776 0.032168885877807 -0.21880953820392088
3.7800000000035525 -0.10910164463626477 0.07645260313644825 0.1575309262720621 -0.23681675334362565
3.8000000000035947 -0.12261702641870087 0.0827366077935082 0.22626635597230677 -0.2378054766198747
3.820000000003637 -0.181540059969439 0.06722884517215759 0.24777456999136377 -0.23541665554938437
3.840000000003679 -0.21240582869913074 0.06358578808799593 0.25852359533024216 -0.239046126781749
3.8600000000037213 -0.23524228218909354 0.056127494819803905 0.26196535149682965 -0.24049290611644208
3.8800000000037635 -0.2519873314520368 0.047860462594371364 0.25875393432400773 -0.24277255121959954
3.9000000000038058 -0.2640524627515117 0.039117264290797864 0.24959651131644395 -0.24762870726771674
3.920000000003848 -0.27135617919060595 0.028989977519942707 0.23471591250714335 -0.2533723574866253
3.94000000000389 -0.27439506854654877 0.018383534440141822 0.21500002798391066 -0.2603393073320997
3.9600000000039324 -0.27346861836203384 0.007510646236599203 0.19108471532133284 -0.2680344486013625
3.9800000000039746 -0.2688064139618257 -0.003227755727945723 0.16369639932929717 -0.27598656757965606
4.000000000004016 -0.26071028988362466 -0.01339641722898718 0.13361502409406872 -0.28388797539119964
4.02000000000397 -0.24946716666975519 -0.02267394851133396 0.10162379104148185 -0.29139446807365077
4.040000000003923 -0.23541379925644526 -0.03077184868523633 0.06854117080603203 -0.2982694093766201
4.0600000000038765 -0.21894154404003602 -0.0374832003255591 0.03519586837797182 -0.30435247514521324
4.08000000000383 -0.19863489713734578 -0.04343129145530929 -0.025476050826917285 -0.31137991004181
4.100000000003783 -0.18084653176405088 -0.048450070414116454 -0.06366862582367773 -0.31444911340249976
4.120000000003737 -0.16000412942875777 -0.04911475754341764 -0.09280911191001683 -0.31786644795169905
4.14000000000369 -0.138989668201662 -0.04901865638909625 -0.11898398606067936 -0.3204994237521369
4.1600000000036434 -0.11788083139614755 -0.047772868467240756 -0.14124996258567246 -0.32211741143946027
4.180000000003597 -0.09785052118261722 -0.045309585406014666 -0.1588010389641458 -0.3240852210160185
4.20000000000355 -0.07958942070416125 -0.04203213295499067 -0.17090224106944787 -0.32685552096793435
4.220000000003504 -0.06322382053313806 -0.038048103748786574 -0.1767029038399113 -0.3299626599696452
4.240000000003457 -0.04938469298226049 -0.03305507857507501 -0.1753433909225255 -0.3338179235189797
4.26000000000341 -0.038198575567354925 -0.022472936624819553 -0.17141127924810245 -0.3393769060781355
4.280000000003364 -0.06798006878479325 0.0002026503277078904 -0.1825645630705375 -0.343584488659123
4.300000000003317 -0.0797859482154424 0.028622183313939075 -0.2134135150700175 -0.32274893423361095
4.320000000003271 -0.06644591720461916 0.06512330469494357 -0.3218120341543805 -0.2505973232843444
4.340000000003224 -0.07081760562235655 0.1423533190483835 -0.26405678068964 -0.19255075880036135
4.360000000003177 -0.06589637295255114 0.21280564169118202 -0.18992882013072626 -0.14984011492047464
4.380000000003131 -0.05568147210732016 0.2708384083615193 -0.11290406652734923 -0.1393114575724841
4.400000000003084 -0.05018875019801361 0.3046096249761391 -0.053792338161389675 -0.15269598045895685
4.4200000000030375 -0.05362944259042776 0.3220982009515121 -0.0071299354878859855 -0.18107817864763093
4.440000000002991 -0.04524313429483644 0.3205553699435413 -0.00043423324227176484 -0.216777733226822
4.460000000002944 -0.03913897591617527 0.2893709814651923 -0.0037097771158872785 -0.23847414402551326
4.480000000002898 -0.04017935201188035 0.22173375982275662 -0.02951104694535173 -0.22782071479441124
4.500000000002851 -0.054772521537121935 0.14421276590919047 -0.09010412656651627 -0.1953976245414372
4.520000000002804 -0.05468820347749014 0.071164701148396 -0.1457921721788559 -0.1398670569958064
4.540000000002758 -0.024819752431775418 -0.003056991960290343 -0.1883249109646861 -0.0610235739102576
4.560000000002711 0.02090129771803585 -0.0702221960542025 -0.22292268535268925 0.02698554963178291
4.580000000002665 0.06753638724019577 -0.10545465791973699 -0.24161520353274932 0.1474624855839646
4.600000000002618 0.07825115929461117 -0.1149994028452204 -0.24263240322863358 0.22250560911316436
4.620000000002571 0.06377316432113356 -0.17299068575492615 -0.2394023322901677 0.2447466296793341
4.640000000002525 0.06064874363299235 -0.2034157640852954 -0.24128935054764575 0.2556377237737305
4.660000000002478 0.05441864932729422 -0.22623041155942195 -0.24214500736398306 0.25966631956382275
4.6800000000024315 0.04684521570866025 -0.24292521649506219 -0.24352107234119644 0.2570894264131408
4.700000000002385 0.03875663393021408 -0.25498870494918724 -0.2476705585901411 0.24878390930365005
4.720000000002338 0.029149509505785834 -0.26239818092235884 -0.2529224487871572 0.23493046073157364
4.740000000002292 0.018877640527639045 -0.2656204045118567 -0.25949288259313447 0.21637132659230174
4.760000000002245 0.008223008785267497 -0.2649965656756272 -0.2669419060080729 0.19373838379054859
4.7800000000021985 -0.002418951001006513 -0.2607681798363016 -0.2747525975431489 0.16771919585628647
4.800000000002152 -0.012587217461782936 -0.25324499517906934 -0.2825934198701996 0.13906357304917707
4.820000000002105 -0.0219392242726418 -0.24271857106046954 -0.29010044451963757 0.10852096684416326
4.840000000002059 -0.0301719479579869 -0.22951671130624018 -0.2970121977820637 0.07687339736959747
4.860000000002012 -0.03706489081103192 -0.21401335610393732 -0.3031506440245978 0.04491384076251661
4.880000000001965 -0.04249312830704243 -0.194168820550399 -0.30936114105064194 -0.0013834638835633828
4.900000000001919 -0.048182456952973574 -0.17820283567691342 -0.31430270731762244 -0.050872634732078606
4.920000000001872 -0.050032974217982557 -0.15824779276205544 -0.316524082621405 -0.07969336036995076
4.940000000001826 -0.04973434175001812 -0.13852120644403848 -0.3196503979857425 -0.10489338372949057
4.960000000001779 -0.04892175011034366 -0.11845033127591037 -0.3211406261638665 -0.12666604968415454
4.980000000001732 -0.046621807127341215 -0.0992810037979821 -0.32272953416310307 -0.14391800495068285
5.000000000001686 -0.04374298105710374 -0.08159771158042695 -0.3249415590506614 -0.15615604662503968
5.020000000001639 -0.039935525912485455 -0.06588874908308995 -0.32779202096703647 -0.16250315735450113
5.0400000000015925 -0.03542437732356164 -0.05221342608373171 -0.3310491658701852 -0.1623179620626909
5.060000000001546 -0.02776746578273578 -0.04387555791764806 -0.3344742954795894 -0.16090283132327057
5.080000000001499 -0.012307682325618411 -0.08578371076035014 -0.3388764995065835 -0.1943960229568157
5.100000000001453 0.0051321425124549805 -0.07409853161389057 -0.3174920463757232 -0.2959466203103866
5.120000000001406 0.05543479206247763 -0.07005800292272465 -0.2650364289296696 -0.23248498827273661
5.1400000000013595 0.12566190349091372 -0.06743814264082831 -0.2019571254377326 -0.22028857116443992
5.160000000001313 0.1910286129041948 -0.06011393008780903 -0.15572441250938598 -0.18105719934311768
5.180000000001266 0.24377540449511495 -0.05056396059718633 -0.13666041195601983 -0.12314615297110966
5.20000000000122 0.27716856347766844 -0.04332502411333627 -0.14384309535211148 -0.07249587975129235
5.220000000001173 0.29330186917331746 -0.04922573507646652 -0.16697290094587267 -0.028707009206764483
5.240000000001126 0.293251525813514 -0.04318189057510412 -0.1951562154530125 -0.029091657130045048
5.26000000000108 0.2661365589660868 -0.04569593809496183 -0.2105660835029896 -0.03506486837271037
5.280000000001033 0.20864706009654502 -0.052325777187090736 -0.19882572897223444 -0.0589715645555311
5.300000000000987 0.13958552890509332 -0.06570850268386308 -0.16607920118667627 -0.10649385545433644
5.32000000000094 0.06594840317892359 -0.052649917580376314 -0.11356998914847576 -0.1496742854960169
5.340000000000893 -0.008695202882529026 -0.024274049215930796 -0.0413188876218653 -0.19056565493468278
5.360000000000847 -0.08460008736288652 0.01794464602426075 0.05236240792331041 -0.22116692766690224
5.3800000000008 -0.11283661109281641 0.06390202112725396 0.15991237763980348 -0.2411995087040612
5.4000000000007535 -0.13303211571336565 0.0729407954451714 0.22304775421702855 -0.24778176154766968
5.420000000000707 -0.18204859711007096 0.05764871378700662 0.237853139312794 -0.24154633131510678
5.44000000000066 -0.21030422334360319 0.055721982807477775 0.24720663850979308 -0.24454187076966527
5.460000000000614 -0.23141407533465802 0.04928384206208099 0.24930116307086897 -0.24520241039659066
5.480000000000567 -0.2466202566909088 0.04189446388646784 0.24517929194965218 -0.24642539891531853
5.5000000000005205 -0.2575670963433344 0.03416661843686156 0.23559099796679472 -0.2505900255139764
5.520000000000474 -0.2639380753430712 0.024898534355389162 0.22060754926549084 -0.25560473215534796
5.540000000000427 -0.26622916431268095 0.015115829019232583 0.20111822358990697 -0.2619290383274006
5.560000000000381 -0.2647294859074085 0.005002306477205161 0.17770176036623278 -0.2690608916892388
5.580000000000334 -0.2596467808592178 -0.0050484612423513315 0.15104297909412584 -0.2765082836211738
5.600000000000287 -0.2512892612050275 -0.014593227996896696 0.1218850171396374 -0.2839743906482898
5.620000000000241 -0.23994465914484947 -0.02331400836205445 0.09097051225893844 -0.29110814438074856
5.640000000000194 -0.22595159094613362 -0.030920126684104515 0.05907991345304804 -0.297670797333537
5.660000000000148 -0.20970007701156812 -0.037203503955498776 0.027003883412384484 -0.3034991400888164
5.680000000000101 -0.19113097430135795 -0.0430842753865487 -0.03707320922470177 -0.3109894190682438
5.700000000000054 -0.17233576745470555 -0.04741515485350273 -0.06941446079101796 -0.3128006233887348
5.720000000000008 -0.15241155020912625 -0.047584067308634986 -0.09704881268537034 -0.3167302912831514
5.740049999999961 -0.13189151213602804 -0.047684914811894415 -0.12204754817768915 -0.3189792737772804
5.760049999999914 -0.11168518575147265 -0.04620228179810424 -0.14314067779578735 -0.32070178370470737
5.780049999999868 -0.09253117576583189 -0.043662649460323305 -0.15963359426255722 -0.3227498403459108
5.800049999999821 -0.0751187349003672 -0.04038551916311344 -0.1708029772890823 -0.32557460574328306
5.820049999999775 -0.059573104904845936 -0.036412853799034604 -0.1758148763538356 -0.3287072447937811
5.840049999999728 -0.04655907069031549 -0.03141112973743721 -0.1738159063141808 -0.3325974267169597
5.860049999999681 -0.03590583466241936 -0.020953809081497726 -0.16918798673156568 -0.33808253864685534
5.880049999999635 -0.06130225792360066 0.0016854399040207298 -0.18258933511034936 -0.3428713371192293
5.900049999999588 -0.07721329408074439 0.023201699192735927 -0.2269457452614923 -0.3212354139620217
5.9200499999995415 -0.05510470452475236 0.06671568838672616 -0.251934184239193 -0.26061721779990293
5.940049999999495 -0.056229534555800174 0.13866692137751352 -0.2267155716423959 -0.20072885293553383
5.960049999999448 -0.0522027200923509 0.20513030575514968 -0.17044815039262662 -0.1556481758627589
5.980049999999402 -0.04426434057540184 0.2610152555109105 -0.10306900750658411 -0.14468898221488646
6.000049999999355 -0.03899494644362594 0.2938056382932836 -0.04791628496163277 -0.15739657165434912
6.0200499999993085 -0.04111130949649574 0.31109319739716335 -0.003155929342627107 -0.18449510691700483
6.040049999999262 -0.037989522558904455 0.3099319192248105 -0.0023573649138190814 -0.21940460244586082
6.060049999999215 -0.03670169749446067 0.27987897042876325 -0.010216888219689238 -0.24045105742894735
6.080049999999169 -0.040895596074531956 0.21625133665378965 -0.03615872934976315 -0.22751480914813027
6.100049999999122 -0.057331421724536084 0.14206981403005173 -0.09481094072386274 -0.19270295048609482
6.120049999999075 -0.04492566518532807 0.06565021924961192 -0.1416766615414978 -0.13475197361686836
6.140049999999029 -0.014197749301815223 -0.010927012564535508 -0.18413574729090723 -0.055100425296168466
6.160049999998982 0.03211050489887836 -0.08045260485946559 -0.2185927415551264 0.032288726417403144
6.180049999998936 0.0766430659402703 -0.10938267734499368 -0.2364526732869293 0.15827253533766242
6.200049999998889 0.08289012882644281 -0.12263441530318656 -0.2376197102417548 0.2262639491274834
6.220049999998842 0.06733025307420004 -0.1815496020737637 -0.23533361082506815 0.24777648895601315
6.240049999998796 0.06361791050945262 -0.21240763042307448 -0.2390482921261849 0.2585264630714439
6.260049999998749 0.056092835643051654 -0.2352281335146277 -0.24053715371937046 0.26196599746079724
6.2800499999987025 0.047791714884755906 -0.25196820881203275 -0.24286657050573585 0.2587574840109309
6.300049999998656 0.039019770461954345 -0.26403042337719784 -0.2477466712974893 0.24959843430311954
6.320049999998609 0.028880164993134422 -0.27133484491061094 -0.25350033762488133 0.23471563500398285
6.340049999998563 0.018274249757149853 -0.2743787627508355 -0.26046784555643915 0.21499695598962112
6.360049999998516 0.0074096468223613975 -0.27345880343018647 -0.26815231277207197 0.19107774014206397
6.3800499999984694 -0.003313420081945281 -0.26880451523241045 -0.276088095612523 0.1636855456234077
6.400049999998423 -0.013463340732844218 -0.2607166939670522 -0.283969406138787 0.1336003013069554
6.420049999998376 -0.022720985356262942 -0.24948143814571935 -0.29145433570145163 0.1016055297376894
6.44004999999833 -0.030799701195177758 -0.23543511776454407 -0.29830843517023553 0.06851993472647408
6.460049999998283 -0.03749413103750323 -0.21896867060538333 -0.30437267261490286 0.03517232157914288
6.480049999998236 -0.04324981128100419 -0.19828714697287902 -0.3115510525705241 -0.026109477381620307
6.50004999999819 -0.04843878006730032 -0.18088363390579879 -0.3144408295971702 -0.0636969728333679
6.520049999998143 -0.04909518854978585 -0.16003939167049303 -0.31784878576453 -0.09283545686639952
6.5400499999980966 -0.048995909673290636 -0.13902603776569436 -0.3204779591559726 -0.11900918037789535
6.56004999999805 -0.04775035561972509 -0.11791538644990225 -0.3220927777360889 -0.14127364411209603
6.580049999998003 -0.0452605582830213 -0.09787933420546875 -0.3240601957572767 -0.15881219036925387
6.600049999997957 -0.042018163561668334 -0.07960324807369068 -0.3268454897206507 -0.17091285261650757
6.62004999999791 -0.03806006561179826 -0.06324129136791824 -0.32991301708616166 -0.17672658982269995
6.6400499999978635 -0.03304233274487765 -0.04942729844488632 -0.3338401122336727 -0.1753498759397123
6.660049999997817 -0.022390758359151466 -0.0381037047092915 -0.3394294308484714 -0.17141094099717824
6.68004999999777 0.0002133604015904908 -0.06791958283326065 -0.343482303807706 -0.18247112287176556
6.700049999997724 0.028862326640178914 -0.07923772614476349 -0.3225944717071143 -0.2133623037472282
6.720049999997677 0.06529308494739454 -0.06652708684474747 -0.25052000431137317 -0.3215752212471638
6.74004999999763 0.1425094334708855 -0.07073842756002939 -0.19265850035491322 -0.2635806073421546
6.760049999997584 0.21284122488032045 -0.06588747190099815 -0.1499427464490801 -0.1898242691761509
6.780049999997537 0.27086959039220276 -0.05568888231744227 -0.13940703958687375 -0.11286168087944551
6.800049999997491 0.3046540984866642 -0.05020600393953573 -0.15277793331663092 -0.053778393535565634
6.820049999997444 0.3221889854449309 -0.053636603335790685 -0.18117228870708274 -0.007089457206672747
6.840049999997397 0.32066502902617244 -0.04517325079656701 -0.21688046466268637 -0.0003450471970661823
6.860049999997351 0.28904280530330756 -0.03904337118992005 -0.2383296867616392 -0.0035863429209909117
6.880049999997304 0.22029295121626516 -0.040026230059577686 -0.22704624861323944 -0.029537364583570026
6.9000499999972575 0.14147720651791182 -0.05474757488803499 -0.19381947414726983 -0.09077750020432261
6.920049999997211 0.06675420799247153 -0.052956063158928854 -0.13728659810820745 -0.14594158204450086
6.940049999997164 -0.00939618584863543 -0.021777399191734357 -0.05729111525076436 -0.18847300661178376
6.960049999997118 -0.07757630864176342 0.025188548324646516 0.031143575712318416 -0.22161254287869558
6.980049999997071 -0.11042634757122148 0.07195189209480789 0.15597205455411575 -0.2399125270281787
7.0000499999970245 -0.12234883706921129 0.08060971682832788 0.22619445841107708 -0.2401737398451026
7.020049999996978 -0.18131439190154053 0.0660919562007076 0.24786280318271148 -0.23687887715432882
7.040049999996931 -0.212343407333682 0.063124026772658 0.2584692273981514 -0.23936146723417343
7.060049999996885 -0.23542842302442885 0.056493534589512756 0.26187500441333755 -0.24023193538884607
7.080049999996838 -0.25232596268996393 0.04872684059878683 0.25859683012313567 -0.2419569407208611
7.100049999996791 -0.264475476150169 0.040339696860563885 0.2494064889871923 -0.24645047465033645
7.120049999996745 -0.2718214047808569 0.030411743572682018 0.23451724246654454 -0.2520236612732376
7.140049999996698 -0.27485321261719103 0.01984565819327719 0.2148032053615345 -0.2589450227100497
7.160049999996652 -0.2738894400270546 0.008902678562894123 0.19090366770627773 -0.26671484648809773
7.180049999996605 -0.26916948018460735 -0.0019928713102211506 0.16353804573657113 -0.2748233649709613
7.200049999996558 -0.2610039887311698 -0.012373735633630211 0.13348333635429474 -0.2829315979942221
7.220049999996512 -0.2496889401731048 -0.02188950950056321 0.10152024556070466 -0.2906693092471278
7.240049999996465 -0.23556703274537463 -0.030228469472047034 0.06846479660413181 -0.2977757829983215
7.2600499999964185 -0.21903413657136708 -0.037164693117215236 0.03514418952585571 -0.30407307217200336
7.280049999996372 -0.19854651107507776 -0.04324298274690267 -0.02571060835224684 -0.3113469107444879
7.300049999996325 -0.18085107163071854 -0.04848468459934699 -0.0636823010165227 -0.31450155314595435
7.320049999996279 -0.1599819697860003 -0.04926746189599086 -0.09281144525184293 -0.3180256854801254
7.340049999996232 -0.13895237625767506 -0.04924812148395573 -0.11897795112898843 -0.3207285806810064
7.3600499999961855 -0.11783711833522732 -0.04804270647614742 -0.14123969115971988 -0.32238067570972506
7.380049999996139 -0.09780745988621105 -0.045541992707797206 -0.15877634360865903 -0.32433184290688166
7.400049999996092 -0.07952588275015539 -0.042296846040075255 -0.1708949300763622 -0.3270409115026487
7.420049999996046 -0.06321899680853948 -0.03823723977930622 -0.1766869384438289 -0.33015121136979625
7.440049999995999 -0.049453393993567234 -0.033130786501019846 -0.17528893749537416 -0.3341452169816844
7.460049999995952 -0.03863320403767866 -0.02310418106587702 -0.17148027863427795 -0.3391243734235628
7.480049999995906 -0.06884599841379634 -9.476602587164057e-5 -0.18359323153873225 -0.34402224036985446
7.500049999995859 -0.08016055144042133 0.028017859558861116 -0.21434074350385418 -0.32278657656703075
7.520049999995813 -0.06696551208125383 0.06488963093328627 -0.32179593774886756 -0.2506218397740151
7.540049999995766 -0.07109013687722097 0.14234878246279653 -0.2642850741367119 -0.19246798943909466
7.560049999995719 -0.06588480097658242 0.2128787339801445 -0.18976280455501582 -0.14981151674693113
7.580049999995673 -0.0555937709124234 0.27091061113984954 -0.11273671992175871 -0.13936286295963146
7.600049999995626 -0.050090963169715605 0.30463180567863496 -0.05367307381601287 -0.15278104926186686
7.6200499999955795 -0.05351284561314476 0.3221319723762277 -0.006990875786515634 -0.18118834879332402
7.640049999995533 -0.04513842873508213 0.32058276281180803 -0.000368615763976233 -0.21690811866934426
7.660049999995486 -0.03901489856573639 0.28896487601238624 -0.0036310821464347145 -0.2383476240280324
7.68004999999544 -0.04004913645639185 0.22026414890078924 -0.029602315018586338 -0.22705274302528278
7.700049999995393 -0.05478303886449991 0.14149244242345302 -0.09081532610752749 -0.1938104203881425
7.7200499999953465 -0.05289036131232287 0.06675835421971109 -0.14589514293037661 -0.13726695629881605
7.7400499999953 -0.021723558109218156 -0.009399513569379651 -0.18843469482090935 -0.05727186701380137
7.760049999995253 0.02523545496203913 -0.07759210723089113 -0.22159071168128472 0.03115182669337753
7.780049999995207 0.07197564808628605 -0.11041893710352095 -0.23988701122356004 0.15598631131663557
7.80004999999516 0.08062289700675444 -0.12235011963489609 -0.24016000089314365 0.22619476056536575
7.820049999995113 0.0660976605260516 -0.1813153991373582 -0.2368729829345021 0.24786246203328144
7.840049999995067 0.06312372604269746 -0.21234267536097542 -0.23936177342814122 0.25846947308230434
7.86004999999502 0.05648850652582263 -0.23542630425775965 -0.24023695487842103 0.2618757685827386
7.880049999994974 0.04871848125514406 -0.25232295696702894 -0.2419651835821141 0.25859791257199327
7.900049999994927 0.04032939880609508 -0.2644720621804838 -0.24646061845120212 0.2494077227880312
7.92004999999488 0.030400695471689856 -0.27181795453514945 -0.2520344768776278 0.23451847401951967
7.940049999994834 0.01983486442152808 -0.27485000803323567 -0.25895553081228373 0.2148043303333649
7.960049999994787 0.008892894512402582 -0.27388667077060813 -0.26672431447361816 0.190904618066409
7.9800499999947405 -0.0020011382658353346 -0.26916724963952604 -0.2748313074890075 0.16353878742520875
8.000049999994694 -0.012380208183381548 -0.26100233169590814 -0.2829377636568381 0.13348386291789097
8.020049999994647 -0.021894112270723163 -0.24968783742849238 -0.2906736436627741 0.10152056986317987
8.0400499999946 -0.03023128825314226 -0.23556642729716207 -0.2977783884783078 0.0684649446529157
8.060049999994554 -0.037165931822208766 -0.21903394768735315 -0.3040741630483621 0.0351441951809348
8.080049999994507 -0.04324292205777952 -0.19854664695056695 -0.31134677054209775 -0.02571070654999134
8.10004999999446 -0.048483636173566415 -0.18085143484057875 -0.31450049811737757 -0.06368246308062897
8.120049999994414 -0.049265752212733764 -0.15998246673070216 -0.3180240244067691 -0.09281163502801615
8.140049999994368 -0.049246051288172166 -0.1389529200618182 -0.320726599258395 -0.1189781330603789
8.160049999994321 -0.048040537763640846 -0.1178376389810795 -0.32237862104895953 -0.14123983784642816
8.180049999994274 -0.04554014447005742 -0.09780804051040036 -0.3243298879234529 -0.15877656690194977
8.200049999994228 -0.04229658399550652 -0.07952710971584738 -0.32703911537780267 -0.17089598633661743
8.220049999994181 -0.03824028031138647 -0.06322136750725327 -0.3301496918480692 -0.17668997018591806
8.240049999994135 -0.03313875461938293 -0.049457043248567936 -0.33414419747172736 -0.17529503514305048
8.260049999994088 -0.02311631613621932 -0.03862351608094581 -0.33909194730226955 -0.1714852116773457
8.280049999994041 -0.00010788095553437701 -0.06880461227287114 -0.34399354437947216 -0.18356594557170494
8.300049999993995 0.028033858946068902 -0.08012470256597648 -0.3227770890334537 -0.21431523715695125
8.320049999993948 0.06486801540047678 -0.06699272808449759 -0.2505873352812952 -0.3219177857202927
8.340049999993902 0.14231915689551625 -0.07111800946502365 -0.19243952746989235 -0.2643504545965467
8.360049999993855 0.21284182451941652 -0.06591327182104936 -0.14977160221838376 -0.18982436190465607
8.380049999993808 0.2708690636083004 -0.05561924913537958 -0.13931011345870065 -0.11278887171881699
8.400049999993762 0.30458485907242383 -0.05011883001862912 -0.15271107443263165 -0.053715774661713636
8.420049999993715 0.32207511159103996 -0.05354094735176647 -0.18109770702955882 -0.007050213724443992
8.440049999993668 0.3205190876399129 -0.045202201530449806 -0.21679673834299207 -0.0004310002852639635
8.460049999993622 0.2893504859824977 -0.03909794870645562 -0.23849169844668155 -0.00370406455605272
8.480049999993575 0.2217485733120069 -0.0401760757124431 -0.2278281783799664 -0.02951016097240564
8.500049999993529 0.14426127324333943 -0.054773810120744344 -0.19538740320963563 -0.09007696664858807
8.520049999993482 0.07119832053309438 -0.05463258714194448 -0.13984188448598642 -0.14570942821730187
8.540049999993435 -0.003039379256200159 -0.024779842672214964 -0.061004111501042346 -0.188261232078575
8.560049999993389 -0.070195725469275 0.020925156859461776 0.02700945320263131 -0.22287508219888866
8.580049999993342 -0.10568809582015587 0.06743495759893928 0.14788006782532728 -0.24152043082970673
8.600049999993296 -0.11500866588681927 0.07822823854970529 0.22249259592397547 -0.24266192201962858
8.620049999993249 -0.17297558960780562 0.06375842620227874 0.24475330217024607 -0.23943924184863594
8.640049999993202 -0.20340819112189665 0.0606298149797314 0.25564119113163275 -0.24134054690352535
8.660049999993156 -0.2262249980712958 0.054391302383555974 0.2596631049170012 -0.24218652369977198
8.680049999993109 -0.24292643707885844 0.04682554788672837 0.25708420051067227 -0.24356599193084755
8.700049999993062 -0.25499495022877156 0.03874005838262506 0.24877474082704976 -0.2477097777506226
8.720049999993016 -0.26240884949371907 0.029138777215308206 0.23491786619460517 -0.25295381456715643
8.74004999999297 -0.26563627270709433 0.01887444561208494 0.21635593191302108 -0.25951794879457685
8.760049999992923 -0.2650166778450085 0.00822595456094932 0.1937200675902384 -0.26695900216676055
8.780049999992876 -0.26079210542876563 -0.002410089841446714 0.16769855324769195 -0.274762748193337
8.80004999999283 -0.2532721176594746 -0.012573768522750045 0.13904102656950876 -0.2825975710722221
8.820049999992783 -0.24274808304937437 -0.02192272398617188 0.10849700288362672 -0.29009962886744933
8.840049999992736 -0.22954792299594606 -0.030153887797199595 0.0768485638398899 -0.2970078000414461
8.86004999999269 -0.21404555542356538 -0.037046800373639055 0.04488864566608354 -0.30314390302424576
8.880049999992643 -0.19498119045577328 -0.04285833677399595 -0.00013748983840288406 -0.30896739319082656
8.900049999992596 -0.17822550582895555 -0.048162731893975706 -0.05088885896875607 -0.3142944327221913
8.92004999999255 -0.15828068169095086 -0.05002210087499655 -0.07971734908654514 -0.31651728427066284
8.940049999992503 -0.1385504636191056 -0.04972766452580394 -0.10491582790549984 -0.31964227083930247
8.960049999992457 -0.1184789980145868 -0.048917419172525754 -0.12668622444755204 -0.32113588655308606
8.98004999999241 -0.09930793608054021 -0.046624452661948736 -0.14393674050291053 -0.3227276911589096
9.000049999992363 -0.08163014928761048 -0.043765822649335685 -0.15618521363591084 -0.32494671122841545
9.020049999992317 -0.06591811742284506 -0.03995391315335618 -0.16251212247724942 -0.3278996839754434
9.04004999999227 -0.05223455295527531 -0.03548147622729419 -0.1623282821403403 -0.33110339584610576
9.060049999992223 -0.04334837902505932 -0.026890692659722167 -0.16124046295712416 -0.33609631605111834
9.080049999992177 -0.08544325391254394 -0.012263772988371894 -0.19363569569488126 -0.3385653743597236
9.10004999999213 -0.07464915785697387 0.005422949682630231 -0.29486042252402045 -0.31746614721579475
9.120049999992084 -0.06987572157050964 0.05559117440370716 -0.23221302052693438 -0.2649393875339222
9.140049999992037 -0.06739433045933482 0.12569664353515295 -0.21991155574786075 -0.20198290335307412
9.16004999999199 -0.060144160460650756 0.19098367558119428 -0.18093030914088434 -0.15576960008630916
9.180049999991944 -0.05059233638519448 0.2437385630063982 -0.12316290816687946 -0.1367156699907451
9.200049999991897 -0.043359624561872465 0.27712995975344207 -0.07254337085494618 -0.14385902522840155
9.22004999999185 -0.049239609036830966 0.2933080044906656 -0.02874285142989842 -0.16698955127262186
9.240049999991804 -0.04318233065975117 0.2932650840709112 -0.029092433237614432 -0.19515066863336167
9.260049999991757 -0.04567838470346779 0.2661722826839426 -0.03503916075586134 -0.2105667552348903
9.28004999999171 -0.052304047218584976 0.20868273851855215 -0.058923333278942405 -0.1988188105851024
9.300049999991664 -0.06569047255636552 0.13962695888937954 -0.10645385508721697 -0.16606737118427678
9.320049999991618 -0.052651158720741116 0.06597881072903992 -0.1496365290164391 -0.11355836752179874
9.340049999991571 -0.024276401402769522 -0.008672725441737378 -0.19053345821712367 -0.04130999948137508
9.360049999991524 0.018029405013723833 -0.08438854321214374 -0.22121598125267644 0.0520533301932953
9.380049999991478 0.06388760775003559 -0.11283780770393063 -0.2412014675684323 0.1599239768199187
9.400049999991431 0.07230646580900241 -0.1343561639163479 -0.2474425223773707 0.22422283812677138
9.420049999991384 0.05764612377403857 -0.18204022969475828 -0.24158137790168782 0.23786151882671308
9.440049999991338 0.05571188930368516 -0.21030323883507968 -0.24457647715152608 0.24720614660257614
9.460049999991291 0.049272476340198844 -0.23141571163554966 -0.24522991399336266 0.24929584944406027
9.480049999991245 0.04189013039714945 -0.24662812827713526 -0.2464554299042255 0.24517178239259793
9.500049999991198 0.03416406662240919 -0.25757865225734794 -0.2506145031046572 0.2355798147492514
9.520049999991151 0.02490028331072643 -0.2639530934793181 -0.25562375155629513 0.22059360505958758
9.540049999991105 0.015122346749708266 -0.26624829194445543 -0.2619442085592607 0.20110193140233198
9.560049999991058 0.0050120651921276155 -0.264751742850311 -0.2690708598217511 0.1776830559694427
9.580049999991012 -0.00503564447094196 -0.25967193737830613 -0.27651415949188685 0.15102239977734702
9.600049999990965 -0.014578506215048732 -0.25131683404535904 -0.2839767634831413 0.12186285878157611
9.620049999990918 -0.023298480913103208 -0.23997402784771177 -0.29110763753132446 0.09094716173633367
9.640049999990872 -0.03090478964990587 -0.22598224837354505 -0.2976682631562737 0.05905580224891494
9.660049999990825 -0.037189348179181445 -0.20973146359544553 -0.30349525164521207 0.026979420119687292
9.680049999990779 -0.04306992293932759 -0.19115661978784299 -0.3109830530878977 -0.03709386567369365
9.700049999990732 -0.04740537147093214 -0.1723671378048125 -0.3127956015001687 -0.06943833565622216
9.720049999990685 -0.04757763240594502 -0.1524421989472617 -0.31672530160389345 -0.09707245571541058
9.740049999990639 -0.04760074662661996 -0.13195715310878028 -0.31892733089877107 -0.12208133272635811
9.760049999990592 -0.04614673845243755 -0.11169584153759031 -0.3206557491345791 -0.1431389440085906
9.780049999990545 -0.043635784328355055 -0.09252144502956494 -0.32270159452347347 -0.15962896999737092
9.800049999990499 -0.040364886896582734 -0.07511565488173419 -0.32554810807759804 -0.17079747434628395
9.820049999990452 -0.03639737582652939 -0.05959077484268131 -0.3286795107260214 -0.17580112723555577
9.840049999990406 -0.031417384505558844 -0.04655810716105904 -0.3326187085418306 -0.1738099448486746
9.860049999990359 -0.021205334758048852 -0.036014185496086995 -0.33778899301824905 -0.16915209021375707
9.880049999990312 0.001296292081575747 -0.061611792501715536 -0.34253062257061007 -0.18272347650949033
9.900049999990266 0.02302363275388772 -0.07723492472454072 -0.3211854888076947 -0.227494502550186
9.92004999999022 0.06664696022043808 -0.055180996399506084 -0.2606227999750872 -0.25218311280211453
9.940049999990173 0.13859140153433974 -0.05629670136284171 -0.20063101583737902 -0.22706432636755505
9.960049999990126 0.2051147129723805 -0.052239539230507635 -0.15557963088970123 -0.17057831776963175
9.98004999999008 0.26099271962701504 -0.044294971013102466 -0.14460929653733676 -0.10312471865838811
10.000049999990033 0.29378388661917526 -0.03902650098528499 -0.15732136105499817 -0.04795208213095109
