0.0 0.0 0.0 0.0 0.0
0.020049999999999936 2.6018152572034666e-6 2.601815257203496e-6 -4.316030385823351e-6 -4.316030385823347e-6
0.04000000000000012 -0.004663958885318436 -0.004663958885318436 0.00986761778096593 0.00986761778096593
0.06000000000000069 -0.011722580594981023 -0.011722580594981023 0.029385145545757767 0.029385145545757767
0.08000000000000126 -0.021150847706555773 -0.021150847706555776 0.05395322319518494 0.05395322319518494
0.10000000000000184 -0.03101923235851615 -0.031019232358516148 0.08241742550049408 0.08241742550049408
0.12000000000000241 -0.04181354478304506 -0.04181354478304506 0.1133216237038709 0.1133216237038709
0.1400000000000009 -0.052778931829537586 -0.052778931829537586 0.1443443749897129 0.1443443749897129
0.1600499999999987 -0.06446576220523369 -0.06446576220523369 0.1766251200108272 0.1766251200108272
0.1800499999999965 -0.07609042620471627 -0.07609042620471627 0.20747427659389017 0.20747427659389017
0.2000499999999943 -0.08853252922591273 -0.08853252922591273 0.23867591797998958 0.23867591797998958
0.22004999999999209 -0.10066937123922204 -0.10066937123922205 0.26863023425090815 0.26863023425090815
0.24004999999998988 -0.11354962777523302 -0.11354962777523303 0.2982454016891654 0.29824540168916536
0.2600499999999877 -0.12598725026977073 -0.12598725026977076 0.32727416658485703 0.327274166584857
0.2800499999999855 -0.13884089026269605 -0.13884089026269608 0.3554318414782712 0.35543184147827117
0.3000499999999833 -0.15128704400454918 -0.1512870440045492 0.383695034270958 0.38369503427095797
0.32004999999998107 -0.16378935517814014 -0.16378935517814017 0.4106262682158806 0.4106262682158805
0.34004999999997887 -0.17602903855662 -0.17602903855662014 0.4381464685588587 0.4381464685588586
0.36004999999997667 -0.18801804165624128 -0.18801804165624147 0.4639890682259482 0.46398906822594815
0.38004999999997446 -0.1999254981497211 -0.19992549814972133 0.4906464145284325 0.49064641452843244
0.40004999999997226 -0.21136112684668396 -0.21136112684668415 0.5154570574488019 0.5154570574488018
0.42004999999997006 -0.2228626085362247 -0.2228626085362249 0.5410926761499942 0.5410926761499942
0.44004999999996786 -0.23375928073737784 -0.23375928073737798 0.5648861794857439 0.5648861794857439
0.46004999999996565 -0.24480294512318726 -0.24480294512318737 0.5893674268053132 0.5893674268053132
0.48004999999996345 -0.2551844168282041 -0.25518441682820414 0.6121360809698059 0.6121360809698059
0.5000499999999612 -0.26572735034666933 -0.26572735034666933 0.6353742776098449 0.635374277609845
0.520049999999959 -0.27560714809819764 -0.27560714809819764 0.6570917423182532 0.6570917423182532
0.5400499999999568 -0.28561292297389806 -0.28561292297389806 0.6790334400142384 0.6790334400142384
0.5600499999999546 -0.29499038052395016 -0.29499038052395016 0.6996553367236191 0.6996553367236191
0.5800499999999524 -0.30442935142428856 -0.30442935142428856 0.7202664175226392 0.7202664175226392
0.6000499999999502 -0.3132919420399114 -0.3132919420399114 0.7397332852242157 0.7397332852242157
0.620049999999948 -0.3221404997964958 -0.3221404997964958 0.7589854130063654 0.7589854130063654
0.6400499999999458 -0.3304674011151483 -0.3304674011151483 0.7772276707519944 0.7772276707519944
0.6600499999999436 -0.3387057887083128 -0.3387057887083128 0.7950894902097783 0.7950894902097783
0.6800499999999414 -0.34647081539976515 -0.34647081539976515 0.8120320754873784 0.8120320754873784
0.7000499999999392 -0.3540804449716419 -0.3540804449716419 0.8284644466292955 0.8284644466292955
0.720049999999937 -0.3612539794937149 -0.3612539794937149 0.8440295461531547 0.8440295461531547
0.7400499999999348 -0.36821510805528324 -0.36821510805528324 0.8589833881091233 0.8589833881091233
0.7600499999999326 -0.3747651347418721 -0.3747651347418721 0.8730910206239647 0.8730910206239647
0.7800499999999304 -0.3810552273376668 -0.38105522733766684 0.8865065309211522 0.8865065309211521
0.8000499999999282 -0.38694765947044524 -0.38694765947044524 0.8990735467312061 0.8990735467312061
0.820049999999926 -0.392540353995606 -0.392540353995606 0.9108799253780955 0.9108799253780955
0.8400499999999238 -0.39773882886864453 -0.39773882886864453 0.9218181262108305 0.9218181262108305
0.8600499999999216 -0.40260324845048345 -0.40260324845048345 0.9319332389886286 0.9319332389886286
0.8800499999999194 -0.40706853006780847 -0.40706853006780847 0.9411470929415422 0.9411470929415422
0.9000499999999172 -0.4111686884895669 -0.4111686884895669 0.9494767224552945 0.9494767224552945
0.920049999999915 -0.41485776958627124 -0.41485776958627124 0.9568608438236673 0.9568608438236673
0.9400499999999128 -0.41815187359697076 -0.41815187359697076 0.9632973052222574 0.9632973052222574
0.9600499999999106 -0.4210168102338305 -0.4210168102338305 0.9687336281305532 0.9687336281305532
0.9800499999999084 -0.42345631195361627 -0.42345631195361627 0.9731535723839129 0.9731535723839129
1.0000499999999062 -0.42544270796056266 -0.4254427079605626 0.9765079489283568 0.9765079489283568
1.0200499999999042 -0.4269705479876394 -0.42697054798763934 0.9787688842041453 0.9787688842041453
1.040049999999902 -0.4281053062627762 -0.4281053062627761 0.98006648938962 0.9800664893896199
1.0600499999998998 -0.4289887012507206 -0.4289887012507205 0.9807302778425071 0.9807302778425071
1.0800499999998976 -0.42968497030989444 -0.4296849703098944 0.9810199325313933 0.9810199325313933
1.1000499999998954 -0.43022935533775764 -0.4302293553377576 0.981119067115822 0.981119067115822
1.1200499999998932 -0.43064110061444105 -0.430641100614441 0.9811376485890204 0.9811376485890204
1.140049999999891 -0.43095555934270496 -0.4309555593427049 0.9811901921425964 0.9811901921425963
1.1600499999998888 -0.4311473553077561 -0.43114735530775605 0.981208910464113 0.9812089104641128
1.1800499999998866 -0.4312787088317425 -0.4312787088317425 0.9812539902617023 0.9812539902617023
1.2000499999998844 -0.43134076599900223 -0.43134076599900223 0.9812815615459505 0.9812815615459504
1.2200499999998822 -0.4313736698361114 -0.4313736698361114 0.9813248298997581 0.9813248298997581
1.24004999999988 -0.43140616503750406 -0.43140616503750406 0.9813826248330031 0.981382624833003
1.2600499999998778 -0.43145796244340184 -0.4314579624434019 0.9814766599490848 0.9814766599490847
1.2800499999998756 -0.4314885442656513 -0.431644465070493 0.9815506794088776 0.9818910131976073
1.3000499999998734 -0.4317523939608808 -0.43242304435323503 0.9819764657934934 0.9834396694362675
1.3200499999998712 -0.43249829498120185 -0.4340170829155658 0.9831624226834974 0.9864746570930598
1.340049999999869 -0.43379054962032043 -0.4364941183352826 0.9852360288173011 0.991129945682632
1.3600499999998668 -0.43567833565518654 -0.4401543090726943 0.988176312366563 0.9971037147439883
1.3800499999998646 -0.4376664542712376 -0.4463918906589531 0.9915960105955163 1.003295274846286
1.4000499999998623 -0.43856480029129125 -0.4555656239578637 0.9949189102246955 1.011424775475773
1.4200499999998601 -0.4385287513023755 -0.4667949491891561 0.9982054633982139 1.022631573755498
1.440049999999858 -0.4380871768728014 -0.47939008892281654 1.0013962915314893 1.0357643276501736
1.4600499999998557 -0.4372412358489789 -0.4929335533731755 1.0041536384235996 1.050082436017626
1.4800499999998535 -0.4360944932286555 -0.5073625184104179 1.0061246727375603 1.064801324189915
1.5000499999998513 -0.43490514832705895 -0.522398113794497 1.0075900927279378 1.0791974218486668
1.5200499999998491 -0.4337454324716167 -0.5378029669303412 1.0085888627680986 1.092720402071288
1.540049999999847 -0.4326701734120948 -0.5533372671656452 1.0092068937169187 1.1048685009447192
1.5600499999998447 -0.43169180368907417 -0.5687552280885191 1.0095293315848008 1.1152162385982805
1.5800499999998425 -0.43080788738269854 -0.5838211940052702 1.0096652489723599 1.123409118194215
1.6000499999998403 -0.43001404673032406 -0.5983030338845542 1.009760641561514 1.1291485311602032
1.6200499999998381 -0.42923104136419155 -0.6119771553387113 1.0098279128881313 1.1322001328514022
1.640049999999836 -0.42839000421820855 -0.6246765498357129 1.009891711256302 1.132645324564459
1.6600499999998337 -0.4273627663663653 -0.6362430487140395 1.009950204647944 1.1317707638010557
1.6800499999998315 -0.42623002897872314 -0.6463525128362695 1.01000058791224 1.1274266243025177
1.7000499999998293 -0.4249716012525788 -0.6549650466710764 1.010043615986885 1.1195683582035776
1.720049999999827 -0.42351598801716317 -0.6619868661598385 1.0100868506977492 1.108609585823362
1.740049999999825 -0.42183515332657484 -0.6673820658838341 1.0101268652560398 1.0948875391187598
1.7600499999998227 -0.4198646771478878 -0.6710357668995856 1.0101560712348738 1.0787184096463698
1.7800499999998205 -0.4175883866241405 -0.6729941190412377 1.010186867005192 1.0605461896762138
1.8000499999998183 -0.4149787867653349 -0.673362987850945 1.010189327197901 1.0407691024602232
1.820049999999816 -0.4121459263585193 -0.6729317144819891 1.010193521733811 1.0200828200251242
1.840049999999814 -0.40879562851342993 -0.671159088761843 1.0101265555538752 0.9987311292684391
1.8600499999998117 -0.4048288146603631 -0.6678791823973285 1.0099863576007573 0.9774137609854843
1.8800499999998095 -0.4001748386025875 -0.6631319510994219 1.009824622446267 0.9569420914741102
1.9000499999998073 -0.3947581866837846 -0.6572045143271209 1.009364276669432 0.9383890287091252
1.920049999999805 -0.3884333234595276 -0.6496315834410993 1.0075942072143769 0.9258947393313544
1.9400499999998029 -0.3811957071271652 -0.6416863188831572 1.0013923373681832 0.9189322456217831
1.9600499999998007 -0.37364671331005084 -0.6348180742486444 0.9913937577491321 0.911928704566405
1.9800499999997985 -0.3657747468172923 -0.628188647838161 0.9819368683959926 0.9063924732856243
2.000049999999796 -0.35589566591325117 -0.6210474260980327 0.9728115521871942 0.9040919958844666
2.0200499999998383 -0.34357655688491157 -0.6129019443202218 0.9644685644962615 0.9053264403044259
2.0400499999998805 -0.3283028871656718 -0.6038488679032479 0.9558090021285777 0.9104574452556607
2.0600499999999227 -0.31045726048443223 -0.593562280645464 0.9472091680619517 0.9184191328757373
2.080049999999965 -0.29076574989231524 -0.5821455574905335 0.9387265856665761 0.9280662666746855
2.100000000000007 -0.27108746586384314 -0.5704951256030588 0.9316323558420074 0.9385407109700054
2.1200000000000494 -0.25278163188736363 -0.5594173984558491 0.9265098816290891 0.9491940681955361
2.1400000000000916 -0.23741868163264387 -0.5497914716323619 0.9238971126282347 0.9593867549604387
2.160000000000134 -0.22749677848779937 -0.5414993518833167 0.9231036327751903 0.9682741151563462
2.180000000000176 -0.22383863320938244 -0.5331646408967018 0.9247264916331882 0.9753260789174085
2.2000000000002182 -0.22450232628946445 -0.5241321167250849 0.9326005941150753 0.9813561743341597
2.2200000000002604 -0.22929110263923436 -0.5148451863675336 0.9470036176798625 0.9867343207625614
2.2400000000003026 -0.2382795679796617 -0.5057165841060935 0.965848390014889 0.991375905996264
2.260000000000345 -0.25111031790014926 -0.4969821330585536 0.987626869592019 0.9952937445376837
2.280000000000387 -0.2673138388883525 -0.48880845779013765 1.0110909057678876 0.9985755753620525
2.3000000000004293 -0.2863897539538369 -0.4812747325206018 1.0351703322136858 1.001280948836398
2.3200000000004715 -0.30783298636297657 -0.47440866634630646 1.0589213309820724 1.0034679831673599
2.3400000000005137 -0.3311435648266628 -0.46820110232235945 1.0815084916643378 1.005200922889235
2.360000000000556 -0.35583410443362706 -0.4626136976097575 1.1021990921119726 1.0065418758529407
2.380000000000598 -0.3814311075535848 -0.4575897762673905 1.1203594913658708 1.0075539963607012
2.4000000000006403 -0.40747598539234886 -0.4530604599991135 1.1354562611695067 1.0082982592096708
2.4200000000006825 -0.43352648526561444 -0.4489502220573584 1.147058057178468 1.0088311180804799
2.4400000000007247 -0.45915868880767674 -0.445184234379812 1.154839667009819 1.009212375149862
2.460000000000767 -0.4839705800103509 -0.4416873043210774 1.158579299816555 1.009494401723197
2.480000000000809 -0.5076893807916971 -0.4383789869383596 1.1589729550156085 1.0097463150975232
2.5000000000008513 -0.5297789187972972 -0.435114845579546 1.1561986746210602 1.009960981829051
2.5200000000008935 -0.5500114524545728 -0.4319334092731008 1.1487283732937474 1.0100649851090182
2.5400000000009357 -0.5681637631032281 -0.4288021245281253 1.1368979593733834 1.010175468207352
2.560000000000978 -0.5840646883269116 -0.4256063286079573 1.121282085659859 1.0102535029076865
2.58000000000102 -0.5975810670191002 -0.4222909199748587 1.1023983663190247 1.0103335722526816
2.6000000000010624 -0.608622561997231 -0.41877076588698153 1.0808362209867728 1.0104038880080248
2.6200000000011046 -0.6172020054918075 -0.4149806447738842 1.0572649211088994 1.0104545342550844
2.6400000000011468 -0.6233656679578399 -0.4108462674159473 1.0324061600920238 1.0104797840249087
2.660000000001189 -0.6271849973799939 -0.4062802519776417 1.0076735581033867 1.0104471301809745
2.680000000001231 -0.6289090225254557 -0.4012674239561466 0.9836915510210573 1.0101900310094905
2.7000000000012734 -0.6282948820996691 -0.39598675685159057 0.9627741077856081 1.0090737273593804
2.7200000000013156 -0.6248935147648133 -0.3900858235236028 0.950263667376544 1.0049957333642017
2.740000000001358 -0.619604217977693 -0.3847530798569215 0.9401089478329823 0.9967670878873697
2.7600000000014 -0.6141961248519674 -0.3800396313525085 0.9298731918522606 0.9867355914521784
2.780000000001442 -0.6086206404280577 -0.37441551589823113 0.9210348858290766 0.9764806357688757
2.8000000000014844 -0.6023872160293429 -0.3666880998883622 0.9160876594136529 0.9673370349705719
2.8200000000015266 -0.594835913093836 -0.35584908150905453 0.9156152708813032 0.9591533232965705
2.840000000001569 -0.5858588921566499 -0.34174347241512687 0.9193012962167038 0.9513996021410422
2.860000000001611 -0.5753515070966119 -0.3245124230544478 0.9262568981743328 0.9435746288723219
2.8800000000016532 -0.5635408974494535 -0.30532137772977025 0.9351674538301609 0.9363241233619838
2.9000000000016954 -0.5512326051311423 -0.2858205642949123 0.9450798990856605 0.9304834726808721
2.9200000000017377 -0.5394969864778482 -0.26767817450098436 0.9553560852500603 0.9267939211096049
2.94000000000178 -0.5292236198895255 -0.25217331483976946 0.9654303332672729 0.9255738889811975
2.960000000001822 -0.5210227180611561 -0.23994401905732649 0.9746396899093333 0.9261917104865937
2.9800000000018643 -0.5149976537544636 -0.233026303606984 0.9822669217501013 0.9294948869916595
3.0000000000019065 -0.5098226150866101 -0.23255475384401084 0.9881235195023886 0.9367227597496172
3.0200000000019487 -0.5038757769068136 -0.23640412920268797 0.9917801051579221 0.9502029898816834
3.040000000001991 -0.49784419769338234 -0.2446439616655505 0.994310868003762 0.9689158689086872
3.060000000002033 -0.491967335070122 -0.25700796281731525 0.9962634540627557 0.9908223843798561
3.0800000000020753 -0.4862139130580938 -0.2730745091080068 0.9976932918184792 1.0145366753546736
3.1000000000021175 -0.4806774605593831 -0.29229919155337736 0.9989433692605851 1.0388314405832433
3.1200000000021597 -0.47534148321828185 -0.31414253834182326 1.0001190180235187 1.0627054295098026
3.140000000002202 -0.4701972807159911 -0.3380713772801505 1.0012758555830814 1.085281683864327
3.160000000002244 -0.4652414546922949 -0.3635523757761794 1.0024478401824337 1.1057991432563148
3.1800000000022863 -0.46046487393043833 -0.39006660848672153 1.0036236001301237 1.1236118731660267
3.2000000000023285 -0.45586380748641214 -0.4171076076093998 1.004782310663217 1.1381789885576072
3.2200000000023707 -0.4514339375165177 -0.4441855012885949 1.0058950047881878 1.1490675326928341
3.240000000002413 -0.4471689403642138 -0.47083193570927145 1.0069309750438111 1.1559530006102454
3.260000000002455 -0.4430587049546764 -0.49660518240968665 1.007863230998387 1.1586207922591047
3.2800000000024974 -0.4390780632351379 -0.5212313146767324 1.008759867925507 1.1584186053708962
3.3000000000025396 -0.43513872634936596 -0.5440248331536902 1.0094607426111024 1.1540776347151231
3.3200000000025818 -0.4313393566240878 -0.5648710282659517 1.009946516109166 1.1448670306735336
3.340000000002624 -0.4276273365119333 -0.5834866117554723 1.010301145475013 1.1312845798376219
3.360000000002666 -0.42391037634525564 -0.5996922603750855 1.0104772242725921 1.1138571858995185
3.3800000000027084 -0.420154319501076 -0.6133413394258717 1.0105960019407552 1.0931333505394003
3.4000000000027506 -0.4162698291306466 -0.6243577475641245 1.0106826471134511 1.0697148848844136
3.420000000002793 -0.41215426026552077 -0.6327568936094915 1.0107336785176062 1.0442992809399265
3.440000000002835 -0.40770208837893857 -0.6386187472295825 1.01073985041021 1.0176600941676157
3.460000000002877 -0.4028366205511285 -0.6420254038392457 1.0106421228461466 0.9914224218377625
3.4800000000029194 -0.3975338508836842 -0.6426430160260174 1.0101205120938979 0.9680459924490527
3.5000000000029616 -0.39196251564903917 -0.6418254091829655 1.0077931048069868 0.9473001981175594
3.520000000003004 -0.38607669329792005 -0.6381425808043446 1.0024841694658484 0.9313663860601068
3.540000000003046 -0.38055387289281134 -0.6325132477381906 0.9938343474004908 0.9198730867132069
3.5600000000030882 -0.3751113214766767 -0.6265526061859276 0.9833470795102569 0.9096604600531082
3.5800000000031305 -0.3685251096486737 -0.6204455928075318 0.9726641056501008 0.9015164640461718
3.6000000000031727 -0.3594848205888128 -0.613710682206038 0.9629606932302908 0.8978075585165298
3.620000000003215 -0.347039294096415 -0.6055740414029234 0.9539536998431045 0.8987022351789379
3.640000000003257 -0.3309521609012376 -0.5961786360350182 0.945076292639793 0.9045699949202616
3.6600000000032993 -0.31143134446955284 -0.5852278540532024 0.9359647607489145 0.9135491361038397
3.6800000000033415 -0.289560636031203 -0.5729567211469518 0.9270811624321046 0.9244668915679085
3.7000000000033837 -0.26722676432329046 -0.5600280323133956 0.9194741913896668 0.9366825220316626
3.720000000003426 -0.24648360161561556 -0.5474489826852607 0.9140185646741678 0.9490547876970747
3.740000000003468 -0.22873201151873992 -0.5364081090827475 0.9111020865962631 0.9607349492704528
3.7600000000035103 -0.21497791101318925 -0.5276086475492863 0.9109969362281101 0.971225712631349
3.7800000000035525 -0.20657579717048533 -0.521130915657184 0.9129746753206662 0.979938958222047
3.8000000000035947 -0.20527742083275166 -0.5155696510355547 0.9195476776718798 0.9862556540934087
3.820000000003637 -0.20868024569102192 -0.5093091726928812 0.9326810277652082 0.9902114001597916
3.840000000003679 -0.21661810366556095 -0.5029290011409557 0.9518610316753808 0.9929473398037685
3.8600000000037213 -0.22896618944064168 -0.4967205675998325 0.9747307947910632 0.9950271091458628
3.8800000000037635 -0.2452921435807812 -0.49064970544381353 0.9997467292809766 0.9965463682903426
3.9000000000038058 -0.265035010069352 -0.48479924773916383 1.0255731985635694 0.9978583392904804
3.920000000003848 -0.2876266933422868 -0.4791539173467225 1.0511173149795603 0.999099836696317
3.94000000000389 -0.3125057652709588 -0.47369930044942976 1.0754337286854165 1.000334093159541
3.9600000000039324 -0.339110922685744 -0.46843116636230064 1.097703765330405 1.0016002479554098
3.9800000000039746 -0.36689509362727385 -0.463341123768909 1.1172344369078775 1.0028874170158748
4.000000000004016 -0.3953245635339568 -0.45842750301714885 1.133446220853013 1.0041707835572926
4.02000000000397 -0.42388251174752206 -0.45368960982026163 1.145874192554176 1.0054161981616725
4.040000000003923 -0.45207404745647856 -0.44912529342709834 1.1541681247434175 1.0065867278407008
4.0600000000038765 -0.47943135658290337 -0.4447288597520253 1.158093343128743 1.0076493038845198
4.08000000000383 -0.5056362061200471 -0.4404886767795372 1.158479715684703 1.008630597203748
4.100000000003783 -0.5300460410348765 -0.43631463189176056 1.1552082067644667 1.0094839618674294
4.120000000003737 -0.5524425904908696 -0.43226777378921516 1.1468896212061568 1.010051695096427
4.14000000000369 -0.5725541580472824 -0.42835205051205427 1.1339484944384979 1.0104823880281255
4.1600000000036434 -0.5901793126584706 -0.4244583200795264 1.1169519947171322 1.0107082018109026
4.180000000003597 -0.6051638665515556 -0.4205484828065135 1.0964731327727708 1.0108362841136143
4.20000000000355 -0.6174151015866293 -0.41654559772670985 1.0731355097864206 1.0109280035746815
4.220000000003504 -0.6269368278064014 -0.41234073058037385 1.0476551148347135 1.010983753823116
4.240000000003457 -0.6338045531748076 -0.40781864303571835 1.0208273098207792 1.0109867757937803
4.26000000000341 -0.6380927591127215 -0.40288738885208697 0.9943273744120991 1.0108933674049176
4.280000000003364 -0.6393844073304324 -0.39748944647126616 0.9704985056303955 1.010300641023668
4.300000000003317 -0.6388011265147104 -0.39185257900787995 0.9496059694527499 1.0079236233611073
4.320000000003271 -0.6355941801300261 -0.3860630558128389 0.9341164770615176 1.0023912048490826
4.340000000003224 -0.6302755197341352 -0.38078320790651976 0.9222149706440682 0.993406770079156
4.360000000003177 -0.6245002752244647 -0.37567823313111537 0.9115355498600666 0.9827975337032333
4.380000000003131 -0.6185127176724662 -0.36938620903413866 0.902980331663475 0.9720432838477221
4.400000000003084 -0.6118722383509295 -0.3605879794617536 0.8989616103274503 0.9623224110802695
4.4200000000030375 -0.6038123456717357 -0.34831399392205925 0.8997119852422282 0.953362343006928
4.440000000002991 -0.5944833104647764 -0.3323525935448622 0.9052830126390259 0.944587146842313
4.460000000002944 -0.5836617393214383 -0.31286344425658846 0.9139607824708107 0.9355719064487152
4.480000000002898 -0.5718012303553496 -0.29086951822181045 0.9243757569689895 0.9268260281135253
4.500000000002851 -0.5593212760851726 -0.2681906799714963 0.9362549410960315 0.919313803463769
4.520000000002804 -0.5466315141121936 -0.24705185898083862 0.9491379680344342 0.9139253919845685
4.540000000002758 -0.5354514526182246 -0.22902168207051313 0.9610802418687352 0.9109843038299109
4.560000000002711 -0.5264823677368612 -0.21502396495446077 0.9716460217127717 0.9107767557846195
4.580000000002665 -0.5199156749659049 -0.206019003001415 0.9804893164775756 0.9125888487484621
4.600000000002618 -0.5144553755751351 -0.20400862727591404 0.9868545354050664 0.9186087515103644
4.620000000002571 -0.5083977715169471 -0.20673302560528656 0.9908464060229011 0.9310519148781213
4.640000000002525 -0.5021813432593267 -0.21390969046131472 0.993486191227207 0.9496565289407435
4.660000000002478 -0.49614393480374125 -0.2254106431849217 0.9954483110020971 0.9720390795876739
4.6800000000024315 -0.4902454211962434 -0.240812496198994 0.9968526413795227 0.9966566908743943
4.700000000002385 -0.4845576788355556 -0.2595741566379657 0.9980450443259811 1.0221863516924983
4.720000000002338 -0.4790687285034478 -0.28114141144246857 0.9991828747191568 1.0475451271858602
4.740000000002292 -0.4737602607553379 -0.3049692508098711 1.0003305094580746 1.071805004079213
4.760000000002245 -0.46862791797062975 -0.3305134993606925 1.0015288347793976 1.0941630681301657
4.7800000000021985 -0.46366454967160253 -0.3572443831522439 1.002767810269818 1.113940753331997
4.800000000002152 -0.4588702439966326 -0.38464657374237404 1.0040206521957697 1.130570904458368
4.820000000002105 -0.4542472561442275 -0.4122220402494981 1.0052511666397652 1.143597500908257
4.840000000002059 -0.4497968437972665 -0.4394948157363087 1.0064198935375535 1.15267544031989
4.860000000002012 -0.44551708397315387 -0.4660155907364091 1.0074912762869943 1.157570805964141
4.880000000001965 -0.4414030991520382 -0.49142058827795065 1.008453695915049 1.1584953076654394
4.900000000001919 -0.4373914809616113 -0.5152892880599977 1.0093644344213057 1.1566368887213303
4.920000000001872 -0.43346926244754075 -0.5371824913992584 1.0099744870895517 1.150029696824803
4.940000000001826 -0.42970876484418163 -0.556936786262533 1.0104349789348253 1.1388452682601795
4.960000000001779 -0.4260069064563803 -0.5743390523122783 1.0107145693237152 1.1236642685625025
4.980000000001732 -0.42230348654250377 -0.589247831481576 1.010848720089702 1.1050529062252126
5.000000000001686 -0.4185482026432838 -0.6015674004584164 1.0109451996399252 1.0836213668332988
5.020000000001639 -0.4146419190408371 -0.6112827095585938 1.0110188777314988 1.060039014097818
5.0400000000015925 -0.41046885162189994 -0.6184560235685688 1.0110484285548313 1.0350609054474484
5.060000000001546 -0.40592122941487857 -0.623137324048287 1.0109974128812875 1.0102873462140876
5.080000000001499 -0.4009434655009951 -0.6251566789271117 1.0105895568522472 0.9876054340314475
5.100000000001453 -0.395803713931906 -0.6250240999015817 1.0088475769874594 0.9670038096348701
5.120000000001406 -0.39042507589468434 -0.6220536599568589 1.0043024358721753 0.9526860756038896
5.1400000000013595 -0.38551528848059147 -0.6172543896368362 0.996066987123437 0.9416351162357502
5.160000000001313 -0.38100878336024985 -0.6120036364902858 0.986117547157428 0.93118836919844
5.180000000001266 -0.37554945395143674 -0.6065151024400406 0.9759266586359728 0.9222956789570287
5.20000000000122 -0.3679500479319018 -0.6003548031605641 0.9667636327078153 0.9172257458065021
5.220000000001173 -0.3572430266498578 -0.5928752717329391 0.9586193163986633 0.9166566559890528
5.240000000001126 -0.34323268699167175 -0.583902378322685 0.9509229229712453 0.9202064245815511
5.26000000000108 -0.32607935450651465 -0.5734565643278878 0.9431914285128177 0.9269055255505052
5.280000000001033 -0.30688616869602936 -0.5617578555357372 0.9360367627291828 0.9355316731712967
5.300000000000987 -0.2873063377777318 -0.549441264351194 0.9303436537224594 0.9455449147842965
5.32000000000094 -0.26913693020167223 -0.5376205038972823 0.9268318317932711 0.9558557321614327
5.340000000000893 -0.2535937254043815 -0.5272611581597285 0.9257331399883599 0.9659442173429507
5.360000000000847 -0.24132996682319005 -0.5189982236210781 0.9264142551125168 0.9751573011971867
5.3800000000008 -0.23415785256992372 -0.5129750716065903 0.9299519078566494 0.982839178776711
5.4000000000007535 -0.23343884061374495 -0.5081107614132444 0.937165728451581 0.9888275117596081
5.420000000000707 -0.23711194180755932 -0.5025115415420226 0.950396922757538 0.9924974453434212
5.44000000000066 -0.2451786428155414 -0.4967580562460099 0.9690309105824113 0.9948432232278709
5.460000000000614 -0.2573885260215039 -0.49117525266455464 0.9908939508329244 0.9966197992765541
5.480000000000567 -0.2733273640304058 -0.48568579655918537 1.0145946144655649 0.9978544940359002
5.5000000000005205 -0.2924513388943377 -0.48038093283909833 1.0388875577366188 0.9989197538938638
5.520000000000474 -0.31421514540677276 -0.475242010860515 1.0627619528317636 0.9999499214143576
5.540000000000427 -0.3380851133629515 -0.4702525645969909 1.0853394169664232 1.0009994913380342
5.560000000000381 -0.363525209477958 -0.46541011234128543 1.1058560124242296 1.0021065531873727
5.580000000000334 -0.3900137793137681 -0.4607071585845259 1.1236655564693128 1.0032562957155995
5.600000000000287 -0.4170417932658544 -0.4561439659033895 1.1382274065677294 1.004421336422963
5.620000000000241 -0.4441165250170029 -0.4517220291265992 1.1491090381579887 1.005565520921914
5.640000000000194 -0.4707669825372814 -0.44744146869279594 1.1559866347873113 1.006650089426274
5.660000000000148 -0.49654901634105947 -0.4432989116910107 1.1586462232936776 1.0076405241421047
5.680000000000101 -0.5211865628416942 -0.43927561530565074 1.158436041324898 1.0085983195975543
5.700000000000054 -0.5439924971163758 -0.4352889641997985 1.1540878050020387 1.0093579470616632
5.720000000000008 -0.5648506871091172 -0.43144231679380535 1.1448710245442797 1.0098961397382475
5.740049999999961 -0.5835184569294004 -0.427677052367667 1.1312555903670367 1.0102965541696134
5.760049999999914 -0.5997218551701189 -0.4239196365995621 1.1138355759939875 1.0104978877189095
5.780049999999868 -0.6133699532477533 -0.4201300596817349 1.0931167391754655 1.010621334937537
5.800049999999821 -0.6243852632079567 -0.4162281134428922 1.0697026623755208 1.0107142771114201
5.820049999999775 -0.6327812537974609 -0.41210703781000374 1.0442899327272395 1.010773875706779
5.840049999999728 -0.6386380402944474 -0.4076532406768173 1.0176525089524353 1.010779663730247
5.860049999999681 -0.6420388122906237 -0.40277703995002123 0.9914202400779565 1.01068325446775
5.880049999999635 -0.642740054563738 -0.3974467975584784 0.9679579840193264 1.0101476229079074
5.900049999999588 -0.641958165991331 -0.3918756845084999 0.9470820481324719 1.0078909364087678
5.9200499999995415 -0.6382059514431969 -0.38594836844555425 0.9312922176734583 1.002644159300894
5.940049999999495 -0.6325703671415756 -0.3803991643048149 0.9199097854062291 0.9939271367451384
5.960049999999448 -0.6266194050798228 -0.3749810006665648 0.9096817977568912 0.9833832979024352
5.980049999999402 -0.6205253767838869 -0.3684231679181092 0.9014871866740751 0.972679642300069
6.000049999999355 -0.6137966849491076 -0.35940178605085216 0.8977522974721465 0.9629743936344171
6.0200499999993085 -0.605666195931477 -0.3469630717647158 0.8986508446523216 0.953972182592472
6.040049999999262 -0.5962708945167657 -0.33087741870426646 0.904520788208618 0.9450985252227116
6.060049999999215 -0.5853164778715795 -0.31135512290735945 0.9135167351686596 0.9359833722337567
6.080049999999169 -0.573037118437472 -0.2894894919023417 0.9244497501395723 0.9270947739260135
6.100049999999122 -0.5600943556892238 -0.26716638053965025 0.9366772996351941 0.9194796343740522
6.120049999999075 -0.5475203200374597 -0.24643336546183778 0.9490324684566579 0.9140160425811908
6.140049999999029 -0.5364831878909988 -0.2286863706776992 0.9607042089503964 0.9110922180483404
6.160049999998982 -0.5276869422735828 -0.21493460206690948 0.9711949294229808 0.9109853640071418
6.180049999998936 -0.5212068054874343 -0.20654421876535536 0.9799058916970158 0.9129569298373063
6.200049999998889 -0.5156334725238799 -0.20525625104988454 0.9862230644599637 0.919531416104379
6.220049999998842 -0.5093592133181304 -0.20866431701248508 0.990183691294506 0.9326722117366558
6.240049999998796 -0.502967093361424 -0.2166065832778594 0.9929292357284707 0.9518554030058493
6.260049999998749 -0.4967468927969837 -0.2289585358426895 0.9950178365382736 0.9747270178783841
6.2800499999987025 -0.49066566710901394 -0.24528778151599906 0.9965451863460552 0.9997437613680318
6.300049999998656 -0.484806527234354 -0.2650332374957662 0.9978640801162492 1.0255705321974649
6.320049999998609 -0.47915415477008855 -0.28762692938532125 0.9991104116346657 1.051114863588241
6.340049999998563 -0.4736943743605195 -0.31250738591923427 1.0003477335797202 1.0754314582891935
6.360049999998516 -0.4684228155657223 -0.3391133692416534 1.0016152206444624 1.0977017516958407
6.3800499999984694 -0.4633309190407103 -0.36689790241254366 1.0029022322263454 1.1172327646416356
6.400049999998423 -0.45841678634892075 -0.3953273562431817 1.0041843267663058 1.133444952264764
6.420049999998376 -0.4536794260473516 -0.4238850169549693 1.0054276854755724 1.145873369899411
6.44004999999833 -0.44911639312977963 -0.4520760903238608 1.0065957223081008 1.1541677571770412
6.460049999998283 -0.44472170622592333 -0.47943284819241677 1.0076556689586773 1.1580934120497515
6.480049999998236 -0.440483454014496 -0.505636683255769 1.00863419435167 1.1584766481883055
6.50004999999819 -0.4363114732037148 -0.5300464560175334 1.0094857802920532 1.1552094091662972
6.520049999998143 -0.43226627242074256 -0.552442568624801 1.0100513806654567 1.146891026191488
6.5400499999980966 -0.42835209258319273 -0.5725537604423243 1.010480781152089 1.133949932890308
6.56004999999805 -0.4244594998494872 -0.5901786773932719 1.0107056570178077 1.1169534625219077
6.580049999998003 -0.42055012789489105 -0.6051631534057487 1.010832920998206 1.0964746389336462
6.600049999997957 -0.4165473092178237 -0.6174142131972578 1.0109246142061465 1.0731370135116258
6.62004999999791 -0.4123448681113868 -0.6269360868643669 1.010986088583601 1.0476569208250481
6.6400499999978635 -0.4078223455048203 -0.6338035185440272 1.0109905857141526 1.0208285021965866
6.660049999997817 -0.4028886287168779 -0.6380916585923019 1.0108929462964507 0.9943288425121481
6.68004999999777 -0.3974902543180482 -0.6393737063429895 1.0102990129945792 0.9705022456577147
6.700049999997724 -0.39185490710766824 -0.6387907815798393 1.0079154547566753 0.9496257265854833
6.720049999997677 -0.38606878369788333 -0.6355876386357013 1.0023774868653526 0.9341254607297845
6.74004999999763 -0.38078873810432645 -0.6302713633741438 0.993396696420379 0.9222113500454366
6.760049999997584 -0.37567768056487666 -0.6244939980141768 0.9827942286801237 0.9115389431932105
6.780049999997537 -0.3693775316263651 -0.618502715325909 0.9720414587638265 0.902994826606066
6.800049999997491 -0.36057204797083053 -0.6118590885566254 0.9623195931592957 0.8989834665811195
6.820049999997444 -0.3482916485225482 -0.603795865508175 0.953355884554927 0.8997368836200186
6.840049999997397 -0.3323240318241457 -0.5944637031949496 0.9445760855361237 0.9053074543048018
6.860049999997351 -0.3128274717608584 -0.5836386092910278 0.9355544225617702 0.9139832787938937
6.880049999997304 -0.2908354718295769 -0.5717783774918641 0.9268180123186623 0.9243975330738832
6.9000499999972575 -0.2681928472400219 -0.559297135942941 0.9193598648897253 0.9363024283929856
6.920049999997211 -0.2471495667471659 -0.5466455745816292 0.9140861444326929 0.9491845474386426
6.940049999997164 -0.2292726169218064 -0.5355476090649891 0.9113184795196856 0.9611294494677037
6.960049999997118 -0.21545371229486962 -0.5266977814971853 0.9112126802242377 0.9716535075944294
6.980049999997071 -0.206933009064294 -0.5202492654543535 0.9132630602526551 0.9803949985817039
7.0000499999970245 -0.2055247625344398 -0.5148082660892137 0.9197691978627337 0.98668054524861
7.020049999996978 -0.20887193081029753 -0.5087078295969787 0.9328038523476511 0.9905809818698667
7.040049999996931 -0.21676483270741875 -0.5024696743356915 0.9519333577369011 0.9932056781314835
7.060049999996885 -0.22907082670909895 -0.4963974482813495 0.9747783506357003 0.9951710829322422
7.080049999996838 -0.24535753924201775 -0.49045141096802275 0.9997831204273427 0.9965891700237014
7.100049999996791 -0.2650674267775965 -0.48470722956963463 1.0256061262228606 0.9978133565866573
7.120049999996745 -0.2876326634164103 -0.47914921718749115 1.0511488750043676 0.9989890486068812
7.140049999996698 -0.3124921027995268 -0.4737611055603705 1.0754643431837418 1.0001794525427246
7.160049999996652 -0.33908422995367926 -0.4685390200813012 1.0977328669923498 1.0014223533077182
7.180049999996605 -0.3668611472493555 -0.4634762658117648 1.1172611048917949 1.0027045202142975
7.200049999996558 -0.3952881909427068 -0.45857356464201177 1.133469666558973 1.0039973749572129
7.220049999996512 -0.42384744264820945 -0.45383330443544756 1.145893843369951 1.0052628624171078
7.240049999996465 -0.45204290910753814 -0.44925663511032243 1.1541837000257067 1.0064601570431178
7.2600499999964185 -0.47940576485770686 -0.44484112650834545 1.1581048442704844 1.0075526381283897
7.280049999996372 -0.505616680722603 -0.4405781081995414 1.1584864076306547 1.0085638765691094
7.300049999996325 -0.5300330793567893 -0.4363802841636198 1.1552124967572142 1.0094453429555472
7.320049999996279 -0.5524354440324287 -0.4323103897175486 1.1468911170045444 1.0100370783727806
7.340049999996232 -0.5725519541426055 -0.4283741573147849 1.133947772839857 1.0104872131042362
7.3600499999961855 -0.5901810127936646 -0.4244633445323864 1.1169496962196561 1.0107273446564118
7.380049999996139 -0.6051683707581318 -0.4205384787012785 1.0964692153760158 1.0108595602374626
7.400049999996092 -0.6174219972684157 -0.41652675652632737 1.0731318693731855 1.010954421551214
7.420049999996046 -0.6269446612090204 -0.4123202001817474 1.047651814955512 1.0110179108248314
7.440049999995999 -0.633811508407166 -0.40779902230628845 1.0208245615141975 1.0110285756119337
7.460049999995952 -0.6380983190849611 -0.40286349915746855 0.9943277374420612 1.0109340152577546
7.480049999995906 -0.639406071162874 -0.39745767778999813 0.9704830409690752 1.01033515205804
7.500049999995859 -0.6388219599048105 -0.39181910489920047 0.9495831207258443 1.0079613664041318
7.520049999995813 -0.6355985401049261 -0.38602554409862516 0.9341272950024065 1.0024267157190963
7.540049999995766 -0.6302783214017804 -0.38074741380800053 0.9222375609740188 0.9934177555277003
7.560049999995719 -0.6245045971400495 -0.3756499758688025 0.9115484684161921 0.9827978392087418
7.580049999995673 -0.6185176859305241 -0.369360486662323 0.9029843318963432 0.9720385663655994
7.600049999995626 -0.6118757643495849 -0.3605609833764714 0.8989657498005186 0.9623180861113925
7.6200499999955795 -0.6038129980229504 -0.34828188990133113 0.8997187435883677 0.9533555528090919
7.640049999995533 -0.5944801357165803 -0.33231405349616877 0.9052942041556595 0.9445778189117044
7.660049999995486 -0.5836537717054937 -0.3128168532996755 0.9139746004236085 0.9355565774257973
7.68004999999544 -0.5717888403142805 -0.2908255774155524 0.924396477419444 0.9268199981691654
7.700049999995393 -0.5593028816569242 -0.2681856755066806 0.9363056862950466 0.9193610235193996
7.7200499999953465 -0.5466516782386133 -0.24714523390530224 0.9491834557054424 0.9140857846383723
7.7400499999953 -0.5355541773564734 -0.22926940601783094 0.9611259343773949 0.911316820337943
7.760049999995253 -0.526704752217254 -0.21545109140055443 0.9716497222519628 0.9112111777385925
7.780049999995207 -0.5202557137892134 -0.20693152970864967 0.9803910564125141 0.9132609415515098
7.80004999999516 -0.5148136152042295 -0.20552386248519144 0.986677063319887 0.9197677411001065
7.820049999995113 -0.5087120307172646 -0.20887124456389194 0.9905784034051415 0.9328030635664116
7.840049999995067 -0.5024727662488143 -0.21676435628762633 0.993204060722891 0.9519329271677024
7.86004999999502 -0.49639951977016283 -0.22907056633124684 0.995170365663476 0.9747780810372975
7.880049999994974 -0.49045258247887846 -0.2453574794646297 0.9965892167201834 0.9997829130317792
7.900049999994927 -0.48470764941594296 -0.26506753507049374 0.9978139995793125 1.0256059371727868
7.92004999999488 -0.4791490468054218 -0.2876328984034499 0.9989901085045059 1.0511486906153573
7.940049999994834 -0.47376050750695514 -0.31249242122820403 1.0001807556774829 1.0754641643004776
7.960049999994787 -0.46853814804561117 -0.33908459110973477 1.0014237460628166 1.0977326998066022
7.9800499999947405 -0.4634752560730391 -0.36686151619732954 1.0027058764077579 1.1172609563445037
8.000049999994694 -0.4585725306809898 -0.39528854016857756 1.0039985999506242 1.1334695419496073
8.020049999994647 -0.45383233406118745 -0.42384775254577356 1.0052638935032143 1.145893745562536
8.0400499999946 -0.4492557900029717 -0.4520431676449991 1.0064609611085273 1.154183629451862
8.060049999994554 -0.44484044375116394 -0.47940596667436325 1.00755320749493 1.1581047993075126
8.080049999994507 -0.4405776032226456 -0.505616825910728 1.0085642237318915 1.1584863851019687
8.10004999999446 -0.4363799547484485 -0.5300331722116026 1.0094454949657508 1.1552124923619311
8.120049999994414 -0.43231022026309207 -0.5524354917752317 1.010037071351677 1.1468911259389296
8.140049999994368 -0.42837412288525994 -0.5725519659140945 1.0104870868429476 1.133947790147771
8.160049999994321 -0.4244634151968898 -0.5901809984391065 1.0107271392274368 1.1169497170977245
8.180049999994274 -0.420538622844885 -0.6051683399874616 1.0108593125151153 1.096469235706229
8.200049999994228 -0.41652694876555185 -0.6174219640254379 1.010954167077654 1.073131879352464
8.220049999994181 -0.4123204499005921 -0.6269446657551515 1.0110177031206562 1.0476517594263028
8.240049999994135 -0.40779940840870366 -0.6338116359916277 1.0110285063842872 1.020824283827227
8.260049999994088 -0.4028640892398347 -0.6380986589438671 1.0109335915616708 0.9943269662137791
8.280049999994041 -0.39745926657021047 -0.6394055389584749 1.0103350927184604 0.9704825999229988
8.300049999993995 -0.3918220313068606 -0.638821668997759 1.0079609063303538 0.9495824082466159
8.320049999993948 -0.3860306289009419 -0.635599623318199 1.0024259815510879 0.9341248356245868
8.340049999993902 -0.3807551651513818 -0.6302804999540091 0.9934182052825724 0.9222314930756403
8.360049999993855 -0.37566053194801097 -0.6245080125946104 0.9827993537109999 0.9115398548054829
8.380049999993808 -0.36937466364967386 -0.618522834253602 0.9720414253910415 0.9029730609321802
8.400049999993762 -0.36057968051326583 -0.6118832588225935 0.9623227052306215 0.8989515958593649
8.420049999993715 -0.34830620943658697 -0.6038235688052042 0.953362989823269 0.8997016413548301
8.440049999993668 -0.33234509660653966 -0.5944944313692497 0.9445890075517159 0.9052755832116598
8.460049999993622 -0.3128562208477015 -0.5836725180306143 0.9355731499584031 0.9139547678537591
8.480049999993575 -0.29086385742988113 -0.5718091168419135 0.9268270921316946 0.924373279710162
8.500049999993529 -0.26818785681602386 -0.5593262596231278 0.9193139839542622 0.936253401923474
8.520049999993482 -0.24705174964614868 -0.5466363836694907 0.9139244381108862 0.9491326704873521
8.540049999993435 -0.22902265583093187 -0.5354564950928041 0.9109828305019533 0.961072683590658
8.560049999993389 -0.21502562085720622 -0.5264872660324854 0.910776250877708 0.9716380865288647
8.580049999993342 -0.20602109565930274 -0.5199197951077283 0.9125890845278134 0.9804827370173446
8.600049999993296 -0.20401114810182075 -0.5144577670201337 0.9186141160891175 0.9868524932059816
8.620049999993249 -0.2067348129207393 -0.5083980543312234 0.931055156732537 0.9908467708768494
8.640049999993202 -0.213911466894338 -0.5021805414837341 0.949657583111626 0.9934890967244494
8.660049999993156 -0.22541234125917362 -0.49614190195446756 0.9720392164927053 0.9954523065226482
8.680049999993109 -0.24081404735911846 -0.49024261944818454 0.9966564199130054 0.9968570585996617
8.700049999993062 -0.2595754364145935 -0.4845546060562329 1.0221859267179163 0.9980496030462991
8.720049999993016 -0.2811424152462265 -0.4790656549278211 1.0475447722829947 0.999186933750339
8.74004999999297 -0.3049699419221514 -0.4737575370438197 1.0718047900862744 1.0003338361884193
8.760049999992923 -0.3305138610772136 -0.4686257660374567 1.094163050942447 1.0015312582229918
8.780049999992876 -0.3572444303635776 -0.4636631016409508 1.11394095809027 1.002769241530453
8.80004999999283 -0.38464632951102873 -0.45886956350054653 1.1305713264042418 1.0040211361614355
8.820049999992783 -0.4122215465143859 -0.4542473230211236 1.1435981256186007 1.0052508036204872
8.840049999992736 -0.4394941248087691 -0.4497975808561896 1.1526762405106001 1.006418840456048
8.86004999999269 -0.46601475973148787 -0.445518370287495 1.1575717479168786 1.007489721365674
8.880049999992643 -0.4914202274584167 -0.4414047632975472 1.1585012906035161 1.0084520743924705
8.900049999992596 -0.5152883550570553 -0.4373933873986572 1.1566373073353111 1.009362175740203
8.92004999999255 -0.5371816118011759 -0.4334714287441384 1.1500302471438733 1.0099726169762453
8.940049999992503 -0.5569359738473405 -0.429710761360358 1.1388461334949262 1.0104331684135646
8.960049999992457 -0.5743383464565998 -0.42600871869899304 1.1236652119313317 1.010713054094371
8.98004999999241 -0.5892472345743457 -0.42230504595220186 1.1050538389514468 1.0108476296964914
9.000049999992363 -0.601567013054673 -0.4185516420621944 1.0836227101931524 1.010949779397992
9.020049999992317 -0.6112819737248639 -0.4146439490449221 1.0600399470296824 1.0110244296757476
9.04004999999227 -0.6184553374837937 -0.4104729826824683 1.0350625784784637 1.0110651273410234
9.060049999992223 -0.6231354846631004 -0.40591891350160586 1.010287689721296 1.0110034786653912
9.080049999992177 -0.6251453318855438 -0.40094152178290404 0.9876200622807076 1.0105936755124159
9.10004999999213 -0.6250184092639756 -0.3958041726368365 0.9670402420513019 1.0088405272705026
9.120049999992084 -0.6220544630816163 -0.39043318574877833 0.9526897619027174 1.0042896446196403
9.140049999992037 -0.6172584832563907 -0.3855263417627409 0.941625054899234 0.9960589490997007
9.16004999999199 -0.6120060264680925 -0.3810161746877456 0.9311815706069441 0.9861165808574469
9.180049999991944 -0.6065153416676826 -0.3755525263642525 0.9222960227431255 0.9759290250868649
9.200049999991897 -0.6003538380473278 -0.36794996727442664 0.9172306152856005 0.9667670579449558
9.22004999999185 -0.5928739657132922 -0.3572418413314902 0.9166620060434503 0.9586219450247528
9.240049999991804 -0.583901192010463 -0.3432316858491388 0.9202106967057684 0.9509246806425131
9.260049999991757 -0.5734559593109557 -0.3260791747325629 0.9269074841215296 0.9431917946587857
9.28004999999171 -0.5617575886758732 -0.3068872267540445 0.9355313802656375 0.9360365934725011
9.300049999991664 -0.5494410314336249 -0.2873085803089431 0.9455426749421083 0.9303429265150653
9.320049999991618 -0.5376202816865938 -0.2691399534042112 0.9558520353165403 0.9268312005627252
9.340049999991571 -0.5272608159981275 -0.2535971148740452 0.9659397537631399 0.9257327286806161
9.360049999991524 -0.5189977544516886 -0.24133331004857828 0.9751529524080106 0.9264141900124901
9.380049999991478 -0.5129739661985867 -0.23416081117545326 0.9828356298645666 0.9299522379778804
9.400049999991431 -0.5081085357733064 -0.23343949141432893 0.9888263114371844 0.9371650988875193
9.420049999991384 -0.5025094743130697 -0.23711333770698179 0.9924983307445714 0.9503970728215673
9.440049999991338 -0.49675595368733266 -0.24517987012847695 0.9948455572504179 0.9690303603932586
9.460049999991291 -0.4911728794159429 -0.2573895812383968 0.9966224365360118 0.9908933276585371
9.480049999991245 -0.48568345981674094 -0.27332819347668513 0.9978571840819344 1.014594017517431
9.500049999991198 -0.48037883235779893 -0.292451888835855 0.9989223267342908 1.038887063997837
9.520049999991151 -0.4752402165965562 -0.3142154625463644 0.9999519630273354 1.0627616407881695
9.540049999991105 -0.4702512400096099 -0.3380851903902826 1.001000953189596 1.0853392793703878
9.560049999991058 -0.4654093185878202 -0.36352505639330596 1.0021073760836596 1.1058560652296006
9.580049999991012 -0.46070691543519693 -0.39001342352488416 1.0032564723638215 1.12366580097363
9.600049999990965 -0.456144260633923 -0.41704125937308106 1.004420944086586 1.138227832032266
9.620049999990918 -0.4517228019148398 -0.4441158490151996 1.0055646522101653 1.1491096334394855
9.640049999990872 -0.4474426349608272 -0.4707662040225766 1.006648865125513 1.1559873811016452
9.660049999990825 -0.4433003678114914 -0.49654817619726893 1.0076390743722432 1.1586470982130086
9.680049999990779 -0.4392772224633823 -0.5211856228434776 1.0085967214929266 1.1584370537812474
9.700049999990732 -0.4352907413342665 -0.5439916954772661 1.0093564356085996 1.154088719139675
9.720049999990685 -0.4314440134319052 -0.5648499166181086 1.0098946877339199 1.1448720929647571
9.740049999990639 -0.4276883023954351 -0.583476210622086 1.010293116908829 1.1312847544882128
9.760049999990592 -0.4239308521332341 -0.5996906354149136 1.010492964773087 1.1138524070628575
9.780049999990545 -0.4201395327723813 -0.6133479077917647 1.01061533681098 1.0931260825111244
9.800049999990499 -0.41623571283785904 -0.6243699988176751 1.0107091118560714 1.0697074851998423
9.820049999990452 -0.4121128714002719 -0.6327708798177646 1.0107711934288628 1.0442920861685114
9.840049999990406 -0.40765672747245296 -0.6386313668579469 1.0107779637215082 1.017653251228722
9.860049999990359 -0.4027776789961452 -0.6420342831188645 1.0106819651918022 0.9914190128648298
9.880049999990312 -0.3974417087805995 -0.6427369311398042 1.010139895006141 0.967949851733697
9.900049999990266 -0.39187060607213575 -0.6419514162300523 1.0078887189042403 0.9470709514864774
9.92004999999022 -0.38594556979745537 -0.6381994825307017 1.0026464280868093 0.9312891468030982
9.940049999990173 -0.3803993635728174 -0.6325660159935103 0.9939275383519272 0.9199094898974854
9.960049999990126 -0.37498686780602286 -0.6266181397999222 0.9833823303803325 0.9096772718024296
9.98004999999008 -0.36843516657313097 -0.6205271277524858 0.9726796368883932 0.9014773354494992
10.000049999990033 -0.3594200574292221 -0.6138015336510729 0.9629764970508532 0.8977380257173985
