0.0 -2.3834463990072027e-7 -2.3834463990072027e-7 3.11064607953848e-7 3.11064607953848e-7
0.020049999999999936 -0.44623341398447963 -0.44623341398447963 0.5312974173191229 0.5312974173191229
0.04000000000000012 -0.29623547819598944 -0.29623547819598933 0.5124660882646545 0.5124660882646545
0.06000000000000069 -0.26494494109697647 -0.26494494109697647 0.4922103330754322 0.4922103330754322
0.08000000000000126 -0.3476837961811485 -0.3476837961811487 0.4509306192755866 0.45093061927558625
0.10000000000000184 -0.36140362189726055 -0.36140362189726055 0.4179198244259175 0.41791982442591674
0.12000000000000241 -0.44893618877189506 -0.4489361887718952 0.34914623872895295 0.34914623872895284
0.1400000000000009 -0.4547022284289793 -0.4547022284289794 0.3391345108424982 0.33913451084249796
0.1600499999999987 -0.49362675957062646 -0.49362675957062635 0.2680805710752506 0.26808057107525024
0.1800499999999965 -0.4844299064628335 -0.48442990646283296 0.29475613795568173 0.2947561379556816
0.2000499999999943 -0.47540957243451526 -0.4754095724345149 0.21781965794215857 0.21781965794215846
0.22004999999999209 -0.4946726664371916 -0.4946726664371917 0.27576376336039393 0.27576376336039415
0.24004999999998988 -0.4369008781330858 -0.4369008781330859 0.18901304877497288 0.18901304877497177
0.2600499999999877 -0.5008168781894182 -0.5008168781894184 0.2445958016176379 0.2445958016176381
0.2800499999999855 -0.4036874862922209 -0.40368748629222023 0.16885596651610618 0.16885596651610485
0.3000499999999833 -0.4952886855064827 -0.4952886855064816 0.2169743395117078 0.2169743395117089
0.32004999999998107 -0.38737920685184773 -0.3873792068518462 0.15255915760081856 0.15255915760081967
0.34004999999997887 -0.4870946176169451 -0.48709461761694045 0.183720410755062 0.18372041075506435
0.36004999999997667 -0.3844185064470183 -0.3844185064470121 0.13539441770017496 0.13539441770017718
0.38004999999997446 -0.4752272781684003 -0.47522727816839433 0.147107503065745 0.14710750306574666
0.40004999999997226 -0.3876002032176738 -0.38760020321766625 0.11595564543241638 0.11595564543241593
0.42004999999997006 -0.459674126652225 -0.45967412665221846 0.11025955337224819 0.11025955337224452
0.44004999999996786 -0.39144867923485155 -0.39144867923484833 0.09399970317485001 0.09399970317484657
0.46004999999996565 -0.4418766564002771 -0.44187665640027535 0.07523772132152201 0.07523772132152201
0.48004999999996345 -0.39301083849155444 -0.39301083849155366 0.06973026792740039 0.06973026792740017
0.5000499999999612 -0.4235941577002928 -0.4235941577002977 0.04282060480590504 0.04282060480590837
0.520049999999959 -0.391177656693597 -0.3911776566935969 0.0435503178341256 0.04355031783412649
0.5400499999999568 -0.4060270624923034 -0.4060270624923034 0.012889917393270438 0.012889917393270216
0.5600499999999546 -0.38584781602806856 -0.38584781602806856 0.015963635069965725 0.015963635069965725
0.5800499999999524 -0.38957839305668046 -0.38957839305668057 -0.015121669989639493 -0.015121669989638938
0.6000499999999502 -0.3773635931059604 -0.37736359310596007 -0.012496529307294398 -0.012496529307295008
0.620049999999948 -0.3740351166831996 -0.3740351166831994 -0.041895868159701484 -0.041895868159702206
0.6400499999999458 -0.36621000564629796 -0.36621000564629796 -0.04135138227403224 -0.04135138227403091
0.6600499999999436 -0.35887525955111194 -0.3588752595511128 -0.06803403689885201 -0.06803403689885235
0.6800499999999414 -0.3528589451764123 -0.35285894517641386 -0.07024540061764667 -0.07024540061764695
0.7000499999999392 -0.34351841615611983 -0.34351841615611917 -0.09398079674066212 -0.09398079674065962
0.720049999999937 -0.3376850024004863 -0.33768500240048505 -0.09897392509733094 -0.09897392509732916
0.7400499999999348 -0.3274616330311181 -0.32746163303111814 -0.1200251399676015 -0.12002513996760178
0.7600499999999326 -0.32092732920536704 -0.32092732920536776 -0.1274713234671294 -0.12747132346712772
0.7800499999999304 -0.31031812016402527 -0.3103181201640191 -0.1463387846693983 -0.146338784669405
0.8000499999999282 -0.30268610946920754 -0.30268610946920543 -0.1557781215402508 -0.15577812154025014
0.820049999999926 -0.29179965113442785 -0.29179965113442735 -0.17302364753235278 -0.1730236475323525
0.8400499999999238 -0.2829402731576245 -0.2829402731576245 -0.184005746913715 -0.18400574691371493
0.8600499999999216 -0.2716772096971977 -0.2716772096971977 -0.20015383945305926 -0.2001538394530593
0.8800499999999194 -0.2615718310123132 -0.2615718310123132 -0.2123099823200076 -0.2123099823200076
0.9000499999999172 -0.24973979667822727 -0.24973979667822727 -0.22780754236046818 -0.22780754236046818
0.920049999999915 -0.23838565042221915 -0.2383856504222197 -0.24087676606325198 -0.2408767660632523
0.9400499999999128 -0.22575904353168202 -0.22575904353168402 -0.2560898892033661 -0.2560898892033671
0.9600499999999106 -0.2131188123306194 -0.2131188123306214 -0.26991980894708356 -0.26991980894708567
0.9800499999999084 -0.19945255874085538 -0.19945255874085455 -0.2851506341310379 -0.28515063413103986
1.0000499999999062 -0.18538512441551996 -0.18538512441552674 -0.2996874734239831 -0.2996874734239899
1.0200499999999042 -0.17695549055732157 -0.17695549055732535 -0.30636403481146773 -0.3063640348114724
1.040049999999902 -0.17318569561446046 -0.17318569561445535 -0.30243082958719014 -0.3024308295871965
1.0600499999998998 -0.16775564519817945 -0.16775564519818312 -0.2982176733066496 -0.29821767330665044
1.0800499999998976 -0.16330071136465774 -0.16330071136465948 -0.29467220221868645 -0.2946722022186852
1.1000499999998954 -0.16044500982017615 -0.1604450098201766 -0.292611717098326 -0.29261171709832545
1.1200499999998932 -0.15922987138941602 -0.159229871389422 -0.2916155102668483 -0.29161551026685134
1.140049999999891 -0.1596887268342173 -0.15968872683421384 -0.29281888454099547 -0.2928188845410086
1.1600499999998888 -0.1608550807126924 -0.1608550807126909 -0.29304866488255454 -0.29304866488255754
1.1800499999998866 -0.15950419300994126 -0.15950419300994004 -0.29517338092236556 -0.2951733809223616
1.2000499999998844 -0.16226425156428276 -0.16226425156427396 -0.2945256236088102 -0.2945256236088088
1.2200499999998822 -0.15874817469692143 -0.158748174696919 -0.2966843548921457 -0.296684354892146
1.24004999999988 -0.15752247298449745 -0.15752247298449126 -0.29652798838268224 -0.2965279883826897
1.2600499999998778 -0.1523032630142523 -0.18249919054173136 -0.299901916001003 -0.2764773582277636
1.2800499999998756 -0.15034909396819787 -0.2611141464875309 -0.3017931788308329 -0.21891138030744933
1.3000499999998734 -0.11423793743187896 -0.3535670693580143 -0.32377905994149 -0.15054467328525703
1.3200499999998712 -0.05369077083112733 -0.46583813318417905 -0.3666344750424612 -0.07557334874111818
1.340049999999869 0.024995819854748816 -0.5978018588511349 -0.42208913966416667 0.009877988122991822
1.3600499999998668 0.11242805128535573 -0.68047118440446 -0.48759303563240647 0.12261005655931034
1.3800499999998646 0.12450699520290187 -0.6050800058773924 -0.5431325904977112 0.2687817949931718
1.4000499999998623 -0.0861033824501363 -0.5642319966061067 -0.5855596323499567 0.3046524040811393
1.4200499999998601 -0.12332441198332628 -0.535738815092726 -0.6341316384882741 0.31466564837367406
1.440049999999858 -0.15602241208981854 -0.5509728630500836 -0.6790050401949136 0.3161979894811937
1.4600499999998557 -0.20483389016388337 -0.5510201191853838 -0.6955315302346289 0.30361673638012415
1.4800499999998535 -0.2334269716072677 -0.5445292735768776 -0.7074254166549162 0.2868549607540068
1.5000499999998513 -0.2506229815114291 -0.537210945846599 -0.7159022626178003 0.2634942652026613
1.5200499999998491 -0.2602943342615144 -0.5243048337222347 -0.7187179057083193 0.23433597535656675
1.540049999999847 -0.26241901343015717 -0.5076066379195083 -0.7190752343039895 0.20054652438012194
1.5600499999998447 -0.2600080980512109 -0.4864879675298774 -0.7172192480809871 0.16277862054248401
1.5800499999998425 -0.25549171953287464 -0.4607497951489567 -0.7139792400949102 0.121829416256206
1.6000499999998403 -0.2444163664817578 -0.43222822754000395 -0.7163234094259887 0.07883155754823509
1.6200499999998381 -0.23783860825734338 -0.4010213797700973 -0.6384235969659445 0.035676838038753746
1.640049999999836 -0.23418774695001426 -0.3621887093080241 -0.7184750539072589 0.04960736994203829
1.6600499999998337 -0.23514778713855114 -0.32681506694227963 -0.7217799615673558 -0.052998824866669285
1.6800499999998315 -0.22774768962206945 -0.28609902847595664 -0.6432819308425136 -0.09309190853465052
1.7000499999998293 -0.22246170154875558 -0.2497831959142342 -0.7240804331098314 -0.1283186773542649
1.720049999999827 -0.21783483807810192 -0.2067963239002491 -0.6478748292241843 -0.1622706957286965
1.740049999999825 -0.21232630891905557 -0.16832381940562058 -0.7299813621495111 -0.18983348573304393
1.7600499999998227 -0.20866875294157605 -0.13486473643424374 -0.7338531458754302 -0.21235872804052786
1.7800499999998205 -0.20080452985113917 -0.10047165137867323 -0.739639427452866 -0.22856809916112913
1.8000499999998183 -0.19311252505491727 -0.07433407523899083 -0.7459539447629101 -0.23504411615204168
1.820049999999816 -0.16822462088660448 -0.09875043340871086 -0.7534837378593867 -0.2303096190455418
1.840049999999814 -0.15422533828789706 -0.03637419081384388 -0.6833369636064788 -0.2245519082026856
1.8600499999998117 -0.13823282800834447 -0.02746048030294962 -0.7790783987981902 -0.20225179676852606
1.8800499999998095 -0.1212825667621446 -0.022549445369277055 -0.7947845143204774 -0.17726132430672337
1.9000499999998073 -0.08614310512120466 -0.024790646256749593 -0.7300746894005012 -0.1319174837515526
1.920049999999805 -0.06804128425422612 -0.15328907801765107 -0.6628653282120304 -0.4505496126934262
1.9400499999998029 0.018852584539206185 -0.016426110014472473 -0.46992821697963744 -0.38055562769285234
1.9600499999998007 0.24052741202994637 0.09007781237434237 -0.37106608289169984 -0.20108487536244068
1.9800499999997985 0.38438299840119655 0.14520271580611338 -0.3478034321955024 -0.0847140540841729
2.000049999999796 0.47085309513802925 0.18156985934217046 -0.354424531507554 0.009473848475219752
2.0200499999998383 0.5006592520808626 0.17920219326438086 -0.3891656678777326 -0.005316341713432461
2.0400499999998805 0.4847691340164508 0.1997995717336593 -0.42917975082321747 -0.01533202304908577
2.0600499999999227 0.37108853223603194 0.18162308194267734 -0.4510011572716454 -0.07002292173053873
2.080049999999965 0.15757625706774941 0.158614950879379 -0.394614471668804 -0.13700061393149077
2.100000000000007 -0.07900456030856123 0.1782645732944525 -0.3047826974252718 -0.22791231859689146
2.1200000000000494 -0.3247926539980584 0.2477589588075974 -0.1662613970213499 -0.31444344335503205
2.1400000000000916 -0.5013836797228202 0.3733443417848498 0.01787945659961799 -0.3951737225010082
2.160000000000134 -0.4563764339629189 0.4194009454587739 0.23857419307330707 -0.43996459452803255
2.180000000000176 -0.4420897021820828 0.34985053884162004 0.3699885129572229 -0.46929726316448556
2.2000000000002182 -0.48637888059383766 0.22686695162394716 0.42713953679721367 -0.5234071339578957
2.2200000000002604 -0.5549996020119956 0.13174047606497713 0.45207152433256487 -0.5670747590819359
2.2400000000003026 -0.601638519177456 0.04827289750905256 0.4669625317797385 -0.6027710742866023
2.260000000000345 -0.6349781948788371 -0.021639956738826738 0.469853908342669 -0.6324126556667464
2.280000000000387 -0.6584465881486297 -0.0786595512876766 0.4609727671086917 -0.6569526532500881
2.3000000000004293 -0.6729502090725508 -0.1248154938157175 0.44095148791525135 -0.6760368816109317
2.3200000000004715 -0.6792156424932092 -0.16096179758257267 0.411012604510491 -0.6905701040432332
2.3400000000005137 -0.6774485647196269 -0.1886809522754142 0.37239816891768046 -0.7012081515789814
2.360000000000556 -0.667650338003793 -0.20941387323614674 0.3264813379123634 -0.7086996333368994
2.380000000000598 -0.6498767303909385 -0.2244909969876392 0.274707769042116 -0.7138507012889452
2.4000000000006403 -0.6242749767529201 -0.23515596276957726 0.21855259423397655 -0.7173648598161942
2.4200000000006825 -0.5912090009531394 -0.2424378795140771 0.15952078702181538 -0.7198687502600896
2.4400000000007247 -0.5512068616366386 -0.24723327788767155 0.09905852280941266 -0.721706782576321
2.460000000000767 -0.5053907062978582 -0.250226239697532 0.038748224053340295 -0.7237517460692207
2.480000000000809 -0.44637372363151145 -0.2535928795360854 -0.002393307736470833 -0.7306814482957311
2.5000000000008513 -0.40239863206247967 -0.26039037708123947 -0.07858994198198041 -0.7306399117020336
2.5200000000008935 -0.34568828362955556 -0.25623610065060537 -0.12853158341462737 -0.732456466277077
2.5400000000009357 -0.2920862426256207 -0.2493291497590831 -0.17211216465585838 -0.7384882648038849
2.560000000000978 -0.23590343557500731 -0.24741164611143118 -0.20989684053951402 -0.7406595752216854
2.58000000000102 -0.186085032701849 -0.2403728977928269 -0.23833194100864236 -0.7474810832550174
2.6000000000010624 -0.14062643746799758 -0.23402876059987449 -0.2574408840004689 -0.7536527018123879
2.6200000000011046 -0.1009952432172731 -0.2259977501715733 -0.2652939970358043 -0.7603650371932056
2.6400000000011468 -0.07026981853050623 -0.2143809659698552 -0.26051541828784536 -0.7696850330863296
2.660000000001189 -0.062126330290420195 -0.19726231521520216 -0.2542470445393143 -0.6979866805169403
2.680000000001231 -0.1156366619593745 -0.17997390675526165 -0.4629746376159652 -0.7101624893807114
2.7000000000012734 -0.04564794474158805 -0.07597706537281845 -0.36735029085417414 -0.69136418853366
2.7200000000013156 -0.3709094999295923 0.05626847333597451 -0.5048667492650026 -0.5523827655937942
2.740000000001358 -0.3570724119428522 0.3344404132727383 -0.41388883485083855 -0.3961633853578577
2.7600000000014 -0.29492748876186664 0.5775982587534665 -0.32043033550560135 -0.2891914674112129
2.780000000001442 -0.25374850803929555 0.7609591987378621 -0.2012058402420595 -0.2504959698376042
2.8000000000014844 -0.23120526407831143 0.8604562283840995 -0.1033655779518379 -0.27168548693599254
2.8200000000015266 -0.2633803019375293 0.8948103206811515 -0.09386926167862766 -0.32475817829834136
2.840000000001569 -0.24940915439178607 0.86798138675744 -0.10990042772611794 -0.38766101349592186
2.860000000001611 -0.2913603782639917 0.7473354016024489 -0.14610359648543783 -0.4206679206300176
2.8800000000016532 -0.34062873863022664 0.5257852751394205 -0.21355869626675916 -0.39368913229650393
2.9000000000016954 -0.3477307277598786 0.27366519049189025 -0.2985932089168624 -0.31902909618660674
2.9200000000017377 -0.2932315683028593 0.009629128099161777 -0.3956108106540795 -0.2013794866549498
2.94000000000178 -0.17325287985994736 -0.24406736830796055 -0.4871405274907834 -0.04510349561478363
2.960000000001822 -0.002965363474063787 -0.499752437600723 -0.5484092806403917 0.08546602533885667
2.9800000000018643 0.17031532107677178 -0.5191572800883939 -0.5867662032339104 0.32641549434312817
3.0000000000019065 0.17281663178955048 -0.44625821456170217 -0.5930609380262764 0.44241261791109104
3.0200000000019487 0.11092623501297816 -0.5824298182728751 -0.5792728055049008 0.45795236597849115
3.040000000001991 0.09753462746111563 -0.652178642473211 -0.5884479836479128 0.46872175745901073
3.060000000002033 0.06701416925806492 -0.6975757000342231 -0.5903489040473665 0.46659337006931373
3.0800000000020753 0.03693279446609732 -0.7260401558875282 -0.5954214166221105 0.45423651692766026
3.1000000000021175 0.006114035974062515 -0.7427767299299515 -0.6061697148138506 0.4320751327245615
3.1200000000021597 -0.02887712611042237 -0.7467435312387154 -0.6183042136401294 0.4001535644285554
3.140000000002202 -0.06446643477606268 -0.7398987570012567 -0.6329124845878511 0.36014332262389964
3.160000000002244 -0.10034778025779256 -0.7230589148518771 -0.648689598929595 0.3130320879760222
3.1800000000022863 -0.13513909918495404 -0.6969103072707754 -0.6647243560241068 0.2601386064101169
3.2000000000023285 -0.1674829219518656 -0.6624282726715776 -0.6804397855629899 0.20286905446842413
3.2200000000023707 -0.19643335967937822 -0.6204936937551102 -0.6951742965781199 0.14264008618903654
3.240000000002413 -0.22113915653380936 -0.5721678324181192 -0.708523498559665 0.08094524692817498
3.260000000002455 -0.24104623137023348 -0.5186628967539664 -0.7202262933937418 0.0192920224934413
3.2800000000024974 -0.26016717600630196 -0.45966717057373024 -0.7361911182558926 -0.041109425048589644
3.3000000000025396 -0.27376809439681943 -0.40237454717982785 -0.7385000446765988 -0.10105980497815353
3.3200000000025818 -0.2715702182571226 -0.3430723293522972 -0.7465547946574232 -0.1513624209351962
3.340000000002624 -0.2701799859193844 -0.28340171515913587 -0.7506483919499021 -0.1971953974371552
3.360000000002666 -0.26409921723771346 -0.22595362913659373 -0.7539843973026251 -0.23540587384377754
3.3800000000027084 -0.25548772072028986 -0.1737770936784106 -0.758590698052974 -0.26481404024476646
3.4000000000027506 -0.24462456417362993 -0.12851522071945537 -0.7647875633955634 -0.2837368549884451
3.420000000002793 -0.23252420194344106 -0.08984071007999977 -0.7713129278373374 -0.2906572228747482
3.440000000002835 -0.21714876194297858 -0.06038586084159592 -0.7799006773734902 -0.2837293004852
3.460000000002877 -0.1782571077989858 -0.03469376140708541 -0.7921550411289375 -0.2716960294465787
3.4800000000029194 -0.09495169654764923 -0.15314018497266307 -0.7206668685717798 -0.2941737327311938
3.5000000000029616 -0.005537843173149093 -0.3746163235489179 -0.6720388969194732 -0.3888307133706053
3.520000000003004 0.14847333758760495 -0.2881453709294671 -0.5224627838202732 -0.49727955474648405
3.540000000003046 0.41980076086790746 -0.30328500767685196 -0.3850822023618004 -0.429431202460159
3.5600000000030882 0.6591856146446429 -0.2978603925043455 -0.28151155538905337 -0.3137707492367237
3.5800000000031305 0.8535854200036801 -0.27582034361531405 -0.2600434049250708 -0.17302554263537084
3.6000000000031727 0.9521405896236939 -0.2659215084919476 -0.29204665269074453 -0.06404867437491485
3.620000000003215 0.990027473894219 -0.2862904457601357 -0.35493012396501716 -0.05493412200699783
3.640000000003257 0.9579030452756492 -0.28550584612739455 -0.4337402893202616 -0.0650089264490083
3.6600000000032993 0.8221014274125353 -0.2878063483403736 -0.4807239148063956 -0.08803674788200885
3.6800000000033415 0.5698380914030261 -0.30912489548761773 -0.45113266720520934 -0.14917847668360187
3.7000000000033837 0.29382672573282415 -0.3774029909754942 -0.3756175552777273 -0.28641902331581864
3.720000000003426 0.024415015790857753 -0.3258885462856926 -0.24993060366874192 -0.39169739228639283
3.740000000003468 -0.23579188243735333 -0.1977786012745129 -0.07641369938563891 -0.48401138025455176
3.7600000000035103 -0.46101741757881703 -0.007866185238871448 0.11161530551050078 -0.5565827303731431
3.7800000000035525 -0.5185992021688414 0.17281002006257107 0.3115372945659962 -0.5901122335128695
3.8000000000035947 -0.5199617955422489 0.19437911668599556 0.4511664901858849 -0.5845271623738404
3.820000000003637 -0.5812700246891107 0.13034182689017654 0.48097728446755145 -0.5738722561337128
3.840000000003679 -0.6609027550107129 0.11759348007324194 0.49254415051345396 -0.5797193564779394
3.8600000000037213 -0.7129918093412526 0.0903095863878422 0.49225321603650823 -0.5808921992532674
3.8800000000037635 -0.7460190540662668 0.06073688368495872 0.48074928075780293 -0.5848044717089549
3.9000000000038058 -0.7658257502783967 0.02979612807107973 0.45898100724641194 -0.5952542557116474
3.920000000003848 -0.7719941555124228 -0.006411304210676871 0.4269232555348334 -0.6078682156055004
3.94000000000389 -0.7664531869844695 -0.04428987205752216 0.3862672572714709 -0.6234094366504227
3.9600000000039324 -0.7502707383128335 -0.08311868902393271 0.3381066480025629 -0.6406099614888245
3.9800000000039746 -0.7242159852853827 -0.12138166179613541 0.2837820161536442 -0.6583380564636021
4.000000000004016 -0.689330771243903 -0.1574354384353382 0.22476381338879692 -0.6758853446512688
4.02000000000397 -0.6465583325783655 -0.19010677543586268 0.16252542605692907 -0.6924636067145012
4.040000000003923 -0.5969969190675806 -0.21835359086648576 0.09861999549714706 -0.7075519400780851
4.0600000000038765 -0.5419031904758804 -0.2414622687118956 0.034618845475409436 -0.7208082866815454
4.08000000000383 -0.47532410140195197 -0.26213256772419047 -0.01735021569845622 -0.7364925797676053
4.100000000003783 -0.4222523630327674 -0.2795938503878612 -0.09073921751168623 -0.7425082977751706
4.120000000003737 -0.3594415331759972 -0.28006211220504384 -0.14371148920191582 -0.7497953815811451
4.14000000000369 -0.2981483854449733 -0.2785665052769723 -0.19152624735727586 -0.7552735508009231
4.1600000000036434 -0.23801757620566838 -0.27340445705868605 -0.23194039032538105 -0.7584583050445036
4.180000000003597 -0.18311447146306897 -0.26442299267528335 -0.2632226120170949 -0.7625199127228012
4.20000000000355 -0.1354725711812123 -0.25334268946390837 -0.28391205075792764 -0.7684292625240796
4.220000000003504 -0.09487634697409669 -0.24062535620613354 -0.29228040194599686 -0.7749634431002154
4.240000000003457 -0.06324052953711728 -0.22509480399542608 -0.2866097707343754 -0.783080050857844
4.26000000000341 -0.04029724010330904 -0.1880888495775525 -0.2773626179284125 -0.7950973578737447
4.280000000003364 -0.18196140825998364 -0.1032355180237689 -0.3064122343125439 -0.7257505431538662
4.300000000003317 -0.37721266817424876 0.0018346630234716832 -0.3867653269855964 -0.6745265357219509
4.320000000003271 -0.3336380799249494 0.13557115025255884 -0.6597055583321771 -0.5000013793393787
4.340000000003224 -0.3591529548754844 0.4297688599293769 -0.5249751545123401 -0.36456084935121064
4.360000000003177 -0.34705706696279454 0.6883023805531894 -0.35908996819837735 -0.26758289347571207
4.380000000003131 -0.3150968189757953 0.8910001781126733 -0.1938208507621306 -0.24770988859040471
4.400000000003084 -0.30419651431710454 0.9927326057185379 -0.07547196539545237 -0.28183366512907776
4.4200000000030375 -0.33049195699520034 1.0304187100140232 -0.06183374360075301 -0.34802030160691116
4.440000000002991 -0.30807167793304946 0.9961186457101083 -0.05871180473017799 -0.4285638147588424
4.460000000002944 -0.2923478490842401 0.8554175312574379 -0.07160095709847214 -0.476694976236606
4.480000000002898 -0.30241317872014356 0.5870465095363968 -0.13358416143544086 -0.4523501293308154
4.500000000002851 -0.36420222089912774 0.29796556411112757 -0.27583080304394014 -0.3819253950298657
4.520000000002804 -0.36142971462198087 0.0419111948807564 -0.40120111743761694 -0.261334940442046
4.540000000002758 -0.2362830736625497 -0.20946451457423537 -0.4931696821346157 -0.08920887532720806
4.560000000002711 -0.048352540355405316 -0.4263487851248619 -0.5660227101443386 0.1009723028863029
4.580000000002665 0.13982263024628472 -0.510804527499352 -0.6010358760825877 0.2893231419863599
4.600000000002618 0.17945065089548767 -0.49637189594550785 -0.5954414574606447 0.44449123156633047
4.620000000002571 0.1191624651579693 -0.5547255959248254 -0.5826394470389639 0.47570817129146986
4.640000000002525 0.10817538682793021 -0.6333624618945279 -0.5843259164211185 0.48729416912114626
4.660000000002478 0.08557367034600777 -0.6860643556560828 -0.5842317464837549 0.4881163113613544
4.6800000000024315 0.05848874397411424 -0.7194469571719131 -0.5860972206691609 0.4777954724551788
4.700000000002385 0.02991955889359016 -0.7396762655898559 -0.5949971083257897 0.45768739999278335
4.720000000002338 -0.004433033975220546 -0.7465631649800621 -0.6065682922489192 0.42764834815333813
4.740000000002292 -0.04117044578888779 -0.7419024902727582 -0.6212751833587659 0.3892597115934076
4.760000000002245 -0.07928194361330343 -0.7269219016232022 -0.6379840533163817 0.34361174481728346
4.7800000000021985 -0.11727333705310072 -0.7024262816022584 -0.6554487004694776 0.2919593513742819
4.800000000002152 -0.15339489785555221 -0.6694803574072243 -0.6729053933452858 0.23571278250830546
4.820000000002105 -0.1863884460403879 -0.6290415020753144 -0.6895210911902675 0.17627833353876404
4.840000000002059 -0.21515471926063115 -0.5821732179006098 -0.7047184193181821 0.11513732644593372
4.860000000002012 -0.2389266757850751 -0.530071208765585 -0.7181167647329252 0.05379224148554789
4.880000000001965 -0.25732623742781624 -0.4640506109405273 -0.731831300036079 -0.042471196962651496
4.900000000001919 -0.2774534910344909 -0.41741722376654206 -0.742431310127756 -0.06625707010332274
4.920000000001872 -0.28251838730380907 -0.35683544603666867 -0.7467246910907441 -0.11867074957471938
4.940000000001826 -0.27987177119356804 -0.29939487987496655 -0.7534377041401882 -0.16436296386251836
4.960000000001779 -0.2761632011143041 -0.2420578742658021 -0.756295427742153 -0.2038237876752051
4.980000000001732 -0.267420516885426 -0.18927715200113776 -0.7595136481095298 -0.23454259819146617
5.000000000001686 -0.25749920472122056 -0.14270655815395988 -0.7641717572743539 -0.2555877803912277
5.020000000001639 -0.24497129339776721 -0.1036540590162332 -0.7702277084469806 -0.26513169166111844
5.0400000000015925 -0.2307967128540673 -0.071735298293989 -0.7770668616624412 -0.2619309675813522
5.060000000001546 -0.2050413809396921 -0.05983345343125335 -0.7840534411168237 -0.25818921117720756
5.080000000001499 -0.14889565281027378 -0.25188060739409135 -0.7153301166956033 -0.34223169026913886
5.100000000001453 -0.08784546274781635 -0.34998575985166985 -0.6622850476129982 -0.5981683133240444
5.120000000001406 0.10491210170514154 -0.34427675224112025 -0.5358083671432339 -0.44218997103052077
5.1400000000013595 0.3730579063901079 -0.3415507866023009 -0.3877528960582965 -0.4174981357169408
5.160000000001313 0.6135969784395543 -0.32042385636727305 -0.28247016605410274 -0.3350687929053014
5.180000000001266 0.7977025139116636 -0.29211709838663225 -0.24254543748656615 -0.21402906312133635
5.20000000000122 0.900982431467763 -0.2747196120872222 -0.26306258812738376 -0.11396423094036637
5.220000000001173 0.9359644561472242 -0.31169374575736614 -0.31826732240327493 -0.10512326459368962
5.240000000001126 0.9101747058080425 -0.298268337315516 -0.3824174142157422 -0.11888707078331656
5.26000000000108 0.7875716161886157 -0.31704975982024525 -0.4171463682940779 -0.1383667217944294
5.280000000001033 0.5605606088842052 -0.34827756585278297 -0.39153905002746453 -0.195929547501543
5.300000000000987 0.30416437105472677 -0.40312120882111896 -0.3207488268466589 -0.30679645626128627
5.32000000000094 0.04275569934091389 -0.3469297641747266 -0.20713024721035572 -0.40390956026315095
5.340000000000893 -0.21303545297719823 -0.2281013010154646 -0.049916452853721406 -0.4937884517619148
5.360000000000847 -0.46758120302156586 -0.05467233791416831 0.0769690053517551 -0.5581676285053533
5.3800000000008 -0.5259497074494413 0.1308969744191486 0.31452985953835244 -0.5978503703041952
5.4000000000007535 -0.42749272938179694 0.16344790574534046 0.44311772797177323 -0.606248088193985
5.420000000000707 -0.5805064830179103 0.09983752803867446 0.45880025303009275 -0.586192334062867
5.44000000000066 -0.6522425974030712 0.09364678040152502 0.46872442806921394 -0.5908723521189201
5.460000000000614 -0.6998946144404139 0.06990916227336091 0.4663913738363103 -0.590416139819713
5.480000000000567 -0.7290239183336091 0.0432920952163271 0.4535470973268246 -0.5920436050815802
5.5000000000005205 -0.7463980345957875 0.015862018123768085 0.4312993279724843 -0.6010860080551702
5.520000000000474 -0.7506220843469895 -0.01747113300111275 0.3993022964900234 -0.6121665371387928
5.540000000000427 -0.7436351739034177 -0.052597407350148895 0.35929425439683105 -0.6263635445167759
5.560000000000381 -0.726470327623276 -0.08891026565013194 0.31226137995666214 -0.6423887043656513
5.580000000000334 -0.699814458590436 -0.12491738595744084 0.2594719267698736 -0.6590615853112247
5.600000000000287 -0.6647399431907564 -0.15893947539758801 0.20233186510198603 -0.6757022925623704
5.620000000000241 -0.6221944596368045 -0.18981583913448014 0.1422388877416981 -0.6915068305137752
5.640000000000194 -0.573284267991538 -0.21649490034025398 0.0806756042814949 -0.7059505390365598
5.660000000000148 -0.5192620359705802 -0.2382586018822169 0.01914198007003011 -0.7186854412598966
5.680000000000101 -0.4598294622521581 -0.2590062357422409 -0.041155618050007524 -0.7355497811952711
5.700000000000054 -0.402216912823605 -0.2739343285436338 -0.10102976801269034 -0.7385953922131103
5.720000000000008 -0.3426879483587392 -0.27272689804562655 -0.15127621305185163 -0.7471991205049875
5.740049999999961 -0.28285442652435017 -0.2722996444746518 -0.19709410104397068 -0.7517719049338788
5.760049999999914 -0.2255676221302298 -0.2663980537212033 -0.23535937457644202 -0.7552547340681539
5.780049999999868 -0.17326720682957036 -0.2573133733307432 -0.26470076093434963 -0.7595213614194178
5.800049999999821 -0.12802394354580354 -0.24640909453531587 -0.28368586128067613 -0.7655623280365185
5.820049999999775 -0.08965601791734862 -0.23388069045732882 -0.2906221021343422 -0.7721520820619244
5.840049999999728 -0.06025099288572705 -0.21842678559158998 -0.2838003696339632 -0.7803495449413373
5.860049999999681 -0.03836712044890983 -0.18202394017918994 -0.27320210250726046 -0.7921873432889901
5.880049999999635 -0.1613533538592521 -0.09745540760972216 -0.3080584538991203 -0.7241851108722435
5.900049999999588 -0.3738236483592643 -0.021011069300624186 -0.42271609266596966 -0.6707698069589682
5.9200499999995415 -0.2931773950598331 0.14208574372099658 -0.48988405990239586 -0.5243828458813958
5.940049999999495 -0.3048872798834338 0.41528293494051766 -0.43561099665205966 -0.38391661141297684
5.960049999999448 -0.2963381405364191 0.6582533793456649 -0.3137047405105661 -0.28094134591406406
5.980049999999402 -0.27369724574753074 0.8528449675691654 -0.17199661608364125 -0.25990756392145725
6.000049999999355 -0.26355748946296303 0.9511596782858427 -0.06305327551335416 -0.2923159418019917
6.0200499999993085 -0.28419990473423973 0.9884747715206099 -0.053869935887809355 -0.3553763978844229
6.040049999999262 -0.283330830699733 0.9560867507266548 -0.06486601399068345 -0.43411093332851974
6.060049999999215 -0.28712557064424443 0.8203209235716264 -0.08858421156398347 -0.4808503043083277
6.080049999999169 -0.30904973559741616 0.5686987153091323 -0.1500342315012267 -0.45129331946606605
6.100049999999122 -0.37716942054091235 0.2933615458536791 -0.2868701234992959 -0.37550325053673267
6.120049999999075 -0.3239070173872535 0.0236069384110022 -0.391231056490759 -0.24959124966692842
6.140049999999029 -0.19565011729685494 -0.23656734092611337 -0.4834692602128675 -0.07612817700343613
6.160049999998982 -0.005823319612970945 -0.46183492038392576 -0.5560965890022967 0.11189310142230802
6.180049999998936 0.17338329294167848 -0.5196701128178062 -0.5892644330633515 0.3133477539113339
6.200049999998889 0.19483377501734794 -0.5199740035723199 -0.5841210882072442 0.4511330246962218
6.220049999998842 0.13062007035626516 -0.5812645766686699 -0.5737128813454114 0.48096712422321203
6.240049999998796 0.11761931044640034 -0.6608777510407415 -0.5797552542224003 0.49254173149240504
6.260049999998749 0.09009282880181785 -0.7129118493031985 -0.5810176416665161 0.49224841559962434
6.2800499999987025 0.06040851115760443 -0.7459278160813589 -0.5850397906315752 0.48075305882409786
6.300049999998656 0.029373472383288635 -0.7657297524101063 -0.5955373250214673 0.45898126336170714
6.320049999998609 -0.006865053644474817 -0.7719067122123189 -0.6081679904379332 0.4269184185125488
6.340049999998563 -0.04472697106187512 -0.7663903870105997 -0.623705427326853 0.38625579463782495
6.360049999998516 -0.0835120017753771 -0.7502370479256053 -0.6408772157862073 0.3380859352025686
6.3800499999984694 -0.12170650142784079 -0.7242159845616074 -0.6585650349445 0.28375225634870044
6.400049999998423 -0.1576815135187572 -0.6893649935526951 -0.6760645927039892 0.22472513450400106
6.420049999998376 -0.19027228711213195 -0.6466242190602558 -0.6925928084869876 0.1624787192298735
6.44004999999833 -0.21844354148877854 -0.597090593395913 -0.7076336224555979 0.0985666748104177
6.460049999998283 -0.24148729328869747 -0.54201928996943 -0.7208476768830072 0.03456052723298222
6.480049999998236 -0.26136902968769005 -0.4738904385680402 -0.7369112421102904 -0.018927376172280838
6.50004999999819 -0.27953838758037286 -0.42240661397961116 -0.7424846732828657 -0.09080753594011798
6.520049999998143 -0.2799771372186597 -0.3595869693066433 -0.7497520795927506 -0.14377449719734606
6.5400499999980966 -0.2784727473602204 -0.29829733936270125 -0.7552229919980086 -0.1915863432390163
6.56004999999805 -0.2733148560616988 -0.23815837787266386 -0.7584014631946121 -0.2319966823727927
6.580049999998003 -0.2642253740380473 -0.183231420855332 -0.7624634745244099 -0.2632477761507855
6.600049999997957 -0.2532905404679858 -0.13552757925099862 -0.7684100390810478 -0.28393614127711736
6.62004999999791 -0.24068870104941661 -0.09494776528575116 -0.774836126315546 -0.29233721938007146
6.6400499999978635 -0.22505814533934884 -0.06341648395382254 -0.783128205426041 -0.28662654289424977
6.660049999997817 -0.1877636936425121 -0.03990803848995872 -0.7952273583802576 -0.277364627693609
6.68004999999777 -0.10321087765914777 -0.18169015443247383 -0.7254976722529515 -0.30618311213624233
6.700049999997724 0.002792978347502695 -0.37493346291780866 -0.6741534639208473 -0.38661881091236655
6.720049999997677 0.1362186439220296 -0.33397127181313285 -0.4998268962182331 -0.6591222813219694
6.74004999999763 0.4303472627928559 -0.35883694112476444 -0.36483628308856814 -0.523825302357006
6.760049999997584 0.6883846044367494 -0.34703260968935656 -0.26782969141553903 -0.3588567776196861
6.780049999997537 0.8910681338866921 -0.31513910934201056 -0.24793038267379974 -0.19372890698339085
6.800049999997491 0.9928533169729852 -0.3042835811955953 -0.28201339623755944 -0.07544277321202886
6.820049999997444 1.0307219326014363 -0.33054445415115385 -0.3482248628258466 -0.0617369304622056
6.840049999997397 0.9964858338262332 -0.30781740189351137 -0.42878266426067807 -0.058497243803894906
6.860049999997351 0.8541536691244871 -0.29200121815573016 -0.4763621610410104 -0.07130616740549525
6.880049999997304 0.5817319134576429 -0.3018576278037454 -0.45064708008927873 -0.133663053219477
6.9000499999972575 0.28815185335795407 -0.36420392862247003 -0.37852160706334625 -0.2774725340532686
6.920049999997211 0.02625374268550623 -0.3545305686140437 -0.25580364955438506 -0.4015441748519167
6.940049999997164 -0.23180793633371205 -0.22424968353828761 -0.08121831603284904 -0.4935050371255
6.960049999997118 -0.4513469838199497 -0.031564807424647345 0.10940475263159033 -0.5628093958771937
6.980049999997071 -0.5250028264113327 0.15675280474508602 0.30813005463271614 -0.5970199330875631
7.0000499999970245 -0.5194934603642947 0.18777508699339135 0.45134122309584584 -0.5896834738632712
7.020049999996978 -0.5808290611764668 0.12736967225117474 0.48138690384916266 -0.5768744646787047
7.040049999996931 -0.661016262890497 0.11700492356479536 0.49251809103073124 -0.5800638035519217
7.060049999996885 -0.7140189190936361 0.09275138231199204 0.49209895234070283 -0.5799999283513514
7.080049999996838 -0.7475704858697014 0.06489010347448021 0.48041290265708986 -0.5827068538010112
7.100049999996791 -0.767637296109061 0.03511778182106323 0.4585590646307574 -0.5924051257091515
7.120049999996745 -0.7739094971419309 -0.0005144196174309279 0.4264791548901729 -0.6047072990639611
7.140049999996698 -0.7682874876689503 -0.038415100659859036 0.38582744889612003 -0.6202095473368471
7.160049999996652 -0.7519172636366824 -0.07766416342519067 0.3377044797946374 -0.6376347878357442
7.180049999996605 -0.7256062214940839 -0.11665377356300044 0.2834328885300081 -0.6557595770996378
7.200049999996558 -0.6904299974321999 -0.15361525991484737 0.22447607219169058 -0.6738042352753966
7.220049999996512 -0.6473661568332876 -0.1872643168330363 0.16230161979130434 -0.6909225320926006
7.240049999996465 -0.597534422332151 -0.21647231333843295 0.0984571181038475 -0.7065403765518824
7.2600499999964185 -0.5422072772359079 -0.24045638241603087 0.03451065442139171 -0.7202779698479829
7.280049999996372 -0.47489946553222645 -0.2616007357777018 -0.017920182625412187 -0.7365232952496393
7.300049999996325 -0.4222304935605578 -0.27991594342886494 -0.09076494201233815 -0.7427036775695677
7.320049999996279 -0.3593265546567265 -0.2808075288980585 -0.14371370591874325 -0.7502153406879862
7.340049999996232 -0.2979854578360234 -0.27957170530375797 -0.1915114034622573 -0.7558342542488402
7.3600499999961855 -0.2378396265784592 -0.2745288246548939 -0.23191769082625346 -0.7590795157325693
7.380049999996139 -0.182947568598039 -0.26535125664582304 -0.26316690231065804 -0.7630928527590873
7.400049999996092 -0.13522862154448484 -0.25438045443053825 -0.28389932002514967 -0.768844908872186
7.420049999996046 -0.09487856108304754 -0.241348510596239 -0.292246463158823 -0.7753737511813378
7.440049999995999 -0.06354555423825697 -0.22535588951898258 -0.28648105784363503 -0.7838214847309793
7.460049999995952 -0.04211085130900877 -0.19063552523706367 -0.27753774231560707 -0.7162173173109496
7.480049999995906 -0.18560305847547448 -0.1043895803871055 -0.3089995169019671 -0.726776864779317
7.500049999995859 -0.37882833586875736 -0.0005900513475000091 -0.3891182166841738 -0.6745529546730853
7.520049999995813 -0.3358105015261292 0.1346761509121392 -0.659666363984218 -0.49999677075520915
7.540049999995766 -0.3603073426478867 0.4298011902955666 -0.5255288936578636 -0.36432814424464033
7.560049999995719 -0.34705092308984026 0.6886179309152927 -0.3586877608847226 -0.2674981010184792
7.580049999995673 -0.31478825951959427 0.8912859614280375 -0.19343615105419584 -0.24782580309251506
7.600049999995626 -0.30385529912594356 0.9927930271405203 -0.07521101263806143 -0.282023848854088
7.6200499999955795 -0.3300815041007895 1.0305146333534232 -0.061522667407056385 -0.348265457263299
7.640049999995533 -0.3077195022297648 0.9961748778396835 -0.05857792598179357 -0.4288485469742338
7.660049999995486 -0.2919259805805729 0.853862344370075 -0.07143171783071733 -0.47640321289521187
7.68004999999544 -0.3019812495306679 0.5816412243667473 -0.133825936402316 -0.45066000842844695
7.700049999995393 -0.36436616454267984 0.2882352010894504 -0.27756084920536445 -0.3784973300611294
7.7200499999953465 -0.3542763720999608 0.026283321546071325 -0.40143071959734716 -0.2557556403433444
7.7400499999953 -0.22404575443310842 -0.23181238704812573 -0.49341585083737977 -0.08117345771676854
7.760049999995253 -0.031390641399973884 -0.45140458772411557 -0.5627615747107821 0.10942260001093593
7.780049999995207 0.15683288691940583 -0.5249678932476581 -0.5969632389374809 0.30816178335380384
7.80004999999516 0.18781459439681597 -0.5194960526888894 -0.589655235417294 0.4513394510046126
7.820049999995113 0.12738153527703883 -0.5808311424440162 -0.5768641747455886 0.48138467436970894
7.840049999995067 0.11699510426767373 -0.6610117778234719 -0.580067283322887 0.49251793283423845
7.86004999999502 0.09272490570515074 -0.7140093362882283 -0.5800135892468206 0.49210036148859365
7.880049999994974 0.06485239394493458 -0.7475578219190453 -0.5827272273755822 0.4804152142076121
7.900049999994927 0.0350741710997064 -0.7676234328607623 -0.5924292124308856 0.45856178901619277
7.92004999999488 -0.0005594781351066502 -0.7738958515039338 -0.6047323508018906 0.42648188668597947
7.940049999994834 -0.038457917304204225 -0.7682751000493027 -0.6202334263905581 0.3858299296171724
7.960049999994787 -0.07770205119606405 -0.7519068010442225 -0.6376559349632319 0.33770655022041546
7.9800499999947405 -0.11668502018344029 -0.7255980113079579 -0.6557770004724615 0.2834344751445126
8.000049999994694 -0.1536390386164136 -0.6904241050011977 -0.6738174705298018 0.22447716733868828
8.020049999994647 -0.18728056223069944 -0.6473624469269721 -0.6909315499278063 0.162302259748285
8.0400499999946 -0.21648155189064108 -0.5975326252085376 -0.7065454866685511 0.09845736775032363
8.060049999994554 -0.24045955910144146 -0.5422070440143982 -0.7202797170685921 0.03451059473290626
8.080049999994507 -0.26159905169850295 -0.4749004170269468 -0.7365223621023428 -0.017920461615822288
8.10004999999446 -0.2799106780671454 -0.4222322392608506 -0.7427008032625384 -0.09076534852865181
8.120049999994414 -0.28079998541488715 -0.3593287281154968 -0.7502112305970973 -0.14371415850043026
8.140049999994368 -0.2795630545308759 -0.2979877257989531 -0.755829550272198 -0.1915118223530788
8.160049999994321 -0.2745200635532784 -0.2378417273857653 -0.7590747635409516 -0.23191801622678498
8.180049999994274 -0.26534393853770855 -0.18294981318788567 -0.7630884240041219 -0.26316738582356364
8.200049999994228 -0.2543792004409769 -0.1352331405345017 -0.7688409262968188 -0.2839016263986098
8.220049999994181 -0.2413593618095055 -0.09488694541314041 -0.775370510782041 -0.2922529934304782
8.240049999994135 -0.22538428620787387 -0.06355791889402124 -0.7838195587407858 -0.28649396399545785
8.260049999994088 -0.19067677043797315 -0.0420664547567674 -0.7161386218980312 -0.2775459549726769
8.280049999994041 -0.10443085577733191 -0.18542243489313676 -0.726707772285859 -0.30892346154887035
8.300049999993995 -0.0005061256359157884 -0.37866755590911155 -0.6745337007576935 -0.3890422180040532
8.320049999993948 0.13460974219011929 -0.335909251607426 -0.49991811314636786 -0.6599533229033584
8.340049999993902 0.4297075034124721 -0.360406096551503 -0.3642656921309238 -0.5256756073459892
8.360049999993855 0.6885021879914226 -0.3471481073815643 -0.26740997013034384 -0.35882305436425316
8.380049999993808 0.8911598156406026 -0.3148680687917471 -0.2477098648696277 -0.19354689235745032
8.400049999993762 0.99265435961855 -0.303938560802452 -0.28187080732836417 -0.07529857831852038
8.420049999993715 1.0303458642141141 -0.33015794393624526 -0.34806785416999336 -0.06165313564881382
8.440049999993668 0.9959904864875289 -0.30793366604182704 -0.4286080196436886 -0.058716155372151115
8.460049999993622 0.8553536885997033 -0.2922085109144487 -0.4767366160396496 -0.07159680696092116
8.480049999993575 0.5871239310563607 -0.30242153207896744 -0.4523670186869582 -0.13358605371197524
8.500049999993529 0.2981740140215107 -0.3642212941383793 -0.38189987127376385 -0.2757659310035894
8.520049999993482 0.04205055297012955 -0.3612136739168155 -0.2612742087761056 -0.40100465621635123
8.540049999993435 -0.20939428744483318 -0.23613235213744027 -0.08916317344701458 -0.4930243601774377
8.560049999993389 -0.4262439570500037 -0.04826766694928836 0.1010306766304892 -0.5659179284817365
8.580049999993342 -0.5117734648518313 0.13939266599633932 0.36854365816034895 -0.6008117529654956
8.600049999993296 -0.49641701055888426 0.17934948315287813 0.4444679170390808 -0.5955181445919925
8.620049999993249 -0.5546681616306073 0.1191009611343336 0.4757301438769203 -0.5827304203249546
8.640049999993202 -0.6333360635553629 0.10809961895006343 0.4873045088269416 -0.5844480636671183
8.660049999993156 -0.686046667750277 0.0854666051276054 0.4881085304170593 -0.5843280343934957
8.680049999993109 -0.7194562491016914 0.0584155123938741 0.47778201995272734 -0.5862012449087549
8.700049999993062 -0.7397055449351055 0.029859838537518724 0.4576639097183675 -0.5950867482215835
8.720049999993016 -0.7466099351839577 -0.004468647921442193 0.4276164787135794 -0.6066392858248958
8.74004999999297 -0.7419698501635668 -0.04117594491933585 0.38922113482811677 -0.6213317787950151
8.760049999992923 -0.727005859408689 -0.07926371273410537 0.3435662529333563 -0.6380223931782926
8.780049999992876 -0.7025251011041931 -0.11723267562379769 0.29190846298034945 -0.6554714771644738
8.80004999999283 -0.6695915580798619 -0.15333746196878817 0.23565753762038172 -0.6729148789375153
8.820049999992783 -0.6291618689405492 -0.18632051862116328 0.1762199144390728 -0.6895196790519988
8.840049999992736 -0.5823000503516378 -0.2150822378643388 0.11507704649171543 -0.7047092813567303
8.86004999999269 -0.5302017279070319 -0.23885561270967626 0.053731304211567486 -0.7181026579070617
8.880049999992643 -0.46740180982241814 -0.2588379115205064 0.03881493468445364 -0.730856861326508
8.900049999992596 -0.4175081413250887 -0.2773774266102424 -0.06629662568489772 -0.7424145843720426
8.92004999999255 -0.3569686833713745 -0.28247957999376805 -0.11872935206241159 -0.7467109737069904
8.940049999992503 -0.2995133212951277 -0.2798498047195779 -0.16441720198542287 -0.7534205885887444
8.960049999992457 -0.24217417978219608 -0.2761504013108111 -0.2038722619292146 -0.7562862211450107
8.98004999999241 -0.18938660724603434 -0.2674357976673975 -0.23458751870573796 -0.7595109136356996
9.000049999992363 -0.14283932007047556 -0.25760309714011925 -0.2556578964819594 -0.764176820354184
9.020049999992317 -0.10377317914203049 -0.2450528537533581 -0.2651523645555454 -0.7704855355800801
9.04004999999227 -0.07182055044838193 -0.2310439086852735 -0.26195375511600344 -0.7771732838721578
9.060049999992223 -0.05765289972659088 -0.2014168953816004 -0.25902653813667903 -0.7880686195206721
9.080049999992177 -0.2504438976370109 -0.1487090068091273 -0.3403200953933721 -0.7145510443424263
9.10004999999213 -0.3522419480443308 -0.08664673532453637 -0.5954112257022848 -0.6622326627032044
9.120049999992084 -0.34352682236896537 0.10553467214741269 -0.44150880359351485 -0.5355891097912718
9.140049999992037 -0.3413814742780319 0.3731702680805556 -0.4165794542249789 -0.3878304261642582
9.16004999999199 -0.32055530196144316 0.6133908215503772 -0.33476535090457943 -0.2825839393008586
9.180049999991944 -0.292234860106791 0.7975418750301391 -0.2140700641542173 -0.24267858223327216
9.200049999991897 -0.27485968264894556 0.9008233622719486 -0.11407387774872316 -0.26309634561664635
9.22004999999185 -0.31174733301773244 0.935993099115914 -0.10520319178739096 -0.31830421131663167
9.240049999991804 -0.29826682573189645 0.9102334627125503 -0.11888179159224291 -0.38240068477115546
9.260049999991757 -0.3169756286710405 0.7877195349504713 -0.13829961916522276 -0.4171474183355538
9.28004999999171 -0.3481871484813828 0.5607048694523511 -0.195810344506439 -0.3915221663989885
9.300049999991664 -0.403046154027313 0.3043290436869667 -0.3067009636388903 -0.32072069487269356
9.320049999991618 -0.34693426196950033 0.042872698835951295 -0.40382209359826476 -0.20710247045752117
9.340049999991571 -0.2281100472268009 -0.2129522041252146 -0.49371607600816525 -0.04989508891589508
9.360049999991524 -0.054321265566956656 -0.46671764473415156 -0.5582967000311448 0.07620184960849768
9.380049999991478 0.13084059811374726 -0.5259629410812918 -0.5978612167653005 0.31455920202432625
9.400049999991431 0.1608365990805618 -0.5629582113746388 -0.6054082144045061 0.4460329002393229
9.420049999991384 0.09983263762371991 -0.5804758689467091 -0.5862778167874775 0.45882130160652074
9.440049999991338 0.0936110260159429 -0.6522419760645328 -0.5909542993195974 0.4687222792953814
9.460049999991291 0.06986891713334681 -0.6999043252872672 -0.5904799484708493 0.46637713582217694
9.480049999991245 0.04328076603641512 -0.7290587259046581 -0.592113597004167 0.4535274538708968
9.500049999991198 0.01585737844052626 -0.7464472617299451 -0.6011424156427096 0.4312707415821882
9.520049999991151 -0.017458884360930294 -0.7506849454874736 -0.6122102949095599 0.39926716452707806
9.540049999991105 -0.05256679753858545 -0.7437143195053362 -0.6263987274670088 0.35925358960417836
9.560049999991058 -0.08886777055751888 -0.7265617410140486 -0.6424120547241089 0.3122150498426704
9.580049999991012 -0.12486381586910533 -0.6999172686260102 -0.6590758696873841 0.2594212669245099
9.600049999990965 -0.15887955265091197 -0.6648522247100952 -0.6757088429492631 0.20227759170234688
9.620049999990918 -0.18975393239290378 -0.6223137532630867 -0.6915070377146889 0.1421819421149516
9.640049999990872 -0.21643488274140793 -0.5734085920626291 -0.7059463146616595 0.08061702556940084
9.660049999990825 -0.23820427152837592 -0.5193891960838453 -0.7186782362179802 0.019082744462720326
9.680049999990779 -0.25895151737428934 -0.4599326518459285 -0.7355366777537008 -0.041205174166703405
9.700049999990732 -0.2738989409796154 -0.40234411394188213 -0.7385854783010637 -0.10108747716202812
9.720049999990685 -0.2727051021943807 -0.34281225911243735 -0.747189186268835 -0.1513330866554528
9.740049999990639 -0.27198387329410023 -0.2830068262480951 -0.7516487938936033 -0.19712876037549576
9.760049999990592 -0.26620030562713953 -0.225524047089312 -0.7551487913920614 -0.23532668659035577
9.780049999990545 -0.25722899234148633 -0.17316517557503736 -0.7594117490664566 -0.26467349336964036
9.800049999990499 -0.24634456163821855 -0.1279679907561752 -0.7655053248710655 -0.2836637683855781
9.820049999990452 -0.23383078949129138 -0.08969845484500588 -0.7720879583597137 -0.2905832429055744
9.840049999990406 -0.21845681126554414 -0.060225292858881396 -0.7804057168078048 -0.28378158976337015
9.860049999990359 -0.18305316551125006 -0.038796213751707886 -0.7914620843125624 -0.27310969772181964
9.880049999990312 -0.09902965058820457 -0.16261360242432002 -0.7233546120482519 -0.3083959145411594
9.900049999990266 -0.021705504265532805 -0.3738820185071757 -0.6706531683039426 -0.4240826935235655
9.92004999999022 0.14184703468912419 -0.2934575427435758 -0.5243986158455867 -0.49048736135671683
9.940049999990173 0.4150210473265797 -0.3051299149750535 -0.3836820798876371 -0.43645118546015216
9.960049999990126 0.6582387526678535 -0.2964566681432175 -0.28078635863738877 -0.31400339194563487
9.98004999999008 0.8528033871416174 -0.27378878637214266 -0.2597296201278009 -0.17211380129691597
10.000049999990033 0.9511261776529845 -0.26364853694130136 -0.29215416211929557 -0.06312392254961513
