0.0 0.0 0.0 0.0 0.0
0.020049999999999936 0.0060933419095758525 0.006093341909575867 -0.012716195269081309 -0.012716195269081326
0.04000000000000012 -0.16503394735956772 -0.16503394735956778 0.4626630860062445 0.46266308600624456
0.06000000000000069 -0.3031274331745709 -0.3031274331745709 0.8173798038371685 0.8173798038371686
0.08000000000000126 -0.3296356636223311 -0.32963566362233077 1.0674425432039905 1.067442543203991
0.10000000000000184 -0.38952885748925636 -0.38952885748925653 1.1914517209219015 1.1914517209219029
0.12000000000000241 -0.38538323712302647 -0.3853832371230263 1.3033271449890003 1.3033271449890007
0.1400000000000009 -0.42673489843172874 -0.4267348984317287 1.2981279289962 1.2981279289962002
0.1600499999999987 -0.43272230878761936 -0.43272230878761947 1.3549337337055374 1.354933733705538
0.1800499999999965 -0.46656402383802703 -0.46656402383802736 1.2664578306110281 1.2664578306110283
0.2000499999999943 -0.4842400989448524 -0.4842400989448526 1.3370758741053808 1.337075874105381
0.22004999999999209 -0.4853633730215335 -0.48536337302153315 1.1927882611335108 1.1927882611335103
0.24004999999998988 -0.5199738000163 -0.5199738000162997 1.2965696796479298 1.2965696796479338
0.2600499999999877 -0.48128615735074154 -0.48128615735074115 1.1552177743349459 1.155217774334947
0.2800499999999855 -0.533923810541452 -0.5339238105414521 1.2520267019988793 1.2520267019988829
0.3000499999999833 -0.4704360543895098 -0.4704360543895101 1.1177558628160276 1.1177558628160271
0.32004999999998107 -0.527942777307856 -0.5279427773078565 1.2004512896328612 1.2004512896328619
0.34004999999997887 -0.45509547856691346 -0.4550954785669143 1.0885000818443538 1.0885000818443524
0.36004999999997667 -0.5096905434954411 -0.509690543495442 1.144516697177797 1.1445166971777947
0.38004999999997446 -0.43992448164141484 -0.43992448164141496 1.0615225139539872 1.061522513953986
0.40004999999997226 -0.48582748413963595 -0.485827484139638 1.086701547893552 1.0867015478935556
0.42004999999997006 -0.426235908479434 -0.4262359084794352 1.0323402152660235 1.03234021526603
0.44004999999996786 -0.4602445499209138 -0.4602445499209137 1.0293722384173765 1.0293722384173825
0.46004999999996565 -0.41321007610407473 -0.41321007610407423 0.9985496594857688 0.9985496594857688
0.48004999999996345 -0.4347234487991718 -0.4347234487991717 0.9738456254719652 0.9738456254719656
0.5000499999999612 -0.3995042126425163 -0.3995042126425133 0.9592448886559827 0.959244888655974
0.520049999999959 -0.4098625659810338 -0.4098625659810339 0.9202507845159036 0.9202507845159021
0.5400499999999568 -0.38414004036967453 -0.38414004036967453 0.9144561190840413 0.9144561190840416
0.5600499999999546 -0.3856977477804271 -0.3856977477804271 0.8678935249588993 0.8678935249588993
0.5800499999999524 -0.3667055491302708 -0.3667055491302707 0.8647462420791354 0.8647462420791344
0.6000499999999502 -0.36201118783383107 -0.36201118783383124 0.8156938429966608 0.815693842996662
0.620049999999948 -0.34721025686743334 -0.34721025686743345 0.8108795984545148 0.8108795984545161
0.6400499999999458 -0.3384704505436867 -0.33847045054368663 0.7625293780352683 0.7625293780352662
0.6600499999999436 -0.32586308326883956 -0.32586308326883906 0.7535563211303531 0.7535563211303536
0.6800499999999414 -0.3147066361279989 -0.31470663612799793 0.707433993071911 0.7074339930719113
0.7000499999999392 -0.30290153321385044 -0.3029015332138508 0.6932516654898083 0.693251665489804
0.720049999999937 -0.2903686003120738 -0.29036860031207457 0.6496636572782074 0.6496636572782043
0.7400499999999348 -0.27850068570079495 -0.2785006857007949 0.6301649851009142 0.6301649851009148
0.7600499999999326 -0.2651539508351065 -0.26515395083510607 0.5886737183417974 0.5886737183417945
0.7800499999999304 -0.25274366849786245 -0.25274366849786545 0.5642440488333779 0.5642440488333924
0.8000499999999282 -0.2388152763220078 -0.23881527632200913 0.5240542817815966 0.5240542817815955
0.820049999999926 -0.22562545562592473 -0.225625455625925 0.4952407162946511 0.49524071629465066
0.8400499999999238 -0.2111476589675931 -0.2111476589675931 0.45545700963471425 0.4554570096347142
0.8600499999999216 -0.19706831261299834 -0.19706831261299837 0.42276499690284897 0.4227649969028491
0.8800499999999194 -0.18196709096417482 -0.1819670909641748 0.382530198071544 0.382530198071544
0.9000499999999172 -0.16693653506327036 -0.16693653506327036 0.3463205582574086 0.3463205582574086
0.920049999999915 -0.15108744626934525 -0.15108744626934492 0.30486632180260453 0.3048663218026051
0.9400499999999128 -0.1350450094739337 -0.13504500947393247 0.2653168247886531 0.26531682478865476
0.9600499999999106 -0.11829947480436856 -0.11829947480436732 0.22195879419079692 0.22195879419080064
0.9800499999999084 -0.1011598953469311 -0.10115989534693162 0.17905862107208134 0.17905862107208476
1.0000499999999062 -0.08334861729028113 -0.08334861729027777 0.13316028196621843 0.13316028196623014
1.0200499999999042 -0.06496712174477451 -0.06496712174477295 0.08670958435493796 0.086709584354946
1.040049999999902 -0.049649661096179916 -0.049649661096184836 0.04653986907178757 0.04653986907180154
1.0600499999998998 -0.03917400853942519 -0.03917400853942373 0.0221612800026064 0.02216128000260791
1.0800499999998976 -0.03088579567711004 -0.030885795677109782 0.00855318803129185 0.00855318803128963
1.1000499999998954 -0.02384777561693524 -0.023847775616935837 0.0024218611891662694 0.002421861189165277
1.1200499999998932 -0.017737037535680924 -0.017737037535678013 0.00021098576956821692 0.0002109857695734612
1.140049999999891 -0.011985215192481238 -0.011985215192484303 0.000954754410809592 0.000954754410835286
1.1600499999998888 -0.00758848635632931 -0.00758848635633111 0.0008730083193541446 0.0008730083193621282
1.1800499999998866 -0.005607910066886222 -0.005607910066886983 0.0034108871041796866 0.003410887104172758
1.2000499999998844 -0.0019982367667286598 -0.0019982367667341957 0.0015740740465616683 0.0015740740465621393
1.2200499999998822 -0.002662134680054775 -0.002662134680056325 0.004216520123926643 0.004216520123927218
1.24004999999988 -0.0017468559267835991 -0.0017468559267874988 0.002456939203864224 0.0024569392038799576
1.2600499999998778 -0.0028813228009583742 -0.0028813228009609113 0.0059078717012616905 0.0059078717012834925
1.2800499999998756 -0.0020982539287807017 -0.005535338467176013 0.0072916199725923565 0.015760915580334812
1.3000499999998734 -0.01898814759348414 -0.026307087823881775 0.034601898529082555 0.052844046128226387
1.3200499999998712 -0.04355637059849296 -0.055773395063644024 0.07869733806275186 0.10782680609626256
1.340049999999869 -0.07080736840244065 -0.0900500745381373 0.12191341497103615 0.16054922350298545
1.3600499999998668 -0.09402376829479413 -0.16442115137776903 0.16035073462120217 0.1777179081460627
1.3800499999998646 -0.06787551770437604 -0.3218709303181878 0.1691317897925653 0.16381696899428325
1.4000499999998623 0.0002265101773918162 -0.4314155810252979 0.157575733314634 0.31100268285930793
1.4200499999998601 0.027115468235429777 -0.5162020685437031 0.15763356962710595 0.429140282794536
1.440049999999858 0.04550207500569955 -0.5626334475716651 0.15369958039204962 0.5038697390897482
1.4600499999998557 0.06848625476381863 -0.6097144073157521 0.1115573412665188 0.5509292245114654
1.4800499999998535 0.0749127518797773 -0.6485029548101747 0.08152286777781086 0.5610084793635148
1.5000499999998513 0.07444802949631767 -0.6753466794916173 0.058493172569188644 0.5458587390921201
1.5200499999998491 0.07079147717245227 -0.6926937657334606 0.0375511405408137 0.5085012183182439
1.540049999999847 0.06494593803639817 -0.6991043701710844 0.022047462242208223 0.45154093693816066
1.5600499999998447 0.0591952055816848 -0.6950077528897016 0.01020081470079435 0.37809790006619604
1.5800499999998425 0.05525930215554477 -0.6807130340282224 0.0006250931525262851 0.2908872243828001
1.6000499999998403 0.05053294004494734 -0.6555599369747906 0.0016578906435820123 0.19234298712578105
1.6200499999998381 0.05105816558919888 -0.6202774298603929 -0.00036891628386017327 0.08371736507049529
1.640049999999836 0.05514009440485535 -0.578379979057493 0.0001857890130623937 -0.00029174951354525726
1.6600499999998337 0.06227307939705644 -0.5237063638353925 0.003027612025084034 -0.06050489466315701
1.6800499999998315 0.06601986930940193 -0.4657705049047804 -0.0006848238658326316 -0.21313427701066429
1.7000499999998293 0.07321330810920158 -0.3986625697918016 0.0002682877122215775 -0.3507836624710576
1.720049999999827 0.08247016408760946 -0.3310679487525614 -0.0007135029221197313 -0.4699907246506189
1.740049999999825 0.09312099820798471 -0.2574465258664285 0.000679591570031151 -0.5785928215160492
1.7600499999998227 0.10673874676053015 -0.18086967404221 0.0008162817000197552 -0.6707542805899008
1.7800499999998205 0.1202585857026503 -0.10660856841010226 0.0023277052786255695 -0.74662345582072
1.8000499999998183 0.13721980651454072 -0.03004300377699332 0.002941036342783431 -0.8070329795188838
1.820049999999816 0.14987050995012188 0.002567129784028049 0.0022304756338752036 -0.8553039729691896
1.840049999999814 0.17318601353956645 0.056484360976636463 -0.00032215236012478576 -0.8612433315656169
1.8600499999998117 0.19987973199340112 0.13195007035717882 0.009413532328190446 -0.849771137973017
1.8800499999998095 0.23252916546228636 0.1950260299336686 0.008072814577841472 -0.7967788775114462
1.9000499999998073 0.2629374586442912 0.24929745053003943 -0.001057256735818586 -0.739853070695883
1.920049999999805 0.31564068579776433 0.3607176177484615 -0.1329082453572211 -0.09759663557942178
1.9400499999998029 0.34169785684624876 0.3020684996758716 -0.39158131064114254 -0.1508246013574642
1.9600499999998007 0.3137985226561595 0.28295089457921546 -0.41838766304578884 -0.2623357022819615
1.9800499999997985 0.36886962996633904 0.3059424271642409 -0.3652210387753068 -0.17179532861258123
2.000049999999796 0.4676330689546606 0.34127678622379265 -0.3136157242228783 -0.008296981088861052
2.0200499999998383 0.5964347828125689 0.40140850387928967 -0.28136117315299214 0.16184938881949879
2.0400499999998805 0.7264152157419139 0.4500151673726233 -0.2749179443003792 0.33139319995474603
2.0600499999999227 0.8459839533912212 0.5095935295419756 -0.26857567522688813 0.4631862839862139
2.080049999999965 0.918267598812682 0.5491027503668736 -0.2811848412744239 0.5251816660078791
2.100000000000007 0.9122988745631776 0.5442830862801191 -0.24650153607879874 0.5627841100501579
2.1200000000000494 0.8373178974871865 0.49867289992251035 -0.19863903389569154 0.5507256065848126
2.1400000000000916 0.6719117857776031 0.4207514753088274 -0.1522329921829435 0.5112445559274372
2.160000000000134 0.3667836725397318 0.39499011271593953 -0.09054785617677849 0.4209966982802117
2.180000000000176 0.10365563157676785 0.42483280744833035 0.0305341532476657 0.33511039797761477
2.2000000000002182 -0.03726152848919368 0.4633298071481334 0.33184297906692145 0.307070991103295
2.2200000000002604 -0.23358721591416634 0.4683466793577372 0.5698265006403416 0.26924116776587687
2.2400000000003026 -0.4215715918826795 0.45833363706418256 0.7332117827653317 0.23032235103472207
2.260000000000345 -0.5920785965208117 0.43730980296701494 0.8396272013628967 0.19490524086956523
2.280000000000387 -0.741663518221712 0.4095754789986559 0.8983998851137027 0.16353493257971743
2.3000000000004293 -0.8694606210469294 0.3787514653079061 0.9159338711302215 0.134897350144708
2.3200000000004715 -0.9751787581990448 0.34679519739047476 0.896801868306821 0.10968748165026933
2.3400000000005137 -1.0590782469783868 0.3154689965580109 0.8452624976015284 0.0878508397093224
2.360000000000556 -1.1216210179513704 0.28594014994907074 0.7652780891122278 0.0694295090168361
2.380000000000598 -1.1633045875068775 0.2589863850016131 0.6607793827687725 0.05444577684493723
2.4000000000006403 -1.1846869591611848 0.23511794005829753 0.535780174593483 0.04272467653645388
2.4200000000006825 -1.1863882841096591 0.2145932996074447 0.3943866671641371 0.034011498749348106
2.4400000000007247 -1.1692224279440764 0.19759458580886652 0.2408859694059398 0.02742020462072712
2.460000000000767 -1.1340135545912524 0.18417209869367443 0.07948862345101522 0.023124471132223344
2.480000000000809 -1.0858073023458712 0.1752537772228516 -0.0006663045851876552 0.027437845861564735
2.5000000000008513 -1.012281972950687 0.17136669369161747 -0.17504489842883064 0.01981056319540692
2.5200000000008935 -0.9326893775618363 0.16493633921163167 -0.36551483141900404 0.017323835074843894
2.5400000000009357 -0.8399013471684871 0.1615663095738445 -0.5339339703145348 0.020829122644435066
2.560000000000978 -0.740694161708759 0.16539155421629526 -0.679369473240817 0.01694094965853073
2.58000000000102 -0.6331702819061146 0.17035693266597193 -0.8041062858513254 0.019127074378838066
2.6000000000010624 -0.5226935601527603 0.1801581771317348 -0.9036235975283969 0.017851163475999715
2.6200000000011046 -0.41175840550532977 0.19389207295924335 -0.9765321991319029 0.014599949578053936
2.6400000000011468 -0.30204413670992175 0.21116862894743504 -1.0196920470765023 0.011966057766279516
2.660000000001189 -0.18860450382470573 0.2318756694120541 -1.0241554711365417 -0.00028258419384012413
2.680000000001231 -0.047819749756961134 0.2622313274427072 -0.602265360469798 -0.005281080280409014
2.7000000000012734 -0.004341377679081787 0.2544217864806192 -0.6900508899406781 -0.05368182416534936
2.7200000000013156 0.17618429787019652 0.24446897320498975 -0.46445406430825087 -0.2511019207670896
2.740000000001358 0.2073799094486867 0.1818699174428373 -0.553014391813109 -0.39380352668928764
2.7600000000014 0.21804095707554697 0.18626260684792176 -0.488105698633388 -0.43385401419104336
2.780000000001442 0.2532227625260307 0.252967744715258 -0.3484993937068244 -0.38705192888655043
2.8000000000014844 0.3070431981506886 0.3783467450638694 -0.1307579976385172 -0.30969737515580104
2.8200000000015266 0.3956755932225829 0.5285698372859526 0.04359201425343246 -0.24980189606799183
2.840000000001569 0.4501958962304866 0.6847766270760274 0.2628367036187429 -0.22709638521543396
2.860000000001611 0.521908228446174 0.8184096008079698 0.38997035742148617 -0.22075442842486157
2.8800000000016532 0.572456093105643 0.9014884226114106 0.4729916773019272 -0.21144334161810371
2.9000000000016954 0.5749166763021217 0.9038343746574757 0.5157624679219325 -0.17793138739525735
2.9200000000017377 0.5291926788688293 0.8364924660973353 0.5323499139504183 -0.1237533488751517
2.94000000000178 0.4454129781086715 0.7090071200153903 0.5152279929606542 -0.05601136128509988
2.960000000001822 0.3434956484939518 0.5471928978628814 0.44576938520071846 7.515377039856752e-5
2.9800000000018643 0.25681710712132716 0.24297926595639413 0.36109689782534055 0.03387603893914955
3.0000000000019065 0.27656339999968976 -0.0026030280236137775 0.2545303517502096 0.25963068644829457
3.0200000000019487 0.31291456869895473 -0.18551752209360353 0.1611013935187354 0.5469750658638144
3.040000000001991 0.30732953565340415 -0.3860863501606022 0.13036077724453682 0.7286279394328392
3.060000000002033 0.3063899512857655 -0.5725090613223747 0.09722674888275455 0.845943999086867
3.0800000000020753 0.2998807623069205 -0.7378306118821809 0.07959681391595094 0.9069497808615147
3.1000000000021175 0.29112297284190947 -0.8788831151375338 0.07385446979491858 0.9219198605510529
3.1200000000021597 0.28303286312219356 -0.9967216634900596 0.07044615020886058 0.8984909932821875
3.140000000002202 0.2741541008482233 -1.090698860422502 0.07029005892000453 0.8408566096552863
3.160000000002244 0.2651165145239399 -1.1611410538342204 0.07057634004746356 0.7540793542801922
3.1800000000022863 0.25575056608503915 -1.2085127177287265 0.07024931933356218 0.6424267808919248
3.2000000000023285 0.24596498816347703 -1.233259412279175 0.06900062217741156 0.5101336348985518
3.2200000000023707 0.2359088824818677 -1.2361029445119125 0.06651871189836842 0.3615284055627569
3.240000000002413 0.22576147619920703 -1.2179379764552398 0.06292629471491742 0.2009481614616095
3.260000000002455 0.21584420392598308 -1.17992944820307 0.05844470886550515 0.03282578153589073
3.2800000000024974 0.20914684254462176 -1.1225395027549776 0.061531054512640175 -0.03905137921082785
3.3000000000025396 0.202221217265567 -1.0489279398162816 0.04498605303954618 -0.24540991490012812
3.3200000000025818 0.19107461744244783 -0.9614678841660166 0.04285461350313425 -0.43725497379647016
3.340000000002624 0.18637339429222333 -0.8629945952458804 0.03579361439938108 -0.6053979867438573
3.360000000002666 0.1843611228243664 -0.7553838241402755 0.0301858445415995 -0.7531774914714346
3.3800000000027084 0.18714139536240754 -0.6409271763079392 0.025892326698543223 -0.8783750371704888
3.4000000000027506 0.19499707372139613 -0.5228294474370837 0.02207446507343366 -0.9783502036250881
3.420000000002793 0.20875301383621017 -0.40511487940291296 0.015608196676744202 -1.0500236139216392
3.440000000002835 0.22766388737564222 -0.28974071317944594 0.008353590393932514 -1.0903716905501404
3.460000000002877 0.24052818002050916 -0.1842173909970034 0.002681996681740331 -1.0976638474778917
3.4800000000029194 0.23728307977839055 -0.01078263050642367 -0.011960164253765143 -1.0364260847297577
3.5000000000029616 0.2489909493526865 0.13884717853026451 -0.09050229497210939 -0.8053686945791313
3.520000000003004 0.24338823047345517 0.1438011220375382 -0.28746909031218904 -0.5344981759869782
3.540000000003046 0.20363084030799972 0.19235885876499487 -0.4039567165212334 -0.5231125842890563
3.5600000000030882 0.22495086291267818 0.23323242483666332 -0.4500395044762329 -0.4546821351590847
3.5800000000031305 0.3005578790267706 0.274886118075669 -0.394054894029319 -0.31240876303498777
3.6000000000031727 0.4420138200556687 0.33247932813631625 -0.3251450407423111 -0.07734168068870727
3.620000000003215 0.6054638145670183 0.41080189351581564 -0.2794282852643634 0.13202396064187397
3.640000000003257 0.7776623927361085 0.4764761959025643 -0.26253417231138315 0.3472454712433739
3.6600000000032993 0.9278863553894546 0.5281539460556987 -0.2645176097830927 0.45190204740723966
3.6800000000033415 1.0263262324358484 0.5671348892021612 -0.2773412917589203 0.5140475683625589
3.7000000000033837 1.0303655986121454 0.6119605565540239 -0.24746506569295348 0.6203044438822706
3.720000000003426 0.9486407188067955 0.5680598709532823 -0.19366329732021495 0.6211051118661763
3.740000000003468 0.8048551976498717 0.4793436221756373 -0.12706745240873465 0.5815001498736692
3.7600000000035103 0.607096801883097 0.366735197236707 -0.014848331722658495 0.5115382620111217
3.7800000000035525 0.30415430586101816 0.2781638000879648 0.003942899017496752 0.3999326955654302
3.8000000000035947 0.005318550128342058 0.288615108959204 0.23237751161941267 0.2677942586396853
3.820000000003637 -0.15981277333990637 0.3291624002987477 0.5393995908810661 0.17727683844586453
3.840000000003679 -0.3726284946260087 0.32460089836461875 0.7493689378424514 0.13932376046676956
3.8600000000037213 -0.5719920292338394 0.3225333657581038 0.8843817608983571 0.10454644326999045
3.8800000000037635 -0.7498933828916506 0.3161312256344395 0.9582172597446919 0.08477662246322619
3.9000000000038058 -0.9025639994842455 0.30730252926793195 0.981504257082649 0.07856413770070808
3.920000000003848 -1.0307154047391587 0.29933858915487155 0.9630908740485253 0.0755332705721795
3.94000000000389 -1.1337959992893616 0.290740310675558 0.9078356808409567 0.07594127880351222
3.9600000000039324 -1.212058755499243 0.28191805078819726 0.8212124518278456 0.07698451789293866
3.9800000000039746 -1.2660011939809785 0.27267970826991067 0.7079273587373536 0.07726781880952288
4.000000000004016 -1.2960895181109686 0.2628322695940423 0.572505651109767 0.07639962602705579
4.02000000000397 -1.3030561476084885 0.2524799448174967 0.41954588715629815 0.07401359955940665
4.040000000003923 -1.2878148140437373 0.24178440495442302 0.2536262379859986 0.0702140418913023
4.0600000000038765 -1.2515480673983586 0.23106893993998975 0.07940313575544354 0.06525590305005004
4.08000000000383 -1.1986192266713516 0.22273638515372046 -0.005082393260787571 0.06580570789917115
4.100000000003783 -1.1200278063726883 0.21583119727553035 -0.20320179705176092 0.051888335188858985
4.120000000003737 -1.0317936040209927 0.2035971281154204 -0.40565527876250107 0.046387221386588844
4.14000000000369 -0.9303337302220257 0.19660210526838584 -0.5835439014213782 0.03983494428811043
4.1600000000036434 -0.819594831663807 0.19323600007431574 -0.7392799886491258 0.032726480944653545
4.180000000003597 -0.7012850821653923 0.19410117654900405 -0.8717797982222925 0.027276037258230832
4.20000000000355 -0.5786227037533667 0.20059034317764315 -0.9780549242108239 0.022850349827537492
4.220000000003504 -0.4558010420523142 0.21309234009887482 -1.0552827388695103 0.01629686517705703
4.240000000003457 -0.3354100700911296 0.2312621076555435 -1.1001249183572743 0.008320776373598618
4.26000000000341 -0.22197004941930606 0.2446637393799695 -1.1084282907324559 0.0021447558181120437
4.280000000003364 -0.029419696222067932 0.23927850382946098 -1.0370173363249535 -0.006921592258641562
4.300000000003317 0.10272058760406434 0.24036876244559477 -0.8394242135944008 -0.0886749751535163
4.320000000003271 0.13849252657844915 0.24920915641921176 -0.30475818895504553 -0.32326817170692435
4.340000000003224 0.19572473881761843 0.1989609891781683 -0.40817713761660224 -0.42772733495802817
4.360000000003177 0.23334311310267708 0.213549536287028 -0.421468521163308 -0.45912690995239847
4.380000000003131 0.2693657829792633 0.288541451799434 -0.31482606131472207 -0.3984299961312079
4.400000000003084 0.32731180898898277 0.4317587713385466 -0.08900682474008577 -0.32524376397954935
4.4200000000030375 0.4104959275807844 0.5979661861467572 0.11643240232354891 -0.2748089671559897
4.440000000002991 0.46350750852140554 0.7734166213086151 0.31651143131599935 -0.25730598022499296
4.460000000002944 0.5057466049067343 0.9281689876019041 0.4114286190782773 -0.26056880094102675
4.480000000002898 0.5438757594125291 1.037944600696164 0.48807920307959457 -0.27103743582107176
4.500000000002851 0.5914126242891565 1.050174540048203 0.6117871296415487 -0.24066751727240523
4.520000000002804 0.5763127450196921 0.9613699934854207 0.6345050563361048 -0.1882293312453136
4.540000000002758 0.4871160313217829 0.8171738842040398 0.5876256905010091 -0.12920383089355736
4.560000000002711 0.3729027970347413 0.6216758128488249 0.5162716807889738 -0.030147446785928487
4.580000000002665 0.27796380611693333 0.3392085301884474 0.4039418575481417 0.00036530265601885466
4.600000000002618 0.2782870033856072 0.03367965940181447 0.27056858251847715 0.20351579335940934
4.620000000002571 0.3192301562845278 -0.12840694435335936 0.17541149385247856 0.514372818610095
4.640000000002525 0.3156471627047904 -0.3373181307477058 0.13271155047361102 0.729386802480421
4.660000000002478 0.31275896719798935 -0.5324246923243271 0.09877533645340063 0.8676909489081266
4.6800000000024315 0.30685317303984383 -0.7070029947411867 0.07842358239647403 0.9454317931509952
4.700000000002385 0.29834799563912007 -0.857042467221969 0.07261898551241004 0.9727439390697294
4.720000000002338 0.29082295196193836 -0.9831879477997022 0.0704789582233263 0.9588955633016969
4.740000000002292 0.2828254964117205 -1.0850328034853933 0.07171524912476812 0.9088839669790448
4.760000000002245 0.27456152968780917 -1.1627973094853987 0.07371742767888213 0.8280898526823971
4.7800000000021985 0.2658484445065028 -1.217031000221979 0.07487541502602614 0.721204644401731
4.800000000002152 0.25642601352009203 -1.248239502055309 0.07475968054284572 0.5926362482802874
4.820000000002105 0.24635847923580542 -1.2571739085709546 0.07298878380520263 0.44684613741942164
4.840000000002059 0.23578665713532873 -1.244757760874299 0.06964746672327297 0.28825356770666755
4.860000000002012 0.22501460811046564 -1.2121518657976171 0.06500583314591912 0.12133283374697851
4.880000000001965 0.21456133893317675 -1.1662988474950498 0.06300646246754141 0.005055501441153918
4.900000000001919 0.20877737508224517 -1.089613648506172 0.05611515918471026 -0.13502529536038388
4.920000000001872 0.19780197099979283 -1.0078678233625937 0.04501445522578849 -0.33487246140954685
4.940000000001826 0.18834602186524696 -0.9120353784507033 0.04077077388188466 -0.5119347489080784
4.960000000001779 0.18405434665587447 -0.8077417900701575 0.032941523181784484 -0.6652034343451689
4.980000000001732 0.18267239912909067 -0.6959755773816895 0.027499958322267485 -0.7959587324822506
5.000000000001686 0.187214325698976 -0.5798713336583374 0.022941584194270528 -0.9013690207669114
5.020000000001639 0.19686545746803583 -0.4625000725189235 0.01797392165645368 -0.9793013576117726
5.0400000000015925 0.21240472223190396 -0.3475688848031952 0.010926160544296605 -1.0266141395348436
5.060000000001546 0.22836838379078436 -0.23110092578637997 3.1291236496836406e-5 -1.036623927008399
5.080000000001499 0.2351653902253826 -0.004956237773423238 -0.005810697202806262 -0.8763620082779346
5.100000000001453 0.25686650099598113 0.06488661564515677 -0.09772022499137781 -0.3714172180665206
5.120000000001406 0.21716488645191281 0.1216867605172284 -0.26137650653131766 -0.6197208759639287
5.1400000000013595 0.16763862019197856 0.16450429656437027 -0.38968928478164083 -0.5777625021101462
5.160000000001313 0.17707519726112156 0.2013128953543321 -0.4288982908943077 -0.49378568757664193
5.180000000001266 0.2460301146811666 0.244645437754609 -0.3858714246784911 -0.359004435915807
5.20000000000122 0.3711565541962248 0.3024053920623635 -0.309181943743075 -0.14271764214856786
5.220000000001173 0.5231556861516125 0.3952153454249973 -0.24658881770218197 0.03552365234166516
5.240000000001126 0.6802972496524282 0.4501902006150884 -0.22319491888533446 0.2545396486751904
5.26000000000108 0.8164682894170199 0.5083188893799615 -0.2162845513817771 0.35933436495127713
5.280000000001033 0.9030481207688875 0.5492877129201186 -0.20709689337807066 0.432579691272282
5.300000000000987 0.9069539803064341 0.5817097179170534 -0.17070498650647256 0.5178069828713102
5.32000000000094 0.8376226263957013 0.5336479447155946 -0.11415114336235385 0.5337449693100299
5.340000000000893 0.7109366147107833 0.44930360036614564 -0.05123381969163461 0.5134397875154016
5.360000000000847 0.5479385771638495 0.34448745702253225 0.009561991804333219 0.449337811268363
5.3800000000008 0.2643742291670215 0.25013789443245066 0.04316652950309623 0.3655986969917881
5.4000000000007535 -0.001063960809814602 0.2558023731204862 0.24731186171925965 0.25933016060816255
5.420000000000707 -0.17605787507533147 0.29863180507760606 0.5407481236744472 0.15466992977164987
5.44000000000066 -0.3780120588538234 0.29283406396149003 0.7258498812822525 0.12087155156750333
5.460000000000614 -0.5653632257672458 0.2921887150940828 0.8445981013449695 0.08816613200333093
5.480000000000567 -0.7322105837468407 0.2875949116726361 0.906768126173775 0.06956098532000636
5.5000000000005205 -0.8743929961514888 0.28029778320217086 0.9219073920354274 0.06560247378104418
5.520000000000474 -0.9932772621112389 0.27422210553855747 0.8985766099801963 0.06410069676819342
5.540000000000427 -1.0882352185054556 0.2674546919317147 0.8408889309746617 0.06598697776856792
5.560000000000381 -1.1594982601016772 0.2604506640530985 0.7539828387578502 0.06837449031479755
5.580000000000334 -1.2075722807800735 0.2529965441553299 0.6422195184460212 0.0698276434392919
5.600000000000287 -1.2328810436534208 0.2448603822866951 0.5098273265062458 0.07002754324162963
5.620000000000241 -1.2361481551644948 0.2361460276175293 0.3611561949896432 0.06859957861858675
5.640000000000194 -1.2182804906228517 0.22700630720981138 0.200544152322367 0.06566408242079172
5.660000000000148 -1.1804547348495225 0.2177636556870404 0.0324207344082848 0.06148461468561373
5.680000000000101 -1.1231574311810004 0.21143589470520535 -0.03943424453644067 0.06456571595181049
5.700000000000054 -1.0495503914773274 0.20461878663767447 -0.24574035140878966 0.04779384465187405
5.720000000000008 -0.9620435277821117 0.1933688167689212 -0.4375253252379031 0.045271531477639494
5.740049999999961 -0.8628631519549932 0.18845430740553504 -0.604847724064843 0.037868554072776506
5.760049999999914 -0.7551827040487294 0.1859326096967891 -0.7527212165781949 0.031867756162036104
5.780049999999868 -0.6408167439502632 0.1878996786997074 -0.878162798332973 0.026863400774683847
5.800049999999821 -0.5227222775969673 0.19546188132049214 -0.9781415269810144 0.0226126323148769
5.820049999999775 -0.4048618898694944 0.20886514508507226 -1.0498601671367032 0.01603841756756582
5.840049999999728 -0.2895333331130024 0.22770306137791063 -1.0900676487031362 0.008114642893123613
5.860049999999681 -0.1817032508641786 0.24196917030479903 -1.0950005798559421 0.0016844334203739144
5.880049999999635 -0.004118900576067149 0.2375059562058671 -1.0100194368019306 -0.006532360458449731
5.900049999999588 0.14039562126298868 0.2573803127475847 -0.74081882243575 -0.09522033721415786
5.9200499999995415 0.14794392920728747 0.24541970984276498 -0.5454700841383134 -0.28823464826497414
5.940049999999495 0.19424701995499044 0.20407884507264434 -0.5133106561447863 -0.4083651180862518
5.960049999999448 0.23330399983901406 0.22351970021965012 -0.4553515541115548 -0.4519590521327712
5.980049999999402 0.27478031507430667 0.29944492691855923 -0.3134523982362933 -0.3946874778753864
6.000049999999355 0.3323181006226768 0.4413447243488752 -0.07765851552647808 -0.32502554967411296
6.0200499999993085 0.4109079175891606 0.6052602116751143 0.13148900131621843 -0.27912367782673536
6.040049999999262 0.47653079028268686 0.7776479165635743 0.34825814387495296 -0.2624574908564358
6.060049999999215 0.5290928936870002 0.9278268481747205 0.4536849076072157 -0.26477300179376534
6.080049999999169 0.5683280343435463 1.0259419897547115 0.515975389460509 -0.27740882205157297
6.100049999999122 0.6128367560618486 1.0297235634133446 0.6212224366377295 -0.24780143119515627
6.120049999999075 0.5679136085728461 0.9483714864816166 0.6208662008129023 -0.19418692246033584
6.140049999999029 0.4791627895587163 0.8046366590934838 0.5813458519118606 -0.127309009224998
6.160049999998982 0.36665803270878145 0.606940958294532 0.5114826069127171 -0.015032957926974257
6.180049999998936 0.2789744464699146 0.3043393210035854 0.3993065320538902 0.001249862518844391
6.200049999998889 0.28931408753743143 0.004998235738825224 0.26792449285398456 0.23285441263673745
6.220049999998842 0.3297596249289456 -0.16006309870361318 0.17771101555080174 0.5396445209149189
6.240049999998796 0.3251724918367975 -0.37282291010710855 0.1398510607095988 0.7495183673767586
6.260049999998749 0.323075937991765 -0.5721611946480597 0.10500275914172008 0.8844876310736474
6.2800499999987025 0.31658402249678474 -0.7500187111834636 0.08521634744863082 0.9582873062053512
6.300049999998656 0.30768060684542614 -0.9026522456917154 0.07890916624299149 0.981572587575023
6.320049999998609 0.2996275074726446 -1.0307671733552521 0.07578322532893635 0.9631624639612721
6.340049999998563 0.2909390338333177 -1.1338108135496212 0.07610592951229549 0.9079140847875258
6.360049999998516 0.28203635423924206 -1.212042442764086 0.07706496106891318 0.8213003035239704
6.3800499999984694 0.27272631385783475 -1.265958041130923 0.07728223584800475 0.7080221427346327
6.400049999998423 0.26282142529645747 -1.2960250390533194 0.07636366921699564 0.5726055536668834
6.420049999998376 0.2524266537851264 -1.3029761505537738 0.07394337105689097 0.4196482800680297
6.44004999999833 0.2417034058558517 -1.2877244437007245 0.07012515960767464 0.25372843193145594
6.460049999998283 0.23097407917675483 -1.2514520761244066 0.06516096820003646 0.07950280126825243
6.480049999998236 0.22217509863008572 -1.1995141922816337 0.066441764673198 -0.0022595261837868564
6.50004999999819 0.21574741626251137 -1.119924399204792 0.051800533585301595 -0.20311385872905147
6.520049999998143 0.20352038470490796 -1.0317024780903463 0.04631996126398603 -0.4055817866834686
6.5400499999980966 0.19654368443624115 -0.9302461826555097 0.039788252224467434 -0.5834763372798266
6.56004999999805 0.19319777681493394 -0.8195160759044092 0.03269294575969501 -0.7392197967570173
6.580049999998003 0.19400264770115658 -0.7012222070410034 0.02726414974697795 -0.8717742476557527
6.600049999997957 0.20058779440389782 -0.5785993791358994 0.022903270054323695 -0.9780471882992183
6.62004999999791 0.21320923421914237 -0.4557598131553773 0.016012650363480742 -1.0552138002973497
6.6400499999978635 0.2313268205387738 -0.3352985449076984 0.008299304839408859 -1.1000854090519672
6.660049999997817 0.24453595519619103 -0.2222024199719055 0.0023655931353902017 -1.1083814040418845
6.68004999999777 0.23937070770662966 -0.029709710449335947 -0.007350545197165881 -1.03737379664475
6.700049999997724 0.23994540873510412 0.10119270335622642 -0.08916781792953113 -0.8399749375599105
6.720049999997677 0.24909416371250115 0.1386925574342295 -0.3233067588560312 -0.3057056198670352
6.74004999999763 0.19895942629110777 0.1955848719197877 -0.4271255285077937 -0.409692311133642
6.760049999997584 0.21385367358972432 0.2333953224215835 -0.458817888457844 -0.4214741022749378
6.780049999997537 0.28883312390395344 0.26945691131010807 -0.3983008896268372 -0.3147843204459202
6.800049999997491 0.43202876366316445 0.3274540161605847 -0.3252912563606672 -0.08897516024292247
6.820049999997444 0.5981686347567784 0.410655370804991 -0.2748945894835531 0.11631943064735176
6.840049999997397 0.7736554895658032 0.4635352984354488 -0.2574749818043951 0.31624127632306254
6.860049999997351 0.9284667017070389 0.5057921945055778 -0.2607566775458533 0.4110914482302777
6.880049999997304 1.0378142406135549 0.5439464339176139 -0.2706660821546898 0.4884232540378454
6.9000499999972575 1.048228593774887 0.5919901319877808 -0.2387813515159565 0.6141959308315773
6.920049999997211 0.9572197796859981 0.5733396957719442 -0.18456325572433682 0.6346795533307975
6.940049999997164 0.8102206063096312 0.4824118780762955 -0.12373009825097209 0.5877191567145716
6.960049999997118 0.6079476976261283 0.36731460844162755 -0.016088309927545827 0.5112609669017949
6.980049999997071 0.31334694038463323 0.2744165386492232 0.0028439173823291974 0.4001468588733613
7.0000499999970245 0.008539947266097567 0.2808043572875632 0.22669526879365293 0.2657849090464641
7.020049999996978 -0.15738987147854153 0.3215631529089843 0.5357835457771843 0.17295776879608643
7.040049999996931 -0.3705130240596962 0.3177175590481212 0.7477563768768009 0.13325073823895925
7.060049999996885 -0.5699189932883381 0.31586664906721595 0.8835848736500761 0.09926881245147007
7.080049999996838 -0.7480683352803402 0.31033303185157146 0.9579876218509937 0.08000766733919819
7.100049999996791 -0.9010604591339378 0.3024259803897239 0.9814824416602599 0.07474780173854892
7.120049999996745 -1.0295342773503784 0.29546229623029124 0.9631182230420754 0.07286875655634617
7.140049999996698 -1.1329513047843762 0.2879170515083358 0.9078600162497338 0.07433839564553928
7.160049999996652 -1.211518219379253 0.2800809230457423 0.8211942774083358 0.07637224144531252
7.180049999996605 -1.2657208887252842 0.2717304491877705 0.7078668441120919 0.07747602163285297
7.200049999996558 -1.2960186107857794 0.26263084530134034 0.5724112880474054 0.0772308740525552
7.220049999996512 -1.3031389020788626 0.2528641739013729 0.419430229543218 0.07526994548117666
7.240049999996465 -1.2879987920679874 0.24258874543899683 0.25350359783391635 0.07170505090472135
7.2600499999964185 -1.251786308020876 0.23213479397215642 0.0792858663553663 0.06681676300731569
7.280049999996372 -1.199216473277395 0.22375241562354026 -0.0042755776706713405 0.06757406751369366
7.300049999996325 -1.1202652205124422 0.21702129362129544 -0.20328212062095302 0.05322178414290277
7.320049999996279 -1.0319956112470285 0.20470125590200794 -0.40570584925903636 0.047495214285055126
7.340049999996232 -0.9304860767031105 0.19755592766710361 -0.5835677009898925 0.040688678671296906
7.3600499999961855 -0.8196934273220646 0.19400356047771966 -0.7392769752015329 0.03331790516618672
7.380049999996139 -0.7013306921072933 0.19451592508195048 -0.8717917924125685 0.02767734773477016
7.400049999996092 -0.5786757664963262 0.20094286301834224 -0.9779946394279719 0.022896747041953307
7.420049999996046 -0.4556778116927597 0.21323175575421535 -1.0552552458161653 0.01613321900352688
7.440049999995999 -0.3350995102147112 0.23114372457746202 -1.1002510158574033 0.008532337447079038
7.460049999995952 -0.2207178382472203 0.24594617392324541 -1.1080643957492218 -0.00012412780749690308
7.480049999995906 -0.026751094185219763 0.23960147355177813 -1.0319916424539246 -0.0060504762672345955
7.500049999995859 0.10412225852739176 0.24151454911495365 -0.8345420750528457 -0.08964931728697946
7.520049999995813 0.14001570459900559 0.2493909555869662 -0.30481492436001417 -0.3242729374360213
7.540049999995766 0.1966153332043703 0.19865944537072652 -0.40740894402361766 -0.42854788120426174
7.560049999995719 0.2335684307552687 0.21327418648256063 -0.4220191238969094 -0.4594848979189866
7.580049999995673 0.26946539426581206 0.288428580501978 -0.3150292793405337 -0.39840587385141324
7.600049999995626 0.32744024071354694 0.4318920896273636 -0.08892742177712831 -0.3252316521004912
7.6200499999955795 0.41062695148085243 0.5981450617575373 0.11640941435501742 -0.2748127238188588
7.640049999995533 0.4637259247754639 0.7736941218400321 0.3167196049094748 -0.2574021832524449
7.660049999995486 0.5059775905725421 0.9284834227200254 0.411531016777077 -0.26073799537040004
7.68004999999544 0.5441845158563673 1.0377161852359877 0.48873245641423707 -0.27069215235747424
7.700049999995393 0.5921797821008692 1.0480633485161193 0.6142649458445605 -0.23885112607178627
7.7200499999953465 0.5732729266571174 0.9571324799301933 0.6345094682522479 -0.18463557417548662
7.7400499999953 0.48238403762708904 0.81017228514315 0.5876537231025631 -0.12376382475715117
7.760049999995253 0.36731182342948443 0.6079421493407233 0.5112745839795516 -0.01607932227497035
7.780049999995207 0.27446499374718003 0.3133009730965989 0.4001491676599783 0.0028443370052312006
7.80004999999516 0.28086145839148546 0.008526705625133319 0.2658249840413676 0.22673675825954423
7.820049999995113 0.3216199998406736 -0.1573999916290527 0.17300592581181548 0.5358084837953605
7.840049999995067 0.31777099000047515 -0.37052391395586964 0.1332982131043777 0.747768346524872
7.86004999999502 0.3159148648317403 -0.5699296495790991 0.09931091524145706 0.8835898429610282
7.880049999994974 0.3103744716833653 -0.7480777421203706 0.08004185268210294 0.9579893075075931
7.900049999994927 0.30245957302075716 -0.9010679474507921 0.07477315098456024 0.981482842189374
7.92004999999488 0.2954877265509427 -1.0295396055352477 0.07288509100765382 0.963118412872534
7.940049999994834 0.287934503015336 -1.132954495605068 0.07434645281712746 0.9078604384035723
7.960049999994787 0.28009107387647153 -1.2115194900566086 0.07637325118542795 0.8211950625289687
7.9800499999947405 0.27173432254045293 -1.265720579823892 0.07747149706357127 0.7078679524273803
8.000049999994694 0.2626296700023589 -1.296017112177967 0.07722243638254295 0.5724126055710398
8.020049999994647 0.2528592618589378 -1.3031366069046457 0.07525915316314884 0.4194316268679641
8.0400499999946 0.24258137783613187 -1.2879960604274507 0.07169329243658168 0.25350495695425956
8.060049999994554 0.23212613580850094 -1.251783446177894 0.06680518292975354 0.07928709291361843
8.080049999994507 0.22374345894293307 -1.199213721822964 0.0675635320059007 -0.004274554818176806
8.10004999999446 0.21701280746899268 -1.1202627617939112 0.05321288427324606 -0.20328134756039826
8.120049999994414 0.20469381776288223 -1.0319935668747284 0.047488249394693385 -0.4057053418677176
8.140049999994368 0.19754988777620036 -0.9304845174016206 0.04068374346607813 -0.583567468805135
8.160049999994321 0.19399908268104027 -0.8196923675684762 0.03331491974515022 -0.7392769974002934
8.180049999994274 0.19451301947620844 -0.7013301131628411 0.0276760834399101 -0.8717920268898968
8.200049999994228 0.2009411227553288 -0.578675919371013 0.02289704998798651 -0.977995423173028
8.220049999994181 0.21322924563370943 -0.4556802374080894 0.01613566187090761 -1.0552590161156907
8.240049999994135 0.23113689877725743 -0.3351065675150706 0.008538186859284718 -1.1002624674300006
8.260049999994088 0.24592349348721232 -0.220770121209197 -0.00023398557573712624 -1.108111475085752
8.280049999994041 0.2395567066287502 -0.026918991250604714 -0.006138360220994541 -1.0322509664639365
8.300049999993995 0.24136311008090827 0.10395029300639697 -0.08961746298627221 -0.8348676954962024
8.320049999993948 0.2493072307038312 0.14000318012762927 -0.32430360476161446 -0.30455068220460163
8.340049999993902 0.19856107693368588 0.19658790831173856 -0.4285319313691894 -0.4073903682724002
8.360049999993855 0.21314562834352402 0.23351777418006542 -0.45947184973149147 -0.42204984488737923
8.380049999993808 0.28825844911487397 0.26937611864648375 -0.3983795998583367 -0.3151211487081176
8.400049999993762 0.4316760923800493 0.3273178619665426 -0.32518396534341265 -0.08905536549008004
8.420049999993715 0.5978884696814496 0.4104573644121159 -0.2747401105812818 0.11638069496606754
8.440049999993668 0.7733785238139611 0.46359083773007276 -0.2572741531749502 0.31670744063579664
8.460049999993622 0.9280949716255684 0.5058239407174914 -0.2605256730020113 0.4115740945590358
8.480049999993575 1.0378061265104659 0.5440014974169071 -0.27103292139028134 0.4881447964859489
8.500049999993529 1.0499977191610546 0.5915003982777997 -0.24071432088338027 0.6117128074991554
8.520049999993482 0.9612788304038934 0.5762509197647466 -0.18830850796375315 0.6342985599048614
8.540049999993435 0.8171431908736698 0.4870981020808185 -0.12924377722096975 0.5875664220939291
8.560049999993389 0.6216340903057946 0.37292419026804824 -0.030234570420462608 0.5162927679952014
8.580049999993342 0.3398494885219079 0.278297281048684 -0.0014431882421737617 0.40372058452632337
8.600049999993296 0.033746007634751635 0.2783869467784651 0.20341959524214215 0.2707542406889783
8.620049999993249 -0.12841632127940208 0.319272649199141 0.5142521504005558 0.17556024569303935
8.640049999993202 -0.33730802167909046 0.3156819516969074 0.7293423952821575 0.1328493340213026
8.660049999993156 -0.5324102064796152 0.31279450106434414 0.8677014882208685 0.09884016397685301
8.680049999993109 -0.7069737084084066 0.30685559440019966 0.945462558724587 0.07849106406314024
8.700049999993062 -0.8570047163011362 0.2983377772528726 0.972796028341472 0.07265782354821809
8.720049999993016 -0.9831433853785237 0.2907975940016543 0.9589603528282896 0.0704982002487053
8.74004999999297 -1.0849800560451692 0.2827866285537047 0.9089567435404611 0.07172825738149943
8.760049999992923 -1.1627391553429363 0.2745165929783485 0.8281695549186386 0.07372187942513198
8.780049999992876 -1.2169683090175396 0.26580029330361504 0.721287994977902 0.07487827602849452
8.80004999999283 -1.248173484683843 0.25637918649763575 0.5927215686957071 0.0747637497160221
8.820049999992783 -1.2571059457339353 0.24631661572063016 0.44693174833709565 0.07299564808890086
8.840049999992736 -1.2446887486488212 0.2357522986281115 0.28833789073700766 0.06965861393437454
8.86004999999269 -1.2120826747283036 0.22498964279071626 0.12141464572856635 0.0650212254604771
8.880049999992643 -1.164195515454381 0.2155382828273678 -0.0004958560799042831 0.06135266931912677
8.900049999992596 -1.0895709202495785 0.20875886797767593 -0.13496726149790964 0.056144071744821986
8.92004999999255 -1.007797623768201 0.19781093559648763 -0.3347846742637049 0.045038623319456586
8.940049999992503 -0.9119734413189012 0.18836297196040996 -0.5118626455199361 0.040787499519730736
8.960049999992457 -0.8076795417896484 0.18407422756930228 -0.6651433669476428 0.03296442621257433
8.98004999999241 -0.6959159495436253 0.18270605382223637 -0.7959045743993538 0.027523211600149224
9.000049999992363 -0.5797937958932938 0.18733279103077144 -0.9012815692697445 0.0228327789180985
9.020049999992317 -0.46243649652321356 0.19694810414142552 -0.9792893900149299 0.01827993635799759
9.04004999999227 -0.34752585014667126 0.21262406545823728 -1.0266174978571192 0.010682460314649079
9.060049999992223 -0.23250163360928305 0.22605159856692175 -1.035175905645281 0.006861586925475525
9.080049999992177 -0.006035677932478475 0.23501788142479735 -0.8800637516638021 -0.007271989886875999
9.10004999999213 0.06621858575421129 0.25611917343853813 -0.37715003882639286 -0.09763030587581985
9.120049999992084 0.12122720518843594 0.21689833257932953 -0.6210007502788046 -0.2614294722253646
9.140049999992037 0.16446096574013494 0.16773862092398029 -0.579102548436342 -0.3893479416365359
9.16004999999199 0.20143252587477944 0.17731908941699895 -0.4941390617358096 -0.4286755099299512
9.180049999991944 0.24472323673841093 0.2461786526384522 -0.35894194150744096 -0.3857005335183332
9.200049999991897 0.3024786288240177 0.37125540328591095 -0.1426519396365933 -0.30921117075924576
9.22004999999185 0.39522889076621825 0.5231193416291284 0.03552530527436841 -0.24659213703693136
9.240049999991804 0.4501709202648916 0.6802447995781522 0.25442073610424176 -0.22326916115115988
9.260049999991757 0.5082628867888457 0.8163724153678061 0.3591673051696381 -0.21629212070544068
9.28004999999171 0.5492266846243332 0.9029736695064572 0.4323798069197212 -0.20712191558205498
9.300049999991664 0.5816588824139363 0.9068849795130091 0.5176983565171169 -0.170735250736321
9.320049999991618 0.533647339569937 0.8375956866730346 0.533687728215699 -0.11418325522027963
9.340049999991571 0.44930381648138934 0.7109365732706768 0.5134284958507473 -0.051260422791203665
9.360049999991524 0.3442592683268184 0.5474467525735691 0.44967407329862713 0.010898454796425323
9.380049999991478 0.25015629696308006 0.2644282527764607 0.3657087144135246 0.043107000935046276
9.400049999991431 0.257411358459211 0.002385661833744984 0.2578996774315337 0.24225587703363094
9.420049999991384 0.2986029503708682 -0.1760555827211451 0.15479592245780888 0.5407076490465019
9.440049999991338 0.29282408729761317 -0.377993494899549 0.1209541880728968 0.7258677521686377
9.460049999991291 0.2921773836909659 -0.5653408173789928 0.08820942103663353 0.8446388805793543
9.480049999991245 0.28756594674101105 -0.7321758683128194 0.06961367708598737 0.9068176365319949
9.500049999991198 0.2802682578529773 -0.8743535231132802 0.06563454016775791 0.9219698113685674
9.520049999991151 0.27418668190686735 -0.9932328044993224 0.06412439702455607 0.8986457513857218
9.540049999991105 0.2674149678992619 -1.0881842212627182 0.0660106485309325 0.8409632185471525
9.560049999991058 0.2604116596948225 -1.1594430965870033 0.06839398359528924 0.754062093316739
9.580049999991012 0.25295907476398843 -1.2075130759072896 0.06984796020202562 0.6423013828818945
9.600049999990965 0.24482722320322756 -1.2328186290176806 0.07004901669007664 0.5099108305573818
9.620049999990918 0.23611900413113518 -1.2360835225543916 0.06862225015866065 0.3612399870372118
9.640049999990872 0.22698655038438345 -1.2182142755607093 0.06568817594946529 0.20062690679398937
9.660049999990825 0.2177519551273152 -1.1803876868494494 0.06150931280585451 0.03250132884019704
9.680049999990779 0.21142628293396484 -1.1231070107672072 0.06458396101835036 -0.039374023981991635
9.700049999990732 0.20462396576647987 -1.049482722820471 0.04781541377379016 -0.2456634201636561
9.720049999990685 0.1933813062068134 -0.9619771969526557 0.0452915384240216 -0.4374538102094986
9.740049999990639 0.1884293526141213 -0.8634197819521935 0.037742629951619755 -0.6055364388378034
9.760049999990592 0.18598139720338594 -0.7556923493555372 0.031809860249962206 -0.7532103616229037
9.780049999990545 0.18799241902063546 -0.6412217903385322 0.02682680639873876 -0.878450724832332
9.800049999990499 0.19553476995618496 -0.5229956830812557 0.02264680550766059 -0.9783084380151102
9.820049999990452 0.20891068305149008 -0.40500306115107265 0.015998492851623573 -1.0499999282535282
9.840049999990406 0.22774517725712176 -0.28966916767667744 0.008263488629999045 -1.0901610130039388
9.860049999990359 0.24256902177303188 -0.18153243710057212 0.0004718892646318988 -1.0952119086737007
9.880049999990312 0.23832278855846248 -0.0034196498431441013 -0.007748003408159268 -1.0093628604751448
9.900049999990266 0.25759506853024733 0.1402622157744277 -0.09531269058948012 -0.7383689184822798
9.92004999999022 0.24532263685510702 0.1479292681618236 -0.288178023294806 -0.5446407586648854
9.940049999990173 0.20396965990269397 0.19420953236517993 -0.4086471934737527 -0.5122344537789045
9.960049999990126 0.22325505500758053 0.23319458581947794 -0.4519984214288908 -0.45520332532724994
9.98004999999008 0.2991878979922508 0.2746459336047207 -0.39469534187938554 -0.31356944367970463
10.000049999990033 0.44105593003671983 0.33215968796355727 -0.32492825948500126 -0.07781263158381548
