0.0 -6.034041516473931e-7 -6.034041516473931e-7 1.3094220907115672e-6 1.3094220907115672e-6
0.020049999999999936 -0.9406356802282623 -0.9406356802282623 2.041166976540704 2.041166976540704
0.04000000000000012 -1.578416254557829 -1.578416254557829 3.441124694663937 3.441124694663937
0.06000000000000069 -2.0547200820541005 -2.0547200820541005 4.21404610826445 4.21404610826445
0.08000000000000126 -2.370822444751981 -2.3708224447519806 4.645271728507491 4.645271728507491
0.10000000000000184 -2.646493611259972 -2.6464936112599724 4.806336198186289 4.806336198186289
0.12000000000000241 -2.851418107747808 -2.851418107747808 4.787501774743356 4.787501774743356
0.1400000000000009 -3.0323645114860667 -3.0323645114860667 4.732778767584693 4.732778767584693
0.1600499999999987 -3.1549936917320345 -3.1549936917320345 4.571111946200624 4.571111946200624
0.1800499999999965 -3.267848456560654 -3.267848456560654 4.469347236024567 4.469347236024567
0.2000499999999943 -3.3161192143237614 -3.3161192143237614 4.316334733619951 4.316334733619951
0.22004999999999209 -3.369405230806097 -3.369405230806096 4.211165832196496 4.211165832196496
0.24004999999998988 -3.36237783888351 -3.3623778388835093 4.097074617695254 4.097074617695259
0.2600499999999877 -3.3685584359993586 -3.368558435999357 3.989068171922799 3.9890681719228027
0.2800499999999855 -3.33441119301921 -3.334411193019209 3.9044581284967865 3.9044581284967896
0.3000499999999833 -3.310915382104845 -3.3109153821048434 3.782162134751284 3.782162134751288
0.32004999999998107 -3.2690639999848883 -3.2690639999848865 3.711077408588045 3.711077408588052
0.34004999999997887 -3.2284590710373937 -3.2284590710373853 3.5713998992061233 3.57139989920613
0.36004999999997667 -3.1881437469905674 -3.1881437469905554 3.503496715883485 3.503496715883489
0.38004999999997446 -3.1373855177129326 -3.1373855177129184 3.352009908575904 3.3520099085759076
0.40004999999997226 -3.100202722824191 -3.1002027228241795 3.2817937704072992 3.2817937704073064
0.42004999999997006 -3.042944266395052 -3.04294426639504 3.1262964726208615 3.1262964726208615
0.44004999999996786 -3.0070310609093256 -3.0070310609093167 3.0506702550713984 3.0506702550713984
0.46004999999996565 -2.9454872590624097 -2.9454872590624026 2.8971210165232915 2.8971210165232915
0.48004999999996345 -2.908319996540351 -2.9083199965403477 2.8141694969046482 2.8141694969046482
0.5000499999999612 -2.8440667128841803 -2.8440667128841803 2.6655691979683733 2.665569197968366
0.520049999999959 -2.8036690481961006 -2.8036690481961006 2.574300106842433 2.574300106842433
0.5400499999999568 -2.737786295290421 -2.737786295290421 2.431216196034537 2.431216196034537
0.5600499999999546 -2.6929659170915627 -2.6929659170915627 2.331503251345022 2.331503251345022
0.5800499999999524 -2.6260088876574192 -2.6260088876574192 2.1930356841504324 2.1930356841504324
0.6000499999999502 -2.5762009381618176 -2.5762009381618176 2.0854107243457913 2.0854107243457913
0.620049999999948 -2.508233455305193 -2.508233455305193 1.950007226441983 1.950007226441983
0.6400499999999458 -2.453264687494218 -2.453264687494218 1.8353226030921204 1.8353226030921204
0.6600499999999436 -2.383978984469109 -2.383978984469109 1.7012932815252266 1.7012932815252266
0.6800499999999414 -2.3238678227438037 -2.3238678227438037 1.5803980235320423 1.5803980235320423
0.7000499999999392 -2.2527315251466535 -2.2527315251466535 1.4461720397741418 1.4461720397741418
0.720049999999937 -2.1875460969528393 -2.1875460969528393 1.3196984168236516 1.3196984168236516
0.7400499999999348 -2.113922082556155 -2.113922082556155 1.1839093004538568 1.1839093004538568
0.7600499999999326 -2.0436884989426614 -2.0436884989426614 1.0521823505166752 1.0521823505166752
0.7800499999999304 -1.9669058466003257 -1.9669058466003222 0.9136558527312919 0.9136558527312988
0.8000499999999282 -1.891553376062982 -1.891553376062982 0.776687549121827 0.776687549121827
0.820049999999926 -1.8109329117063853 -1.8109329117063853 0.6343823386052395 0.6343823386052395
0.8400499999999238 -1.7302630462205821 -1.7302630462205821 0.4919022045168751 0.4919022045168751
0.8600499999999216 -1.6451107808588659 -1.6451107808588659 0.34483326136435327 0.34483326136435327
0.8800499999999194 -1.5587785786187012 -1.5587785786187012 0.1963196530148271 0.1963196530148271
0.9000499999999172 -1.4683593693513008 -1.4683593693513008 0.04347870811399412 0.04347870811399412
0.920049999999915 -1.3758572216309082 -1.3758572216309082 -0.11182876077890648 -0.11182876077890648
0.9400499999999128 -1.2793558571791461 -1.2793558571791461 -0.2715526922104054 -0.2715526922104054
0.9600499999999106 -1.1799915893538253 -1.1799915893538253 -0.43466826534828795 -0.43466826534828795
0.9800499999999084 -1.0764446391066553 -1.0764446391066553 -0.6025732077798842 -0.6025732077798842
1.0000499999999062 -0.9691799425057638 -0.9691799425057673 -0.7748104716948244 -0.7748104716948244
1.0200499999999042 -0.8738942962272613 -0.8738942962272648 -0.9152963608833532 -0.9152963608833532
1.040049999999902 -0.8027316635349122 -0.8027316635349192 -0.9959246242226153 -0.9959246242226084
1.0600499999998998 -0.7468434044742431 -0.7468434044742466 -1.0371700054294297 -1.0371700054294297
1.0800499999998976 -0.7022233941660394 -0.7022233941660428 -1.0551682793467698 -1.0551682793467698
1.1000499999998954 -0.6666813298113576 -0.6666813298113611 -1.0613285881719399 -1.0613285881719399
1.1200499999998932 -0.6390228456547165 -0.6390228456547199 -1.0624839749036437 -1.0624839749036437
1.140049999999891 -0.6170461614558734 -0.617046161455877 -1.065750117268629 -1.0657501172686221
1.1600499999998888 -0.6023118621086068 -0.6023118621086102 -1.0669151476745986 -1.066915147674592
1.1800499999998866 -0.5909244610284138 -0.5909244610284138 -1.069719065447462 -1.069719065447462
1.2000499999998844 -0.5833910121180116 -0.5833910121180116 -1.0714362536987905 -1.0714362536987836
1.2200499999998822 -0.5771602701355151 -0.5771602701355151 -1.0741303721498494 -1.0741303721498494
1.24004999999988 -0.5703752583598901 -0.5703752583598901 -1.077729210669651 -1.077729210669644
1.2600499999998778 -0.5617257846708231 -0.63817117081635 -1.0835826606259604 -0.9849773142472545
1.2800499999998756 -0.5536284036988112 -0.8478729096503128 -1.0881961185439448 -0.718816071766364
1.3000499999998734 -0.5301521619187981 -1.1654912200257277 -1.1146719577708732 -0.34130990721955995
1.3200499999998712 -0.47570087015729784 -1.5682583745324288 -1.1883884458478944 0.10730396401359206
1.340049999999869 -0.3861192114853907 -2.0402314614993293 -1.3172687930037927 0.5945647154234285
1.3600499999998668 -0.2581663709748662 -2.548699731503126 -1.5000127762158855 1.1106460144350567
1.3800499999998646 -0.12239798083380166 -2.9912225674759307 -1.7125612101583376 1.6923225032591704
1.4000499999998623 -0.05251508298293848 -3.3284844426716584 -1.9191155162167297 2.1994146772460095
1.4200499999998601 -0.038577045461337604 -3.5974276000219496 -2.123438765771974 2.5273827691228967
1.440049999999858 -0.04739143014116953 -3.8227782563074917 -2.32185045834753 2.7146306562778073
1.4600499999998557 -0.0785043831498116 -4.012294461797756 -2.493375767951424 2.775523923698864
1.4800499999998535 -0.1250395161273457 -4.151899920937329 -2.6161071439713566 2.7293508193332467
1.5000499999998513 -0.17044319656146914 -4.241359036857667 -2.7075074501225713 2.594361612000673
1.5200499999998491 -0.20963715704933603 -4.278468930310642 -2.7700261919237352 2.381238878957821
1.540049999999847 -0.23853143769701388 -4.261983499041421 -2.809039353494825 2.101195187277284
1.5600499999998447 -0.25556181362509806 -4.192038700940793 -2.8298879205371894 1.7645265213734447
1.5800499999998425 -0.25996123647522523 -4.069374192961524 -2.8394162780623105 1.3811573300358144
1.6000499999998403 -0.25093550569705436 -3.8959821959315093 -2.8467853160935137 0.9617443818865192
1.6200499999998381 -0.23217008388887692 -3.6750435843500293 -2.852884652865976 0.5172806229861646
1.640049999999836 -0.2065066757992383 -3.408188597545267 -2.8594041782763417 0.043558716460354585
1.6600499999998337 -0.18024269361171763 -3.0986948837385273 -2.8664407453148955 -0.5340379413405321
1.6800499999998315 -0.14643573997323997 -2.7625528120750698 -2.874100035393145 -1.0720747609198922
1.7000499999998293 -0.1041158353499602 -2.400653213451663 -2.8828003490450245 -1.5533848790260991
1.720049999999827 -0.055163917323773314 -2.0199070746027066 -2.893503161496989 -1.9847103186529724
1.740049999999825 0.0016277398314736673 -1.6263451873604444 -2.9066451343758604 -2.3634831537467735
1.7600499999998227 0.06566864724280085 -1.233586451866621 -2.9226126507514496 -2.6812746677213033
1.7800499999998205 0.13996547551992955 -0.8477789027400651 -2.943313242650804 -2.9330626975614043
1.8000499999998183 0.22767024682705791 -0.4736010335205904 -2.9684102452787804 -3.106475834892012
1.820049999999816 0.34156865676997256 -0.07511712451111463 -3.0018259061201635 -3.2033309863337194
1.840049999999814 0.47080313221892145 0.2996948323494467 -3.041833699033419 -3.193463435044786
1.8600499999998117 0.618673585137139 0.6258434974547026 -3.0921878652927965 -3.0718360539881346
1.8800499999998095 0.7929272839428568 0.8920175093552466 -3.161546217608132 -2.8384316129210174
1.9000499999998073 1.004213966239428 1.1046658294569192 -3.2403539809216895 -2.5098332872820968
1.920049999999805 1.2620551024770164 1.2275727002143146 -3.276432236822846 -2.2972606942230853
1.9400499999998029 1.586861972323786 1.3381284454949054 -3.0900896614811675 -2.1313996541781095
1.9600499999998007 2.035831049444516 1.5308526173689005 -2.738785137754602 -1.6457056360886673
1.9800499999997985 2.6215616213106565 1.7628993229622587 -2.512232089132426 -0.936794468297853
2.000049999999796 3.237777320777177 1.9971105636753848 -2.4152516372887916 -0.14475032114814296
2.0200499999998383 3.8313775239747705 2.2330134327305626 -2.483458564859816 0.5337499667801195
2.0400499999998805 4.314032688178107 2.4806928422500194 -2.636308788593346 0.9017767514115984
2.0600499999999227 4.507232997910589 2.6743473427465227 -2.7128214547054776 0.9904112070133744
2.080049999999965 4.257477143243293 2.775036003069218 -2.505968617318615 0.8584587524425661
2.100000000000007 3.634527471828678 2.805393411122941 -2.043911597739958 0.5667410906534843
2.1200000000000494 2.7106467977445083 2.7978485994543454 -1.34501146995906 0.1733156675609967
2.1400000000000916 1.5981877161463067 2.8023251545584213 -0.4576001781484967 -0.2620362138612679
2.160000000000134 0.4846653713992785 2.815291733074435 0.620649811373564 -0.6689248905569394
2.180000000000176 -0.5376731736875916 2.7592654933595364 1.7958915359339898 -1.000190296603351
2.2000000000002182 -1.545791011045991 2.602779785271724 2.7654427352694877 -1.2958024788869449
2.2200000000002604 -2.5092903496192553 2.382135062188409 3.446161594437191 -1.571144724964143
2.2400000000003026 -3.383584249820338 2.1305444222887053 3.9041330312700526 -1.8155665220391106
2.260000000000345 -4.153901480380777 1.8689754941158478 4.173761534860492 -2.0260291105893216
2.280000000000387 -4.815063085070708 1.6130528730156648 4.278568824267549 -2.2052259800105922
2.3000000000004293 -5.365881356749675 1.3722040115406209 4.236710570013352 -2.3548454157778718
2.3200000000004715 -5.807024529801244 1.1521411925845362 4.064396043460643 -2.477014579301169
2.3400000000005137 -6.140060504223501 0.9559475525449751 3.777156785828816 -2.5746260067321383
2.360000000000556 -6.366850976021571 0.7846709494504471 3.390359387448405 -2.650729139561397
2.380000000000598 -6.489538531492068 0.6380718196960102 2.9195992016148797 -2.70866354221987
2.4000000000006403 -6.510740645215298 0.5150542885647025 2.3807965962655304 -2.7518139139774047
2.4200000000006825 -6.433873378236425 0.4140528444611456 1.7902211219617374 -2.783434326547547
2.4400000000007247 -6.2635475940247485 0.33353042775346153 1.1643324970929614 -2.80711821650495
2.460000000000767 -6.005919606438881 0.27195753196637135 0.5199787274010282 -2.8261193908615665
2.480000000000809 -5.662586144453419 0.22755790498993875 -0.17624358847878505 -2.8448542650563495
2.5000000000008513 -5.255480220458534 0.19471214986010296 -0.9188769864681202 -2.8631325662116
2.5200000000008935 -4.791725834367882 0.17936137305487937 -1.5899211171090044 -2.876795619727791
2.5400000000009357 -4.282758185509738 0.18329042064241977 -2.1808396270399144 -2.893705835346767
2.560000000000978 -3.7414340722284183 0.20353299629939747 -2.691754646497861 -2.9122528293934895
2.58000000000102 -3.182766102913076 0.24132726129975318 -3.1132351593706358 -2.9356788469851
2.6000000000010624 -2.6232569735461606 0.2968166654745623 -3.4344422710427436 -2.964745077322714
2.6200000000011046 -2.076656581177828 0.37239684496370734 -3.6438920541948208 -3.000866418199361
2.6400000000011468 -1.5575138019305619 0.47130629222182047 -3.7281959393941495 -3.0464711444445927
2.660000000001189 -1.0805541439693103 0.5979446164064601 -3.712607941595055 -3.103405746585014
2.680000000001231 -0.6496765679067994 0.7638270191169624 -3.5705394029910495 -3.166752808293159
2.7000000000012734 -0.2975858072750608 0.9956940591009757 -3.3803949314218955 -3.204720488875502
2.7200000000013156 -0.06570291294645599 1.2904548652119068 -3.4134684067997085 -3.0973105916103636
2.740000000001358 0.09482092195217948 1.7428650938972323 -3.2447575428341993 -2.784953983036187
2.7600000000014 0.29503694185108204 2.3761254203413014 -2.694307755442251 -2.431553779832923
2.780000000001442 0.5408163585178917 3.1086707470643216 -1.8546758953733669 -2.15543449563549
2.8000000000014844 0.8143958931218549 3.864934699469843 -0.916023684799784 -2.057482893027175
2.8200000000015266 1.0894891536535565 4.556222258553241 -0.1251195628896726 -2.1359828650904142
2.840000000001569 1.3441825942239416 5.116687208053791 0.33782948109782746 -2.3458386414502113
2.860000000001611 1.526460244903744 5.348831031104589 0.49301493274792113 -2.4694372708512367
2.8800000000016532 1.605073400796557 5.122152857389752 0.4099221679890069 -2.3333435623027627
2.9000000000016954 1.59699207818783 4.493311422335744 0.15544855852566086 -1.9379856815940129
2.9200000000017377 1.5510268314423052 3.55396368791855 -0.212814653953663 -1.3116650817045887
2.94000000000178 1.517742638872738 2.3988479630291 -0.6395318140588366 -0.48993118532876884
2.960000000001822 1.538858789829938 1.1006001951984699 -1.065487202807937 0.5245068173273867
2.9800000000018643 1.6288549475761027 -0.17231196578147787 -1.4318034274798808 1.6205567544351778
3.0000000000019065 1.7146224668077403 -1.3047960154208214 -1.7161239515525382 2.6550269636966317
3.0200000000019487 1.7041708472800434 -2.3853599009610407 -1.8841213628938538 3.415631048577792
3.040000000001991 1.647800657251582 -3.3687844376668554 -1.9971167888610617 3.9004484960422823
3.060000000002033 1.5667539287370793 -4.233652148039181 -2.0852818566366618 4.175318957807258
3.0800000000020753 1.4644134829665674 -4.970767083970414 -2.1492877009090816 4.270897956710808
3.1000000000021175 1.3511606071388775 -5.580562025021501 -2.20842531331965 4.213827946009112
3.1200000000021597 1.2300306161790966 -6.064643682340303 -2.267751270280523 4.022771669804269
3.140000000002202 1.104213750561428 -6.4253651802850955 -2.329622222455333 3.7149107500886474
3.160000000002244 0.9770186362550579 -6.666106454163172 -2.3953431459596013 3.3066511787529267
3.1800000000022863 0.8512621527194258 -6.790473457573979 -2.4636324114539314 2.8138689505283034
3.2000000000023285 0.7300137828858212 -6.802727794387814 -2.53280733997065 2.25272872291747
3.2200000000023707 0.6162679862893912 -6.70800322173301 -2.6008366932773925 1.639666058503677
3.240000000002413 0.5129008332828623 -6.512585511406316 -2.665721324594888 0.9914609492491301
3.260000000002455 0.42260812321051544 -6.224229847971252 -2.7258266480236757 0.32518386909031255
3.2800000000024974 0.34725862480278974 -5.844006178357947 -2.785563369924217 -0.4320858852992676
3.3000000000025396 0.2849656198434596 -5.402838084931391 -2.8353110915736885 -1.1837019227157979
3.3200000000025818 0.24568949078209396 -4.900872904536955 -2.874374169602239 -1.8595924962813761
3.340000000002624 0.23029705724293273 -4.3536712076071895 -2.9086892144076777 -2.459324384071711
3.360000000002666 0.23759647324102465 -3.7753380397354217 -2.9362993006982068 -2.977702790965481
3.3800000000027084 0.2705821683812043 -3.182811080586648 -2.966077027757969 -3.4043940907719383
3.4000000000027506 0.32968553410042656 -2.59314231062527 -3.0013994300720763 -3.725925414113155
3.420000000002793 0.41565654947416947 -2.021691780889186 -3.044512096306738 -3.9284604462275627
3.440000000002835 0.530656088852954 -1.4829970989461656 -3.098213617376121 -3.996914010244406
3.460000000002877 0.6808662538065906 -0.9934561916489211 -3.1635198208204836 -3.963902483887404
3.4800000000029194 0.878711689165097 -0.5956298350566337 -3.2271299588014415 -3.910365815588348
3.5000000000029616 1.1521741148057463 -0.225286473074247 -3.2124529502427523 -3.749811846429255
3.520000000003004 1.5195373058479118 0.013555979716913876 -3.0593481544989762 -3.550992197839121
3.540000000003046 2.0465067496640987 0.17056511114107564 -2.7628721288184326 -3.237839658979551
3.5600000000030882 2.7383102172478186 0.3487238748382595 -2.4383838393102573 -2.5854106607326712
3.5800000000031305 3.5346123791828314 0.5720853114099339 -2.2125669888155337 -1.648735071181454
3.6000000000031727 4.3531659485877245 0.8288307440928072 -2.1805664107176774 -0.6212863878628053
3.620000000003215 5.106606266433445 1.0923386405987223 -2.3346681711989814 0.25272614628616924
3.640000000003257 5.717996423628671 1.3585185548399494 -2.625545498452222 0.7310148895682267
3.6600000000032993 5.978513534497161 1.560582966942105 -2.8281210598202966 0.8872816193840644
3.6800000000033415 5.735874619604023 1.6634239074800412 -2.7345822331402188 0.7802588108887349
3.7000000000033837 5.0533611694367675 1.6708919832629108 -2.3444210610704594 0.45962038244008097
3.720000000003426 4.042544602467989 1.6247052877444883 -1.685177716039615 0.018389674206224307
3.740000000003468 2.805374750957703 1.5921478844622143 -0.7936413706288642 -0.466023452757653
3.7600000000035103 1.4396440521858835 1.6199393497981163 0.2693626241245287 -0.940774580590568
3.7800000000035525 0.07519491099826964 1.7210437934236638 1.4855081157889958 -1.351930687313128
3.8000000000035947 -1.1304066313628185 1.8176924679042297 2.625941002415848 -1.6481109663309506
3.820000000003637 -2.2790190418385365 1.8186857745946496 3.4942263116298484 -1.8222535885602684
3.840000000003679 -3.3367327416998496 1.7680615381635978 4.050908483404547 -1.9386890651374507
3.8600000000037213 -4.270600364034996 1.6906711508290357 4.376328533407528 -2.0277650090247383
3.8800000000037635 -5.069872505015443 1.5900491170078053 4.506537592897788 -2.092063994804881
3.9000000000038058 -5.7341770771110445 1.476202144500819 4.471244000841735 -2.151082455785462
3.920000000003848 -6.26531881934923 1.3525005416618074 4.291748728526735 -2.21151350367662
3.94000000000389 -6.665962100899405 1.2220164091289607 3.986925626172534 -2.2759469358806714
3.9600000000039324 -6.939828103294001 1.088225553616488 3.574621372479343 -2.3458283314069877
3.9800000000039746 -7.0908655253700195 0.9541934041639305 3.071865083064734 -2.4197690906424567
4.000000000004016 -7.123587381068941 0.8233038935432787 2.4957948149686517 -2.4957346249938586
4.02000000000397 -7.0433279775398825 0.6989464731117456 1.8637383388718878 -2.5712932448604837
4.040000000003923 -6.8565434394508324 0.5844096926736516 1.193309829208131 -2.643999872835513
4.0600000000038765 -6.571172328030055 0.48280070089303306 0.5023893407933693 -2.7117978042182305
4.08000000000383 -6.18969633565248 0.3969507551520793 -0.24988859404003375 -2.776490438984732
4.100000000003783 -5.739181132554352 0.324966891349257 -1.038140888280065 -2.8354846655831674
4.120000000003737 -5.225219164469252 0.27456639081103584 -1.7509349426362733 -2.879468721551487
4.14000000000369 -4.6618953994120815 0.25021326580884257 -2.3825872587382864 -2.9183813203159628
4.1600000000036434 -4.064186743593563 0.24974062546683967 -2.9294918129976906 -2.9489854362158687
4.180000000003597 -3.449256878541462 0.27595892876223826 -3.3817387333138433 -2.97926930651188
4.20000000000355 -2.8352001201147137 0.3301148502414345 -3.725948510793444 -3.014851966140715
4.220000000003504 -2.238339753911959 0.4126034739518443 -3.948016916548658 -3.0582127513564132
4.240000000003457 -1.6739421035744866 0.5250143925803353 -4.032635886478191 -3.1116765342820716
4.26000000000341 -1.1595130345078135 0.6726122336638457 -4.0137989806590255 -3.1772052412588527
4.280000000003364 -0.7435678621692394 0.8657671507879611 -3.963314066752997 -3.236339491746222
4.300000000003317 -0.37718899866174826 1.136153484935498 -3.8235102199839646 -3.2185036848037174
4.320000000003271 -0.1229707726374525 1.510289872918193 -3.678898250800111 -3.0514080833492034
4.340000000003224 0.04266748128028173 2.0529566372999652 -3.361960264147375 -2.733997485006464
4.360000000003177 0.22462060698065647 2.7661584650969036 -2.6958255588771065 -2.4017370457370677
4.380000000003131 0.4504440764006433 3.5809937848657567 -1.7421209449184873 -2.1712341759473017
4.400000000003084 0.711144177636428 4.414676692089844 -0.6975947631984607 -2.137813830399129
4.4200000000030375 0.9792052453940913 5.178701214686634 0.18596068090854972 -2.29440557394261
4.440000000002991 1.249219628120162 5.797664954353158 0.6831658027404341 -2.5911063185109193
4.460000000002944 1.45894558509509 6.0639950697642115 0.8585480226093043 -2.801607706188541
4.480000000002898 1.5868491214844682 5.826178430487597 0.7830760159432286 -2.7244558207445237
4.500000000002851 1.6216517445477012 5.143526349994233 0.48358489032139196 -2.354528101424619
4.520000000002804 1.5679271828210377 4.138045859567316 0.01080317756281763 -1.7200373866049252
4.540000000002758 1.525934936981679 2.9215817403189464 -0.4897553026623001 -0.8526711541428476
4.560000000002711 1.5422531750197432 1.5860609658023315 -0.9690601946772363 0.18754697472010276
4.580000000002665 1.636726881433144 0.23594386574706536 -1.388213997591383 1.3833424565687715
4.600000000002618 1.7383511374056142 -0.9565947269772775 -1.6873424474417238 2.528014684754821
4.620000000002571 1.7504283126432505 -2.085479064562819 -1.863671896956496 3.4114972615105557
4.640000000002525 1.708199312318588 -3.124964485196538 -1.9740776362123886 3.980464765159383
4.660000000002478 1.6393611879078807 -4.043258713315034 -2.0557851758388357 4.318533194761767
4.6800000000024315 1.5470340150238633 -4.830062571685211 -2.11287609960386 4.463170921436191
4.700000000002385 1.4404924657320302 -5.484852521533075 -2.1643834657687213 4.444604209117667
4.720000000002338 1.3232522447906316 -6.009743832996932 -2.2182696998759055 4.2846510252451075
4.740000000002292 1.1980740962261671 -6.407644594964679 -2.2771871173149836 4.002058502951805
4.760000000002245 1.0683451317990513 -6.682548927583546 -2.342678877966199 3.6144339142536723
4.7800000000021985 0.9371135221967903 -6.83870516697464 -2.4133944752210628 3.13841000538739
4.800000000002152 0.8077621205768962 -6.880842851071165 -2.48715818175221 2.5905875245535843
4.820000000002105 0.6837346264944478 -6.814407196948256 -2.561386166246091 1.987680165344213
4.840000000002059 0.5683804529807752 -6.645805822607268 -2.633442956826774 1.3466153063514328
4.860000000002012 0.46486464937330324 -6.382735502577211 -2.7010728897722753 0.6845425501468836
4.880000000001965 0.37623222819494095 -6.0311379230636994 -2.763641232264838 -0.001993861924650934
4.900000000001919 0.3020095138511306 -5.604590661374302 -2.82493437478682 -0.7701400760280158
4.920000000001872 0.24503530282243483 -5.122373208505899 -2.8698639098021226 -1.4742771262962675
4.940000000001826 0.2136963482286312 -4.591440749957301 -2.908389240171336 -2.094995420937637
4.960000000001779 0.20582064739716566 -4.0267331106007145 -2.939360569878231 -2.631917456400029
4.980000000001732 0.22239474767265582 -3.4434996062294743 -2.9660727320688522 -3.0775721026776597
5.000000000001686 0.2657831868720312 -2.8585369806001464 -2.9967093288397266 -3.42118702278428
5.020000000001639 0.3363238443517511 -2.2875105677184875 -3.0342203382194293 -3.649908425540152
5.0400000000015925 0.4347199766390583 -1.7443601423956105 -3.0800607345763003 -3.7509017135304057
5.060000000001546 0.5641417238072511 -1.2457033531792687 -3.1358292624588655 -3.7593681302428084
5.080000000001499 0.7336257019186309 -0.8221672638381288 -3.1897871972029503 -3.725412356098665
5.100000000001453 0.9754820438855635 -0.460458044535483 -3.1888570359229536 -3.5811303272014947
5.120000000001406 1.3037648260183061 -0.21751010070694773 -3.0523988247852634 -3.525277831742997
5.1400000000013595 1.7833814528485108 -0.038363188257004 -2.73959631097538 -3.3198254525247184
5.160000000001313 2.4303024478163957 0.16319578316648273 -2.3912708735447867 -2.769670078632622
5.180000000001266 3.1737832054178154 0.40917595495048475 -2.119110775931076 -1.934070559225078
5.20000000000122 3.9386080913558583 0.6855760908857553 -2.0199379072442736 -0.9895732608136195
5.220000000001173 4.638629978334522 0.9653251598049482 -2.1008861026053514 -0.19201340853268486
5.240000000001126 5.2054861658373435 1.2204655480047075 -2.314326729266204 0.27992676391485855
5.26000000000108 5.44288538752471 1.4067568491253508 -2.4437991004410726 0.4514636779767331
5.280000000001033 5.216466007053082 1.4925078733602162 -2.313777194653981 0.3863606459401724
5.300000000000987 4.583074039902912 1.4840899568331112 -1.927741592416512 0.12586352361233147
5.32000000000094 3.642374816920716 1.433004607540135 -1.312641627529256 -0.2443729813934288
5.340000000000893 2.485171715944902 1.3945370125730148 -0.49863266415353996 -0.6718424719425476
5.360000000000847 1.185046066055167 1.4119448893535074 0.5116908155045098 -1.0979315206272642
5.3800000000008 -0.10344065140011185 1.5021926295501589 1.5930013908364176 -1.4675705962829293
5.4000000000007535 -1.2510971217939046 1.6073870294526404 2.628191432652189 -1.7600226051443808
5.420000000000707 -2.3424365734496506 1.6186416868531404 3.404134997217509 -1.9288090524243215
5.44000000000066 -3.3364652124602445 1.579645843129956 3.893738612887151 -2.030279994666162
5.460000000000614 -4.210776658695107 1.5169545077414137 4.1712124452390045 -2.1074857861770546
5.480000000000567 -4.955712749132504 1.431089645225686 4.267556366366082 -2.1593491412756824
5.5000000000005205 -5.571667102482286 1.3322916345114366 4.210532040982081 -2.2069900771038977
5.520000000000474 -6.060606718586704 1.2234627663282407 4.0193954070786715 -2.2572667488543123
5.540000000000427 -6.424913762300218 1.1073116408337866 3.711414806266439 -2.312465257317684
5.560000000000381 -6.668134336518585 0.9872046570385863 3.303173388315291 -2.3741466879215283
5.580000000000334 -6.794042563923981 0.8660610701401984 2.8105611293209103 -2.4408152439476813
5.600000000000287 -6.807058029255801 0.7471991697619507 2.2497263613134995 -2.5103804372476692
5.620000000000241 -6.712490830868826 0.6339751867082885 1.6370767076060142 -2.5803641790592895
5.640000000000194 -6.516789791370252 0.5296661311800918 0.9893484484383444 -2.648266791367211
5.660000000000148 -6.227859771256889 0.4373869544417476 0.3235723124683017 -2.711985823600788
5.680000000000101 -5.8469028364525775 0.35940607834007693 -0.43320662345778216 -2.77552172959627
5.700000000000054 -5.404942999698933 0.2941896795534959 -1.184374927675547 -2.828919394663507
5.720000000000008 -4.902215478492442 0.2519902577219981 -1.859883683094941 -2.871239053534441
5.740049999999961 -4.3517568986856565 0.2333018987158058 -2.45756669436227 -2.9083985987525005
5.760049999999914 -3.7735517439586346 0.23809838756201157 -2.9764031593530067 -2.937577614359098
5.780049999999868 -3.181075982193769 0.26901067372934634 -3.4034037607800762 -2.9676452635299775
5.800049999999821 -2.5914674497402137 0.3270375566656864 -3.7252058927205773 -3.0033587701880413
5.820049999999775 -2.0202064833417093 0.4126734812224075 -3.9279171692169665 -3.0470036446406725
5.840049999999728 -1.4818214157019944 0.5275781745263545 -3.9964775878932914 -3.100681219309718
5.860049999999681 -0.992641990055923 0.6771267631269259 -3.96379887190344 -3.166069261780929
5.880049999999635 -0.5896159161382856 0.8732697640541787 -3.904926144554922 -3.22880813441319
5.900049999999588 -0.21705064853765893 1.14674999406402 -3.736282442089543 -3.218525380466949
5.9200499999995415 0.01748229987480175 1.5115383864839242 -3.5464059710682365 -3.069282789649348
5.940049999999495 0.1741043919621418 2.0368714424327834 -3.240139014750946 -2.7686311041531875
5.960049999999448 0.35286560812094736 2.730192868340984 -2.5867523639158256 -2.440627628944249
5.980049999999402 0.5770346200140318 3.5282606492221666 -1.6469287494569176 -2.21352561659592
6.000049999999355 0.8341670188011907 4.3479910006992535 -0.6178628081532569 -2.181410887433759
6.0200499999993085 1.098057661556801 5.10185632372751 0.2559115631485699 -2.3358097996832106
6.040049999999262 1.3642445444543196 5.713339975053606 0.7340664980413768 -2.6269201990823867
6.060049999999215 1.5660836390491113 5.9737665451171065 0.8892904608364455 -2.829270980075377
6.080049999999169 1.6684139518341234 5.731444397542705 0.7813206178603493 -2.7354218767163787
6.100049999999122 1.6750080628895314 5.049600729411351 0.45994243827199216 -2.344753686389389
6.120049999999075 1.6291334345189845 4.039415773241242 0.019774696134642045 -1.6850160482929697
6.140049999999029 1.5968090007897344 2.8025324313251456 -0.4641147085131867 -0.7930238812756827
6.160049999998982 1.6248007452184374 1.436947499610343 -0.938862825094307 0.2700853247014141
6.180049999998936 1.725756173119931 0.07322802090352139 -1.3498767987169504 1.4866137919337659
6.200049999998889 1.821655342061586 -1.131726093628675 -1.6460865192840746 2.6269539255453114
6.220049999998842 1.8217926946034422 -2.2800122544524335 -1.8205322715536463 3.494776116352323
6.240049999998796 1.770426329050814 -3.337451532154271 -1.9375644466386859 4.051259824530452
6.260049999998749 1.6923050487866642 -4.271078449617634 -2.027189064355827 4.376564464190337
6.2800499999987025 1.5910392984936594 -5.070145691523753 -2.09199071309666 4.506722964277353
6.300049999998656 1.476653054837141 -5.734289040036056 -2.151439283524827 4.4714103950716755
6.320049999998609 1.35251406513812 -6.26530569790839 -2.2121706708703055 4.291901568979642
6.340049999998563 1.2217092498715612 -6.665862708204931 -2.276794554994544 3.9870670618141046
6.360049999998516 1.087705734457667 -6.939677188551235 -2.3467587135433687 3.5747467271909468
6.3800499999984694 0.9535585096006546 -7.090691928907959 -2.4206896733462866 3.0719691262741082
6.400049999998423 0.8226372943729461 -7.123414634451694 -2.496576159647435 2.49587369708001
6.420049999998376 0.6983130778542631 -7.043172967823296 -2.5720070259915677 1.8637894525396412
6.44004999999833 0.5838561276358728 -6.856417049205985 -2.64455875196923 1.1933326205554313
6.460049999998283 0.4823557430966227 -6.571080098559777 -2.71219329837387 0.5023849778093805
6.480049999998236 0.39662582793801565 -6.189667063553307 -2.7767139413862174 -0.249698094852754
6.50004999999819 0.32477027053356383 -5.739155656496267 -2.8355976423749603 -1.0382157192106245
6.520049999998143 0.27447279513275696 -5.225220777195451 -2.879449168946089 -1.751022370049807
6.5400499999980966 0.2502156131872577 -4.661920312917231 -2.9182814586959065 -2.3826767694699114
6.56004999999805 0.24981369948666135 -4.064226386037392 -2.9488272949611294 -2.9295831476736995
6.580049999998003 0.27606286875719105 -3.4493000198569272 -2.979060490888797 -3.3818312325573445
6.600049999997957 0.3302366198476147 -2.835245551134032 -3.0146430122043477 -3.7260312035335734
6.62004999999791 0.41291334715139394 -2.2383547047839127 -3.0583644313276523 -3.9480893014573906
6.6400499999978635 0.52536752530826 -1.6739389159801397 -3.1119311876480045 -4.032610901383839
6.660049999997817 0.672921364972748 -1.159462490697004 -3.177218191408506 -4.013694004915095
6.68004999999777 0.8662004478143969 -0.7440478084467561 -3.2363128271805603 -3.9632119863078197
6.700049999997724 1.1368765388040079 -0.37756520831586043 -3.218125608809616 -3.8242258626210646
6.720049999997677 1.5114665064840351 -0.12300961531681569 -3.0507669553423886 -3.678735131662127
6.74004999999763 2.0544146611884204 0.04290486166019803 -2.733700932500483 -3.360785729123041
6.760049999997584 2.7675901057489143 0.22489255098364455 -2.402028303695358 -2.694857449139762
6.780049999997537 3.5823391589115796 0.4507036018474713 -2.171849987470589 -1.7416329226528073
6.800049999997491 4.416068411224692 0.7114958240090479 -2.1386853071778145 -0.6973952712691635
6.820049999997444 5.180283273999891 0.9797137469822196 -2.2954738228204885 0.1860948952057642
6.840049999997397 5.799555460117202 1.2499751577732068 -2.592436438209919 0.6834153915350727
6.860049999997351 6.061993058574613 1.460006528895273 -2.800661266602285 0.8589731977343735
6.880049999997304 5.812199346310333 1.588539887826185 -2.716388420411425 0.7835763054975012
6.9000499999972575 5.1108533895348085 1.6239706103952243 -2.3356365883333186 0.4825018059631995
6.920049999997211 4.081711323054575 1.5734334378925967 -1.6878839359483406 0.0097812533964543
6.940049999997164 2.8370445749171953 1.537475419556825 -0.805792072908608 -0.4909408462829195
6.960049999997118 1.467549133437894 1.5622736845293639 0.25705737819251545 -0.967656518348548
6.980049999997071 0.09596319458189732 1.6653181890093713 1.4685065541150357 -1.380490413169354
7.0000499999970245 -1.1162619852113054 1.7695524322109604 2.612929142467322 -1.6746777286837284
7.020049999996978 -2.2681558657110616 1.78059119550266 3.4872020807981827 -1.8453407310901988
7.040049999996931 -3.3285100205603904 1.7388813288411644 4.046897419555029 -1.9548318422992998
7.060049999996885 -4.264861264376722 1.6700341460248056 4.373751204762253 -2.036777500452918
7.080049999996838 -5.066458406658638 1.5772387116117141 4.504566037092156 -2.094771924923171
7.100049999996791 -5.73271484980478 1.470057378886923 4.469415059959339 -2.1483221768363427
7.120049999996745 -6.2654163641814735 1.351835871120258 4.289945460194755 -2.204654090786982
7.140049999996698 -6.6672078758767706 1.2255318840174343 3.985133135138889 -2.266354999550366
7.160049999996652 -6.94182206134257 1.0946441096063135 3.5728844805877897 -2.3347856974227583
7.180049999996605 -7.093257502983698 0.9623440764464984 3.0702490285315034 -2.4084113002834946
7.200049999996558 -7.1260849872678556 0.8321649449847657 2.4943552741516215 -2.4849631354495463
7.220049999996512 -7.045706005662279 0.7076882417626461 1.8625164120476738 -2.5617665588192695
7.240049999996465 -6.85864431121059 0.5924081092762861 1.1923274883334407 -2.6361344216114317
7.2600499999964185 -6.572900558686278 0.4896349498879131 0.5016501950814722 -2.705789159539067
7.280049999996372 -6.191023902708878 0.40238443708380667 -0.2503358837705693 -2.7723414354033458
7.300049999996325 -5.740080832797035 0.3289389674313253 -1.038443506900032 -2.8330810199210585
7.320049999996279 -5.225740711210771 0.2771209284309674 -1.7510666221526454 -2.878555898893413
7.340049999996232 -4.662095781562698 0.2515054778715688 -2.3825823533146973 -2.9186761020720384
7.3600499999961855 -4.0641328673246075 0.24998185555494354 -2.9293889691584334 -2.950169545276411
7.380049999996139 -3.449017818624121 0.2752773374921423 -3.381533242362443 -2.980710174689284
7.400049999996092 -2.8347959860940435 0.3289057086217914 -3.725749070311124 -3.016489371992389
7.420049999996046 -2.237849630032513 0.41133354252458026 -3.947807536085401 -3.0603358565920735
7.440049999995999 -1.6734650024542608 0.5238771869230495 -4.032399146727108 -3.114285747166886
7.460049999995952 -1.1590670791995996 0.6713239117138563 -4.0136557710372225 -3.179763992503438
7.480049999995906 -0.7420520180652879 0.8641447116118224 -3.962046229556118 -3.2385522342877353
7.500049999995859 -0.37564067612337176 1.1346242207497754 -3.8216030213507612 -3.2209721801918993
7.520049999995813 -0.1223431567552136 1.5087553907337428 -3.678870526159826 -3.053819574419405
7.540049999995766 0.0433276501616651 2.0518254404801293 -3.3624326838070187 -2.735003113575267
7.560049999995719 0.22554256551970048 2.7658496537622317 -2.695464579531312 -2.402246215142487
7.580049999995673 0.45162595435134445 3.5812632299890645 -1.7409932146404075 -2.1716637559144196
7.600049999995626 0.7125246667541328 4.415365968502281 -0.696304181819911 -2.1385851031081264
7.6200499999955795 0.9807714476007213 5.179663636673798 0.1872145355788364 -2.295446641951967
7.640049999995533 1.2509898537682214 5.798923639097455 0.6842330104844365 -2.5925376446012085
7.660049999995486 1.4609428122511305 6.061322792587836 0.8595081699065903 -2.8007888748816097
7.68004999999544 1.5891846738356954 5.811575297991726 0.7836387231465574 -2.7165059153005027
7.700049999995393 1.6243228081407628 5.110399650333072 0.4822970167915391 -2.3357032044608053
7.7200499999953465 1.5738083755903762 4.0814350181143 0.009847344518848418 -1.6878568062773536
7.7400499999953 1.5378796996362938 2.8368389216312386 -0.4907237253752139 -0.8056848390459114
7.760049999995253 1.5627034076695616 1.4673809812108702 -0.9674222711969137 0.25715425085929433
7.780049999995207 1.6657158531232275 0.09586671646287964 -1.3802461741543437 1.4686411309392615
7.80004999999516 1.7698821564073068 -1.116321816330513 -1.6744619034700656 2.613022060862517
7.820049999995113 1.7808499114528331 -2.2682018459305846 -1.845180906564352 3.487253029899948
7.840049999995067 1.7390714110846297 -3.3285424736692373 -1.9547316315167895 4.046925712526717
7.86004999999502 1.6701610782855345 -4.264879872074473 -2.036733143959598 4.373769159106705
7.880049999994974 1.5773099479741823 -5.0664641877172505 -2.09477498051937 4.504579845743093
7.900049999994927 1.4700821079232647 -5.732709876860938 -2.148362240579928 4.469427497245945
7.92004999999488 1.3518240996312438 -6.265403252403652 -2.2047200267937894 4.289957418919141
7.940049999994834 1.2254936911067462 -6.667189350799381 -2.266436024885722 3.9851445990417154
7.960049999994787 1.0945890258067068 -6.941800685428288 -2.334872273032716 3.5728950955060723
7.9800499999947405 0.9622805527426315 -7.093235475058537 -2.408495590291917 3.0702583887775248
8.000049999994694 0.8321000177654042 -7.126064041144271 -2.485039262835012 2.4943630717225638
8.020049999994647 0.707627354083931 -7.045687380502415 -2.561830629781109 1.8625224865703265
8.0400499999946 0.5923550822556264 -6.858628772728498 -2.6361843805527982 1.1923318274192807
8.060049999994554 0.4895920777171304 -6.572888455673599 -2.70582453082561 0.5016529113106138
8.080049999994507 0.40235266977675355 -6.191015243047182 -2.772362996527725 -0.2503345835275233
8.10004999999446 0.32891815949641506 -5.7400753613958875 -2.8330904525620277 -1.0384433478123156
8.120049999994414 0.27711010382362705 -5.225737989568203 -2.8785554481065145 -1.7510672997262113
8.140049999994368 0.2515030813810291 -4.6620952505066535 -2.9186682407907 -2.382583554891011
8.160049999994321 0.24998602234656858 -4.064133922663479 -2.95015676380335 -2.9293903926342044
8.180049999994274 0.27528417572148495 -3.449021172161115 -2.9806945906930187 -3.3815358449884783
8.200049999994228 0.3289018825752926 -2.834808041557067 -3.016471874461649 -3.725760675119838
8.220049999994181 0.4112959734239462 -2.237880614315429 -3.060316305999189 -3.9478441468870162
8.240049999994135 0.5237778378460459 -1.673524695380933 -3.11426348789954 -4.032481180477719
8.260049999994088 0.6711282549701448 -1.1591650059700795 -3.1796985108504403 -4.013804244003945
8.280049999994041 0.8638601292550687 -0.7422701569375889 -3.238474013403232 -3.962353473967372
8.300049999993995 1.1342274842598667 -0.3759254185365741 -3.2208140640587994 -3.8220708993195953
8.320049999993948 1.5082504601987519 -0.12264354021423567 -3.0535626616477076 -3.6794391785742597
8.340049999993902 2.0511925434432885 0.0429673158375939 -2.7347016338751424 -3.3630053315682824
8.360049999993855 2.7650394719728664 0.22509274883685973 -2.401843661135197 -2.6961084206906683
8.380049999993808 3.5802594716054106 0.45106476895573555 -2.1711121493268575 -1.7416816437470903
8.400049999993762 4.414146001039109 0.7118215743351496 -2.1378255054869717 -0.6969823303263696
8.420049999993715 5.178204158323892 0.9798957167458403 -2.2944391568886755 0.18659584878629734
8.440049999993668 5.797187242602311 1.2499042407879966 -2.591215397233788 0.683621706043354
8.460049999993622 6.063535692437295 1.4596094452801138 -2.801678646307615 0.8589174502336672
8.480049999993575 5.825817382484787 1.5873337906746778 -2.724515994214596 0.7832267445493054
8.500049999993529 5.1433427589074086 1.6219565537342897 -2.3545338943551393 0.4836781561830167
8.520049999993482 4.138031935397256 1.56822541161865 -1.7199732945622228 0.011130588933992406
8.540049999993435 2.92163605785678 1.5262443849847604 -0.8525754173006984 -0.48928696359022317
8.560049999993389 1.5861585125212756 1.5425541047763045 0.18758191466689966 -0.9685681001821245
8.580049999993342 0.23606929723919073 1.636979862234679 1.3833307887467623 -1.3878058937632338
8.600049999993296 -0.9564420365247188 1.7384970673009092 2.5276838046243015 -1.6872160867381711
8.620049999993249 -2.0853713826419678 1.7504435461057433 3.4112978148612307 -1.8636949633486641
8.640049999993202 -3.1248569873504746 1.7081474435353146 3.9804008529697557 -1.9742584652086719
8.660049999993156 -4.043155660370596 1.639233081819869 4.31852593938657 -2.056033657269745
8.680049999993109 -4.829968282943415 1.5468583592298515 4.463188726339808 -2.1131507256763333
8.700049999993062 -5.484774782626863 1.4403001685881853 4.444631349881314 -2.1646668404266483
8.720049999993016 -6.009682973545397 1.323060073284016 4.2846736205291505 -2.218521992932806
8.74004999999297 -6.407602934732508 1.1979038173481034 4.002072187362525 -2.277393883340915
8.760049999992923 -6.682527537338264 1.0682105152113681 3.614435245276123 -2.3428294986950293
8.780049999992876 -6.838703149703958 0.9370227605965735 3.138397446527589 -2.4134834316009126
8.80004999999283 -6.880858798082248 0.8077191528505189 2.5905613928455247 -2.4871882664210827
8.820049999992783 -6.814438523320941 0.6837381867314379 1.9876413746661497 -2.561363614690865
8.840049999992736 -6.645849296087631 0.5684257333056465 1.3465655665682599 -2.6333775215807917
8.86004999999269 -6.382787590000774 0.4649441257842326 0.6844839682524464 -2.700976267724473
8.880049999992643 -6.0311607186821 0.37633524023336956 -0.0023656953443252564 -2.7635404685778244
8.900049999992596 -5.604648945827009 0.3021276319146447 -0.7701661798389066 -2.824794018038261
8.92004999999255 -5.122428120352015 0.24516961182038158 -1.474311423862371 -2.869747695329238
8.940049999992503 -4.591491441900915 0.21382014614054054 -2.095049291440493 -2.9082767271454073
8.960049999992457 -4.026777143508728 0.2059330285995196 -2.631976183382018 -2.9392664041416894
8.98004999999241 -3.4435368381540634 0.2224914477370533 -3.077630167006521 -2.966004963270242
9.000049999992363 -2.8585611689744796 0.2659967286272824 -3.4212705987556435 -2.9969938810254515
9.020049999992317 -2.287556385107384 0.33644983222118235 -3.6499664938634524 -3.034565297928838
9.04004999999227 -1.7444028514720065 0.43497653500725464 -3.751005762330257 -3.081098316158773
9.060049999992223 -1.2458177102069408 0.5639977082056664 -3.7593895601424996 -3.1362061496653304
9.080049999992177 -0.822872379422074 0.7335048272781662 -3.7263213772854322 -3.1900430973628207
9.10004999999213 -0.4608116842554153 0.9755104589096221 -3.5833941675949594 -3.188418975596853
9.120049999992084 -0.21746023626466 1.3042686648505502 -3.525506944775187 -3.0516040071720787
9.140049999992037 -0.038108860042930404 1.784068194250026 -3.3192003312910114 -2.7390968406334495
9.16004999999199 0.16334425735083885 2.4307616573012365 -2.769247683396062 -2.3912108128892053
9.180049999991944 0.40919079258365554 3.1739740609433915 -1.9340919559729288 -2.119257799491338
9.200049999991897 0.6855160976010597 3.9386030331474964 -0.9898758594273518 -2.0201507196182518
9.22004999999185 0.9652439858475653 4.6385562859863265 -0.19234586188942487 -2.1010494166355724
9.240049999991804 1.220391814098775 5.205423922132238 0.2796612941799931 -2.3144359257338745
9.260049999991757 1.4067192365479368 5.442874184733963 0.45134196765963364 -2.443821833501014
9.28004999999171 1.4924912743966647 5.2165317222737 0.38637883689940866 -2.3137666609974565
9.300049999991664 1.4840754686795736 4.583213357299083 0.12600269211720128 -1.9276963913599108
9.320049999991618 1.4329907863471634 3.6425626454668434 -0.24414327855922932 -1.3126023918499916
9.340049999991571 1.394515739650954 2.4853823058275717 -0.6715651258364987 -0.4986070954546817
9.360049999991524 1.4119157260869817 1.1852537850765816 -1.0976613062171334 0.5116948703999658
9.380049999991478 1.5021239341470416 -0.10325682891011595 -1.4673500824684453 1.592980886532956
9.400049999991431 1.6072487282841723 -1.2510566954957418 -1.7599480231983218 2.6282305580320804
9.420049999991384 1.6185132297798215 -2.342349847824326 -1.9288640689821133 3.404125678174701
9.440049999991338 1.5795151917262034 -3.336388960658015 -2.0304250227308422 3.8937728037763133
9.460049999991291 1.5168070375146625 -4.210711098993637 -2.1076496560050666 4.171251170200857
9.480049999991245 1.4309444440705865 -4.955661216844882 -2.1595162908948073 4.267593460935692
9.500049999991198 1.3321611143516636 -5.571632936599866 -2.207149943890305 4.2105627218634645
9.520049999991151 1.2233512738964099 -6.060587017308599 -2.257393607102995 4.0194147975826535
9.540049999991105 1.10722933279327 -6.424908979979228 -2.3125560913365932 3.711423356836351
9.560049999991058 0.9871553334115293 -6.668143851875434 -2.374197819647814 3.3031701077270292
9.580049999991012 0.866045959318664 -6.794064674032135 -2.4408262202483617 2.8105459370234818
9.600049999990965 0.7472174810608014 -6.8070912056182005 -2.5103560589892453 2.2496999246311185
9.620049999990918 0.6340232029657468 -6.712532836967126 -2.5803102006327876 1.6370397189885073
9.640049999990872 0.5297385970110821 -6.516838166907838 -2.6481907179811612 0.989302075100449
9.660049999990825 0.4374774308074126 -6.227911975918026 -2.7118957404137194 0.3235179480237891
9.680049999990779 0.3595059397665335 -5.846961245455749 -2.7754224294441516 -0.4332695339836695
9.700049999990732 0.2943001028438508 -5.404992811401547 -2.828825478701696 -1.1844317290872795
9.720049999990685 0.25209567941328026 -4.902263354608119 -2.8711488314848768 -1.8599500710712094
9.740049999990639 0.2340009316702241 -4.354381923468685 -2.9081850204458415 -2.4593788418700337
9.760049999990592 0.23879527728871078 -3.7754916207981277 -2.9372717212560633 -2.977448978092996
9.780049999990545 0.2695973708412745 -3.182447089678392 -2.9672723868718323 -3.4039855764422784
9.800049999990499 0.3274941463852134 -2.592425648537444 -3.0030361388812743 -3.7255167110061724
9.820049999990452 0.41298300222158574 -2.0208818202887606 -3.046830309111981 -3.9280917244106988
9.840049999990406 0.5276715832810691 -1.4823027855623336 -3.1005575624469706 -3.9966244162238
9.860049999990359 0.6769342027496142 -0.9930411552013088 -3.165949876149102 -3.9639211759214787
9.880049999990312 0.8725702795726387 -0.5899934836077874 -3.2282532402244177 -3.904758185337959
9.900049999990266 1.1458558471621016 -0.2177350826369876 -3.218257827827696 -3.736107927529359
9.92004999999022 1.510543556080732 0.0167140870014225 -3.069212176857356 -3.5469391224929248
9.940049999990173 2.0357692073720517 0.17333932140055033 -2.7683262891383857 -3.241072055876991
9.960049999990126 2.7290912280377184 0.3521253891745138 -2.440070460716279 -2.5876509140164594
9.98004999999008 3.5271214102564654 0.5762622838626797 -2.212795590563254 -1.6477052141236816
10.000049999990033 4.346744431598309 0.8332992588171928 -2.180494498063664 -0.6185330582096286
